          29           1
  0.000000  0.000000  0.000000
  60
     1 -68.0523  -0.0000  -0.0000
     2 -33.0303  -0.0000  -0.0000
     3 -33.0302  -0.0000  -0.0000
     4 -33.0302  -0.0000  -0.0000
     5 -13.4552   0.0000   0.0000
     6   7.5017   0.0000   0.0000
     7   7.5019   0.0000   0.0000
     8   7.5019   0.0000  -0.0000
     9  19.5179   0.0000  -0.0000
    10  28.0703   0.0000   0.0000
    11  28.0703   0.0000   0.0000
    12  28.0703   0.0000   0.0000
    13  32.9796   0.0000   0.0000
    14  35.8257   0.0000   0.0000
    15  35.8257   0.0000  -0.0000
    16  43.5643   0.0000   0.0000
    17  43.5652   0.0000   0.0000
    18  43.5653   0.0000   0.0000
    19  60.6291   0.0000   0.0000
    20  60.6293   0.0000   0.0000
    21  60.6294   0.0000  -0.0000
    22  64.1957   0.0000  -0.0000
    23  74.3837   0.0000  -0.0000
    24  74.3837   0.0000   0.0000
    25  74.3837   0.0000   0.0000
    26  80.9185   0.0000  -0.0000
    27  80.9185   0.0000   0.0000
    28  81.9612   0.0000   0.0000
    29  81.9612   0.0000   0.0000
    30  81.9612   0.0000   0.0000
    31  95.1195   0.0000  -0.0000
    32  95.1195   0.0000  -0.0000
    33  95.3922   0.0000  -0.0000
    34 104.8471   0.0000   0.0000
    35 104.8471   0.0000  -0.0000
    36 104.8471   0.0000  -0.0000
    37 106.0819   0.0000  -0.0000
    38 106.0919   0.0000   0.0000
    39 106.0921   0.0000  -0.0000
    40 112.3063   0.0000   0.0000
    41 112.3065   0.0000   0.0000
    42 112.3065   0.0000  -0.0000
    43 114.1320   0.0000  -0.0000
    44 114.1320   0.0000  -0.0000
    45 114.1320   0.0000  -0.0000
    46 115.9985   0.0000   0.0000
    47 115.9985   0.0000   0.0000
    48 115.9985   0.0000   0.0000
    49 116.4027   0.0000  -0.0000
    50 119.4854   0.0000  -0.0000
    51 119.4854   0.0000  -0.0000
    52 119.4854   0.0000  -0.0000
    53 120.4724   0.0000   0.0000
    54 120.4724   0.0000  -0.0000
    55 121.0700   0.0000  -0.0000
    56 121.0700   0.0000   0.0000
    57 121.0700   0.0000   0.0000
    58 122.9209   0.0000   0.0000
    59 125.8556   0.0000   0.0000
    60 136.5693   0.0000   0.0000
  0.125000  0.000000  0.000000
  60
     1 -68.0443  -0.0000  -0.0000
     2 -33.0891  -0.0000   0.0000
     3 -33.0342  -0.0000  -0.0000
     4 -33.0341  -0.0000   0.0000
     5 -13.1197   0.0000   0.0000
     6   6.3539   0.0000   0.0000
     7   7.2951   0.0000  -0.0000
     8   7.2953   0.0000  -0.0000
     9  20.3317   0.0000   0.0000
    10  26.1231   0.0000   0.0000
    11  28.6906   0.0000  -0.0000
    12  28.6906   0.0000  -0.0000
    13  35.3640   0.0000   0.0000
    14  35.3641   0.0000   0.0000
    15  36.4192   0.0000   0.0000
    16  43.1977   0.0000  -0.0000
    17  44.9906   0.0000  -0.0000
    18  44.9911   0.0000   0.0000
    19  58.2589   0.0000   0.0000
    20  59.9453   0.0000  -0.0000
    21  59.9455   0.0000  -0.0000
    22  65.9891   0.0000   0.0000
    23  70.5365   0.0000   0.0000
    24  70.5365   0.0000   0.0000
    25  76.2577   0.0000   0.0000
    26  78.5853   0.0000  -0.0000
    27  78.5853   0.0000  -0.0000
    28  82.4750   0.0000   0.0000
    29  90.2119   0.0000   0.0000
    30  90.2119   0.0000   0.0000
    31  93.6162   0.0000   0.0000
    32  93.6165   0.0000  -0.0000
    33  94.6700   0.0000  -0.0000
    34 100.2475   0.0000   0.0000
    35 101.3039   0.0000  -0.0000
    36 101.3040   0.0000   0.0000
    37 102.4444   0.0000   0.0000
    38 105.7908   0.0000   0.0000
    39 105.7972   0.0000  -0.0000
    40 106.1593   0.0000   0.0000
    41 106.1597   0.0000  -0.0000
    42 107.2872   0.0000  -0.0000
    43 112.5625   0.0000   0.0000
    44 112.8327   0.0000  -0.0000
    45 112.8327   0.0000  -0.0000
    46 114.5848   0.0000  -0.0000
    47 116.4105   0.0000   0.0000
    48 118.6735   0.0000   0.0000
    49 118.6736   0.0000   0.0000
    50 121.5298   0.0000  -0.0000
    51 121.5332   0.0000  -0.0000
    52 122.8883   0.0000   0.0000
    53 122.8883   0.0000   0.0000
    54 123.8711   0.0000  -0.0000
    55 124.4688   0.0000  -0.0000
    56 127.0197   0.0000  -0.0000
    57 130.7426   0.0000   0.0000
    58 131.2481   0.0000  -0.0000
    59 131.2483   0.0000  -0.0000
    60 136.4241   0.0000  -0.0000
  0.250000  0.000000  0.000000
  60
     1 -68.0251  -0.0000   0.0000
     2 -33.2282  -0.0000  -0.0000
     3 -33.0435  -0.0000  -0.0000
     4 -33.0435  -0.0000   0.0000
     5 -12.2264   0.0000  -0.0000
     6   3.8939   0.0000  -0.0000
     7   6.8247   0.0000   0.0000
     8   6.8247   0.0000  -0.0000
     9  21.1231   0.0000   0.0000
    10  25.3231   0.0000   0.0000
    11  29.9920   0.0000   0.0000
    12  29.9920   0.0000  -0.0000
    13  35.2171   0.0000   0.0000
    14  35.2171   0.0000  -0.0000
    15  39.5241   0.0000   0.0000
    16  44.8952   0.0000   0.0000
    17  48.0505   0.0000  -0.0000
    18  48.0505   0.0000  -0.0000
    19  55.2239   0.0000  -0.0000
    20  56.8149   0.0000   0.0000
    21  56.8149   0.0000  -0.0000
    22  66.9022   0.0000  -0.0000
    23  66.9022   0.0000   0.0000
    24  68.8907   0.0000  -0.0000
    25  79.5589   0.0000   0.0000
    26  79.7219   0.0000  -0.0000
    27  79.7219   0.0000   0.0000
    28  84.0131   0.0000   0.0000
    29  87.5300   0.0000  -0.0000
    30  87.5301   0.0000  -0.0000
    31  88.9863   0.0000  -0.0000
    32  93.0471   0.0000   0.0000
    33  95.4974   0.0000   0.0000
    34  95.4974   0.0000   0.0000
    35  98.9648   0.0000  -0.0000
    36  99.1049   0.0000  -0.0000
    37  99.1049   0.0000   0.0000
    38 100.6221   0.0000   0.0000
    39 103.1692   0.0000  -0.0000
    40 103.1692   0.0000   0.0000
    41 106.0410   0.0000  -0.0000
    42 106.0410   0.0000   0.0000
    43 110.5949   0.0000   0.0000
    44 110.8481   0.0000   0.0000
    45 110.8481   0.0000  -0.0000
    46 113.0328   0.0000  -0.0000
    47 120.2829   0.0000  -0.0000
    48 121.3880   0.0000   0.0000
    49 121.3881   0.0000  -0.0000
    50 123.4927   0.0000   0.0000
    51 126.1676   0.0000   0.0000
    52 126.1690   0.0000  -0.0000
    53 131.8853   0.0000  -0.0000
    54 131.8886   0.0000   0.0000
    55 133.6217   0.0000   0.0000
    56 134.8357   0.0000   0.0000
    57 137.1523   0.0000  -0.0000
    58 137.1523   0.0000  -0.0000
    59 139.5794   0.0000   0.0000
    60 145.2487   0.0000  -0.0000
  0.375000  0.000000  0.000000
  60
     1 -68.0059  -0.0000  -0.0000
     2 -33.3632  -0.0000   0.0000
     3 -33.0528  -0.0000  -0.0000
     4 -33.0528  -0.0000  -0.0000
     5 -11.1556   0.0000   0.0000
     6   1.5753   0.0000   0.0000
     7   6.3883   0.0000   0.0000
     8   6.3883   0.0000   0.0000
     9  20.6860   0.0000  -0.0000
    10  26.7224   0.0000  -0.0000
    11  30.6457   0.0000  -0.0000
    12  30.6457   0.0000   0.0000
    13  36.8646   0.0000   0.0000
    14  36.8646   0.0000  -0.0000
    15  38.8118   0.0000  -0.0000
    16  47.9854   0.0000   0.0000
    17  50.2423   0.0000   0.0000
    18  50.2423   0.0000   0.0000
    19  52.5777   0.0000  -0.0000
    20  52.5777   0.0000  -0.0000
    21  56.8508   0.0000  -0.0000
    22  67.5067   0.0000  -0.0000
    23  67.5067   0.0000   0.0000
    24  71.5146   0.0000   0.0000
    25  76.9042   0.0000   0.0000
    26  79.9015   0.0000   0.0000
    27  79.9015   0.0000  -0.0000
    28  82.2111   0.0000  -0.0000
    29  82.2111   0.0000   0.0000
    30  83.6742   0.0000  -0.0000
    31  86.5529   0.0000   0.0000
    32  88.5301   0.0000   0.0000
    33  90.2562   0.0000  -0.0000
    34  90.2562   0.0000  -0.0000
    35  94.9977   0.0000  -0.0000
    36  98.7562   0.0000   0.0000
    37  98.7562   0.0000  -0.0000
    38  98.9070   0.0000   0.0000
    39 104.1610   0.0000   0.0000
    40 104.1610   0.0000   0.0000
    41 110.0885   0.0000   0.0000
    42 111.7228   0.0000   0.0000
    43 111.7228   0.0000   0.0000
    44 112.4909   0.0000   0.0000
    45 113.8181   0.0000  -0.0000
    46 113.8181   0.0000   0.0000
    47 120.0431   0.0000   0.0000
    48 120.6015   0.0000   0.0000
    49 120.6015   0.0000  -0.0000
    50 128.4618   0.0000   0.0000
    51 133.7277   0.0000  -0.0000
    52 133.7277   0.0000   0.0000
    53 136.6412   0.0000  -0.0000
    54 139.4959   0.0000   0.0000
    55 139.4959   0.0000   0.0000
    56 141.3962   0.0000   0.0000
    57 141.3962   0.0000   0.0000
    58 142.3118   0.0000  -0.0000
    59 142.3118   0.0000  -0.0000
    60 142.5717   0.0000   0.0000
  0.500000  0.000000  0.000000
  60
     1 -67.9979  -0.0000  -0.0000
     2 -33.4180  -0.0000   0.0000
     3 -33.0567  -0.0000  -0.0000
     4 -33.0567  -0.0000   0.0000
     5 -10.6273   0.0000   0.0000
     6   0.5906   0.0000  -0.0000
     7   6.2161   0.0000   0.0000
     8   6.2161   0.0000  -0.0000
     9  20.4351   0.0000   0.0000
    10  27.5428   0.0000   0.0000
    11  30.7091   0.0000   0.0000
    12  30.7091   0.0000  -0.0000
    13  38.3425   0.0000  -0.0000
    14  38.4531   0.0000  -0.0000
    15  38.4531   0.0000   0.0000
    16  47.7822   0.0000  -0.0000
    17  48.5266   0.0000   0.0000
    18  48.5266   0.0000  -0.0000
    19  52.7474   0.0000   0.0000
    20  52.7474   0.0000   0.0000
    21  63.9745   0.0000  -0.0000
    22  66.0958   0.0000  -0.0000
    23  69.7247   0.0000   0.0000
    24  69.7247   0.0000  -0.0000
    25  75.2471   0.0000   0.0000
    26  75.2471   0.0000   0.0000
    27  76.7238   0.0000   0.0000
    28  80.6069   0.0000  -0.0000
    29  84.7030   0.0000  -0.0000
    30  84.7030   0.0000  -0.0000
    31  86.7396   0.0000   0.0000
    32  86.7396   0.0000   0.0000
    33  88.5613   0.0000  -0.0000
    34  89.3847   0.0000   0.0000
    35  91.1370   0.0000   0.0000
    36  98.2855   0.0000   0.0000
    37  98.2855   0.0000   0.0000
    38  99.0274   0.0000  -0.0000
    39 103.8901   0.0000   0.0000
    40 103.8901   0.0000  -0.0000
    41 110.3627   0.0000  -0.0000
    42 111.9858   0.0000   0.0000
    43 113.3133   0.0000  -0.0000
    44 113.3133   0.0000  -0.0000
    45 116.0087   0.0000   0.0000
    46 116.0087   0.0000  -0.0000
    47 119.9679   0.0000  -0.0000
    48 127.9699   0.0000  -0.0000
    49 127.9699   0.0000   0.0000
    50 128.6544   0.0000   0.0000
    51 128.6544   0.0000  -0.0000
    52 132.5476   0.0000   0.0000
    53 136.3993   0.0000  -0.0000
    54 138.2909   0.0000  -0.0000
    55 140.2370   0.0000   0.0000
    56 140.2370   0.0000   0.0000
    57 145.0420   0.0000  -0.0000
    58 145.0420   0.0000  -0.0000
    59 148.7448   0.0000  -0.0000
    60 148.7453   0.0000   0.0000
  0.125000  0.125000  0.000000
  60
     1 -68.0417  -0.0000  -0.0000
     2 -33.0849  -0.0000   0.0000
     3 -33.0468  -0.0000   0.0000
     4 -33.0468  -0.0000   0.0000
     5 -13.0172   0.0000   0.0000
     6   6.2439   0.0000   0.0000
     7   7.1241   0.0000   0.0000
     8   7.1241   0.0000   0.0000
     9  20.6637   0.0000  -0.0000
    10  25.0842   0.0000   0.0000
    11  29.2474   0.0000  -0.0000
    12  29.2474   0.0000  -0.0000
    13  33.9488   0.0000  -0.0000
    14  36.4717   0.0000  -0.0000
    15  37.3319   0.0000  -0.0000
    16  44.1645   0.0000  -0.0000
    17  44.1645   0.0000   0.0000
    18  45.4815   0.0000   0.0000
    19  58.4181   0.0000   0.0000
    20  59.2261   0.0000  -0.0000
    21  59.2261   0.0000  -0.0000
    22  66.8297   0.0000  -0.0000
    23  71.2227   0.0000  -0.0000
    24  71.7205   0.0000  -0.0000
    25  71.7205   0.0000  -0.0000
    26  74.9404   0.0000   0.0000
    27  81.8891   0.0000   0.0000
    28  87.5442   0.0000   0.0000
    29  87.5442   0.0000  -0.0000
    30  92.7232   0.0000   0.0000
    31  92.8799   0.0000  -0.0000
    32  94.4163   0.0000  -0.0000
    33  95.4009   0.0000  -0.0000
    34  96.5262   0.0000  -0.0000
    35  96.5262   0.0000   0.0000
    36 101.1952   0.0000   0.0000
    37 103.5230   0.0000  -0.0000
    38 103.5230   0.0000  -0.0000
    39 106.0692   0.0000  -0.0000
    40 106.1134   0.0000  -0.0000
    41 109.9665   0.0000   0.0000
    42 109.9665   0.0000   0.0000
    43 111.2119   0.0000   0.0000
    44 111.2119   0.0000  -0.0000
    45 111.6853   0.0000   0.0000
    46 112.9749   0.0000  -0.0000
    47 116.3702   0.0000  -0.0000
    48 116.6231   0.0000  -0.0000
    49 120.5144   0.0000   0.0000
    50 121.7424   0.0000   0.0000
    51 121.7424   0.0000  -0.0000
    52 122.9992   0.0000  -0.0000
    53 123.6190   0.0000  -0.0000
    54 123.6190   0.0000  -0.0000
    55 124.8689   0.0000  -0.0000
    56 129.9580   0.0000   0.0000
    57 129.9580   0.0000  -0.0000
    58 133.1206   0.0000  -0.0000
    59 136.8152   0.0000   0.0000
    60 137.0593   0.0000  -0.0000
  0.250000  0.125000  0.000000
  60
     1 -68.0263  -0.0000   0.0000
     2 -33.1859  -0.0000  -0.0000
     3 -33.0624  -0.0000  -0.0000
     4 -33.0547  -0.0000   0.0000
     5 -12.3341   0.0000  -0.0000
     6   4.4912   0.0000  -0.0000
     7   6.6476   0.0000  -0.0000
     8   6.6950   0.0000   0.0000
     9  21.7804   0.0000  -0.0000
    10  23.8169   0.0000  -0.0000
    11  30.2728   0.0000  -0.0000
    12  30.5601   0.0000  -0.0000
    13  32.9415   0.0000   0.0000
    14  36.8966   0.0000  -0.0000
    15  40.9980   0.0000  -0.0000
    16  44.8173   0.0000  -0.0000
    17  46.1324   0.0000  -0.0000
    18  47.9408   0.0000  -0.0000
    19  55.3146   0.0000  -0.0000
    20  56.4163   0.0000  -0.0000
    21  59.3424   0.0000  -0.0000
    22  66.3424   0.0000  -0.0000
    23  66.4030   0.0000  -0.0000
    24  70.4816   0.0000  -0.0000
    25  72.9014   0.0000   0.0000
    26  77.8462   0.0000   0.0000
    27  81.8195   0.0000  -0.0000
    28  87.1648   0.0000   0.0000
    29  89.2960   0.0000  -0.0000
    30  90.1972   0.0000  -0.0000
    31  91.4411   0.0000   0.0000
    32  92.8859   0.0000  -0.0000
    33  93.1283   0.0000  -0.0000
    34  95.6280   0.0000  -0.0000
    35  96.4187   0.0000   0.0000
    36  98.5970   0.0000  -0.0000
    37 100.3245   0.0000   0.0000
    38 100.3930   0.0000   0.0000
    39 102.9762   0.0000  -0.0000
    40 103.5938   0.0000   0.0000
    41 106.1854   0.0000   0.0000
    42 107.9069   0.0000  -0.0000
    43 108.8900   0.0000  -0.0000
    44 110.6999   0.0000  -0.0000
    45 114.1598   0.0000   0.0000
    46 117.5159   0.0000  -0.0000
    47 118.8104   0.0000   0.0000
    48 119.5211   0.0000   0.0000
    49 119.8646   0.0000   0.0000
    50 122.4011   0.0000   0.0000
    51 122.5492   0.0000  -0.0000
    52 124.8481   0.0000  -0.0000
    53 124.8608   0.0000   0.0000
    54 132.3765   0.0000   0.0000
    55 134.1526   0.0000   0.0000
    56 137.3052   0.0000  -0.0000
    57 138.2060   0.0000   0.0000
    58 138.8529   0.0000   0.0000
    59 138.9031   0.0000  -0.0000
    60 142.7020   0.0000   0.0000
  0.375000  0.125000  0.000000
  60
     1 -68.0071  -0.0000  -0.0000
     2 -33.3132  -0.0000   0.0000
     3 -33.0719  -0.0000   0.0000
     4 -33.0696  -0.0000   0.0000
     5 -11.3415   0.0000   0.0000
     6   2.3551   0.0000  -0.0000
     7   5.9974   0.0000   0.0000
     8   6.2783   0.0000  -0.0000
     9  21.5301   0.0000   0.0000
    10  25.2113   0.0000   0.0000
    11  30.1071   0.0000  -0.0000
    12  31.3654   0.0000  -0.0000
    13  34.3497   0.0000   0.0000
    14  38.1222   0.0000   0.0000
    15  41.1094   0.0000   0.0000
    16  48.3832   0.0000   0.0000
    17  49.3244   0.0000  -0.0000
    18  49.4201   0.0000  -0.0000
    19  51.4741   0.0000   0.0000
    20  55.0817   0.0000  -0.0000
    21  58.4902   0.0000  -0.0000
    22  64.3896   0.0000   0.0000
    23  65.9324   0.0000  -0.0000
    24  73.0656   0.0000   0.0000
    25  74.9351   0.0000   0.0000
    26  77.4685   0.0000  -0.0000
    27  80.4893   0.0000  -0.0000
    28  82.4161   0.0000   0.0000
    29  82.7718   0.0000   0.0000
    30  84.6802   0.0000   0.0000
    31  88.0145   0.0000   0.0000
    32  90.0598   0.0000   0.0000
    33  91.8550   0.0000   0.0000
    34  92.6800   0.0000   0.0000
    35  95.3691   0.0000  -0.0000
    36  97.9137   0.0000  -0.0000
    37  98.4128   0.0000  -0.0000
    38 100.8037   0.0000   0.0000
    39 101.7731   0.0000   0.0000
    40 104.2352   0.0000   0.0000
    41 107.8971   0.0000   0.0000
    42 109.9732   0.0000   0.0000
    43 111.7161   0.0000  -0.0000
    44 112.8282   0.0000   0.0000
    45 116.2401   0.0000  -0.0000
    46 116.3709   0.0000   0.0000
    47 119.3074   0.0000   0.0000
    48 122.2061   0.0000  -0.0000
    49 122.3617   0.0000  -0.0000
    50 125.7287   0.0000  -0.0000
    51 128.6089   0.0000  -0.0000
    52 129.7150   0.0000   0.0000
    53 133.0119   0.0000   0.0000
    54 133.6952   0.0000  -0.0000
    55 139.4838   0.0000   0.0000
    56 140.3139   0.0000   0.0000
    57 140.4094   0.0000  -0.0000
    58 144.6957   0.0000  -0.0000
    59 146.2763   0.0000  -0.0000
    60 146.6994   0.0000  -0.0000
  0.500000  0.125000  0.000000
  60
     1 -67.9953  -0.0000   0.0000
     2 -33.3882  -0.0000   0.0000
     3 -33.0880  -0.0000  -0.0000
     4 -33.0697  -0.0000  -0.0000
     5 -10.6109   0.0000  -0.0000
     6   1.0087   0.0000   0.0000
     7   5.5379   0.0000  -0.0000
     8   6.0929   0.0000  -0.0000
     9  21.2609   0.0000  -0.0000
    10  26.6561   0.0000  -0.0000
    11  29.8085   0.0000   0.0000
    12  31.4298   0.0000  -0.0000
    13  36.6090   0.0000   0.0000
    14  38.9825   0.0000   0.0000
    15  40.6045   0.0000   0.0000
    16  48.0126   0.0000   0.0000
    17  48.0669   0.0000  -0.0000
    18  49.4750   0.0000   0.0000
    19  52.9181   0.0000   0.0000
    20  54.5851   0.0000  -0.0000
    21  62.4860   0.0000   0.0000
    22  67.4060   0.0000   0.0000
    23  68.4775   0.0000   0.0000
    24  68.8867   0.0000  -0.0000
    25  72.8555   0.0000   0.0000
    26  75.6031   0.0000  -0.0000
    27  77.6485   0.0000   0.0000
    28  78.1887   0.0000  -0.0000
    29  82.0644   0.0000   0.0000
    30  83.3460   0.0000   0.0000
    31  84.2438   0.0000   0.0000
    32  88.1312   0.0000   0.0000
    33  89.7401   0.0000   0.0000
    34  93.4486   0.0000   0.0000
    35  94.8117   0.0000  -0.0000
    36  97.9858   0.0000  -0.0000
    37  98.4007   0.0000  -0.0000
    38  99.0072   0.0000   0.0000
    39 102.7179   0.0000   0.0000
    40 102.7987   0.0000  -0.0000
    41 106.4277   0.0000  -0.0000
    42 111.0270   0.0000   0.0000
    43 116.1311   0.0000   0.0000
    44 116.4058   0.0000  -0.0000
    45 116.9771   0.0000  -0.0000
    46 120.2662   0.0000   0.0000
    47 121.5826   0.0000  -0.0000
    48 125.7668   0.0000  -0.0000
    49 128.6615   0.0000   0.0000
    50 129.1850   0.0000   0.0000
    51 129.2437   0.0000   0.0000
    52 131.2112   0.0000  -0.0000
    53 135.6399   0.0000   0.0000
    54 137.3892   0.0000   0.0000
    55 137.9679   0.0000   0.0000
    56 138.3408   0.0000  -0.0000
    57 142.0252   0.0000   0.0000
    58 143.2200   0.0000   0.0000
    59 144.5537   0.0000  -0.0000
    60 146.7085   0.0000  -0.0000
 -0.375000  0.125000  0.000000
  60
     1 -67.9980  -0.0000  -0.0000
     2 -33.3713  -0.0000  -0.0000
     3 -33.0978  -0.0000  -0.0000
     4 -33.0571  -0.0000  -0.0000
     5 -10.7724   0.0000   0.0000
     6   1.3173   0.0000  -0.0000
     7   5.4819   0.0000  -0.0000
     8   6.2295   0.0000   0.0000
     9  21.4347   0.0000  -0.0000
    10  26.3870   0.0000   0.0000
    11  29.9457   0.0000   0.0000
    12  31.3897   0.0000   0.0000
    13  36.4441   0.0000  -0.0000
    14  37.6442   0.0000   0.0000
    15  40.8253   0.0000   0.0000
    16  48.1172   0.0000   0.0000
    17  49.3693   0.0000   0.0000
    18  49.8689   0.0000   0.0000
    19  51.6649   0.0000   0.0000
    20  55.4138   0.0000  -0.0000
    21  59.9684   0.0000   0.0000
    22  65.0891   0.0000   0.0000
    23  68.4562   0.0000  -0.0000
    24  71.6155   0.0000  -0.0000
    25  74.7823   0.0000   0.0000
    26  76.4850   0.0000  -0.0000
    27  77.9900   0.0000   0.0000
    28  78.8714   0.0000   0.0000
    29  82.7699   0.0000   0.0000
    30  82.8889   0.0000  -0.0000
    31  83.7473   0.0000   0.0000
    32  88.1703   0.0000   0.0000
    33  90.0414   0.0000  -0.0000
    34  93.2136   0.0000  -0.0000
    35  94.2047   0.0000   0.0000
    36  98.4549   0.0000  -0.0000
    37  99.6335   0.0000   0.0000
    38 100.4299   0.0000  -0.0000
    39 102.7429   0.0000  -0.0000
    40 103.1900   0.0000  -0.0000
    41 104.5291   0.0000   0.0000
    42 112.0557   0.0000   0.0000
    43 114.0283   0.0000   0.0000
    44 116.3933   0.0000  -0.0000
    45 116.4073   0.0000   0.0000
    46 119.8616   0.0000   0.0000
    47 120.0474   0.0000  -0.0000
    48 124.6400   0.0000  -0.0000
    49 126.2612   0.0000  -0.0000
    50 128.0105   0.0000   0.0000
    51 131.1177   0.0000   0.0000
    52 133.2688   0.0000   0.0000
    53 135.1717   0.0000  -0.0000
    54 136.0435   0.0000   0.0000
    55 137.5786   0.0000   0.0000
    56 140.3888   0.0000   0.0000
    57 141.0876   0.0000  -0.0000
    58 142.3745   0.0000   0.0000
    59 144.7744   0.0000  -0.0000
    60 146.9307   0.0000   0.0000
 -0.250000  0.125000  0.000000
  60
     1 -68.0134  -0.0000   0.0000
     2 -33.2740  -0.0000  -0.0000
     3 -33.0908  -0.0000  -0.0000
     4 -33.0415  -0.0000  -0.0000
     5 -11.6675   0.0000  -0.0000
     6   3.0562   0.0000  -0.0000
     7   5.8772   0.0000  -0.0000
     8   6.6290   0.0000   0.0000
     9  21.9248   0.0000  -0.0000
    10  24.7975   0.0000   0.0000
    11  30.2602   0.0000  -0.0000
    12  30.9799   0.0000   0.0000
    13  33.9477   0.0000   0.0000
    14  36.7296   0.0000   0.0000
    15  41.3956   0.0000  -0.0000
    16  46.6422   0.0000   0.0000
    17  49.0159   0.0000   0.0000
    18  49.7299   0.0000   0.0000
    19  51.6331   0.0000   0.0000
    20  56.4921   0.0000   0.0000
    21  58.7098   0.0000  -0.0000
    22  63.3673   0.0000   0.0000
    23  65.6541   0.0000  -0.0000
    24  72.1714   0.0000  -0.0000
    25  75.7115   0.0000  -0.0000
    26  80.1632   0.0000  -0.0000
    27  80.7169   0.0000  -0.0000
    28  83.1866   0.0000   0.0000
    29  85.4584   0.0000  -0.0000
    30  86.5682   0.0000  -0.0000
    31  87.3437   0.0000  -0.0000
    32  90.6853   0.0000   0.0000
    33  91.9601   0.0000   0.0000
    34  92.2318   0.0000   0.0000
    35  94.9574   0.0000  -0.0000
    36  99.1997   0.0000   0.0000
    37 100.4716   0.0000   0.0000
    38 102.0591   0.0000   0.0000
    39 103.2495   0.0000   0.0000
    40 104.0079   0.0000  -0.0000
    41 104.8924   0.0000  -0.0000
    42 107.9931   0.0000   0.0000
    43 109.7578   0.0000   0.0000
    44 111.9530   0.0000  -0.0000
    45 114.0817   0.0000  -0.0000
    46 117.7183   0.0000  -0.0000
    47 119.5746   0.0000  -0.0000
    48 122.6071   0.0000  -0.0000
    49 123.5216   0.0000  -0.0000
    50 123.7987   0.0000   0.0000
    51 125.4494   0.0000   0.0000
    52 131.2866   0.0000  -0.0000
    53 131.4327   0.0000  -0.0000
    54 134.5393   0.0000  -0.0000
    55 135.3832   0.0000  -0.0000
    56 136.2041   0.0000   0.0000
    57 140.4902   0.0000   0.0000
    58 141.6576   0.0000   0.0000
    59 144.7900   0.0000   0.0000
    60 145.2434   0.0000  -0.0000
 -0.125000  0.125000  0.000000
  60
     1 -68.0326  -0.0000  -0.0000
     2 -33.1563  -0.0000  -0.0000
     3 -33.0649  -0.0000  -0.0000
     4 -33.0319  -0.0000  -0.0000
     5 -12.6065   0.0000   0.0000
     6   5.1014   0.0000  -0.0000
     7   6.6432   0.0000  -0.0000
     8   7.0800   0.0000   0.0000
     9  21.3804   0.0000  -0.0000
    10  24.6507   0.0000  -0.0000
    11  29.4710   0.0000  -0.0000
    12  29.8721   0.0000  -0.0000
    13  34.0805   0.0000   0.0000
    14  35.8454   0.0000  -0.0000
    15  39.6903   0.0000   0.0000
    16  44.2029   0.0000  -0.0000
    17  45.2370   0.0000   0.0000
    18  47.5315   0.0000  -0.0000
    19  55.2901   0.0000   0.0000
    20  58.5990   0.0000  -0.0000
    21  60.1256   0.0000  -0.0000
    22  65.0696   0.0000   0.0000
    23  68.0130   0.0000  -0.0000
    24  69.6783   0.0000  -0.0000
    25  75.7551   0.0000  -0.0000
    26  77.9797   0.0000  -0.0000
    27  78.9848   0.0000   0.0000
    28  88.8297   0.0000   0.0000
    29  90.8945   0.0000  -0.0000
    30  91.4608   0.0000   0.0000
    31  91.5398   0.0000  -0.0000
    32  93.8408   0.0000   0.0000
    33  93.9425   0.0000  -0.0000
    34  94.6014   0.0000   0.0000
    35  96.9811   0.0000  -0.0000
    36  98.5387   0.0000  -0.0000
    37  98.7134   0.0000   0.0000
    38 102.7206   0.0000  -0.0000
    39 104.0374   0.0000  -0.0000
    40 105.1033   0.0000  -0.0000
    41 105.8731   0.0000  -0.0000
    42 107.7803   0.0000  -0.0000
    43 108.4182   0.0000   0.0000
    44 112.8014   0.0000   0.0000
    45 113.2253   0.0000  -0.0000
    46 114.2590   0.0000   0.0000
    47 115.6248   0.0000  -0.0000
    48 120.0433   0.0000  -0.0000
    49 122.2714   0.0000  -0.0000
    50 123.5747   0.0000  -0.0000
    51 123.6244   0.0000  -0.0000
    52 124.8279   0.0000  -0.0000
    53 127.5994   0.0000  -0.0000
    54 128.1906   0.0000  -0.0000
    55 129.3204   0.0000   0.0000
    56 132.2860   0.0000   0.0000
    57 132.4561   0.0000  -0.0000
    58 134.9193   0.0000  -0.0000
    59 139.1590   0.0000   0.0000
    60 141.5108   0.0000   0.0000
  0.250000  0.250000  0.000000
  60
     1 -68.0162  -0.0000   0.0000
     2 -33.2024  -0.0000   0.0000
     3 -33.0871  -0.0000  -0.0000
     4 -33.0871  -0.0000  -0.0000
     5 -11.9460   0.0000  -0.0000
     6   3.8674   0.0000   0.0000
     7   6.3396   0.0000  -0.0000
     8   6.3396   0.0000   0.0000
     9  21.7878   0.0000  -0.0000
    10  22.9600   0.0000   0.0000
    11  30.6094   0.0000  -0.0000
    12  32.0583   0.0000   0.0000
    13  32.0583   0.0000  -0.0000
    14  38.3573   0.0000  -0.0000
    15  44.7315   0.0000  -0.0000
    16  46.0521   0.0000  -0.0000
    17  46.0521   0.0000   0.0000
    18  47.8546   0.0000   0.0000
    19  55.8856   0.0000   0.0000
    20  55.8856   0.0000   0.0000
    21  56.5111   0.0000  -0.0000
    22  62.5053   0.0000   0.0000
    23  69.8622   0.0000  -0.0000
    24  69.8622   0.0000  -0.0000
    25  71.9242   0.0000  -0.0000
    26  76.5083   0.0000   0.0000
    27  82.3304   0.0000   0.0000
    28  84.2377   0.0000  -0.0000
    29  84.2377   0.0000  -0.0000
    30  88.4563   0.0000   0.0000
    31  90.8105   0.0000  -0.0000
    32  92.4796   0.0000   0.0000
    33  95.3699   0.0000  -0.0000
    34  95.8584   0.0000   0.0000
    35  95.8584   0.0000   0.0000
    36 100.1652   0.0000   0.0000
    37 100.1652   0.0000  -0.0000
    38 101.8968   0.0000  -0.0000
    39 103.5965   0.0000   0.0000
    40 106.0802   0.0000  -0.0000
    41 106.3640   0.0000   0.0000
    42 107.5365   0.0000   0.0000
    43 107.5365   0.0000  -0.0000
    44 109.7358   0.0000   0.0000
    45 112.9554   0.0000  -0.0000
    46 112.9554   0.0000   0.0000
    47 113.1427   0.0000   0.0000
    48 122.1372   0.0000  -0.0000
    49 124.0681   0.0000  -0.0000
    50 124.0681   0.0000   0.0000
    51 126.5764   0.0000  -0.0000
    52 126.9375   0.0000   0.0000
    53 130.5681   0.0000  -0.0000
    54 130.5681   0.0000  -0.0000
    55 132.2265   0.0000   0.0000
    56 137.8917   0.0000  -0.0000
    57 144.7812   0.0000  -0.0000
    58 144.7812   0.0000   0.0000
    59 144.9696   0.0000  -0.0000
    60 146.0188   0.0000  -0.0000
  0.375000  0.250000  0.000000
  60
     1 -68.0008  -0.0000  -0.0000
     2 -33.2768  -0.0000   0.0000
     3 -33.1116  -0.0000  -0.0000
     4 -33.1031  -0.0000  -0.0000
     5 -11.2242   0.0000  -0.0000
     6   2.6563   0.0000  -0.0000
     7   5.5942   0.0000  -0.0000
     8   5.9828   0.0000  -0.0000
     9  21.2245   0.0000   0.0000
    10  24.2502   0.0000   0.0000
    11  29.0645   0.0000  -0.0000
    12  33.1703   0.0000   0.0000
    13  33.8367   0.0000   0.0000
    14  39.7536   0.0000  -0.0000
    15  45.4629   0.0000  -0.0000
    16  47.7185   0.0000  -0.0000
    17  47.8922   0.0000   0.0000
    18  50.0140   0.0000  -0.0000
    19  52.6089   0.0000  -0.0000
    20  54.7277   0.0000  -0.0000
    21  59.3807   0.0000  -0.0000
    22  61.3796   0.0000   0.0000
    23  65.7067   0.0000   0.0000
    24  69.9584   0.0000   0.0000
    25  75.1758   0.0000   0.0000
    26  76.0972   0.0000   0.0000
    27  78.8424   0.0000  -0.0000
    28  80.3777   0.0000   0.0000
    29  81.6669   0.0000  -0.0000
    30  84.3776   0.0000   0.0000
    31  88.0958   0.0000   0.0000
    32  90.3955   0.0000   0.0000
    33  92.7568   0.0000  -0.0000
    34  95.4202   0.0000  -0.0000
    35  96.1697   0.0000   0.0000
    36  97.0050   0.0000   0.0000
    37 100.5265   0.0000   0.0000
    38 101.8104   0.0000  -0.0000
    39 102.2368   0.0000   0.0000
    40 104.0703   0.0000  -0.0000
    41 108.4963   0.0000   0.0000
    42 110.8355   0.0000   0.0000
    43 111.3586   0.0000  -0.0000
    44 112.4174   0.0000  -0.0000
    45 114.8595   0.0000   0.0000
    46 114.8896   0.0000  -0.0000
    47 117.1241   0.0000  -0.0000
    48 122.8470   0.0000   0.0000
    49 124.3912   0.0000   0.0000
    50 126.5608   0.0000  -0.0000
    51 126.9035   0.0000  -0.0000
    52 131.5541   0.0000  -0.0000
    53 132.1731   0.0000   0.0000
    54 136.2176   0.0000   0.0000
    55 139.9359   0.0000   0.0000
    56 140.6301   0.0000  -0.0000
    57 141.5498   0.0000   0.0000
    58 144.6506   0.0000   0.0000
    59 145.3661   0.0000   0.0000
    60 148.8204   0.0000   0.0000
  0.500000  0.250000  0.000000
  60
     1 -67.9891  -0.0000   0.0000
     2 -33.3268  -0.0000   0.0000
     3 -33.1523  -0.0000   0.0000
     4 -33.1010  -0.0000  -0.0000
     5 -10.5499   0.0000   0.0000
     6   1.8342   0.0000  -0.0000
     7   4.4785   0.0000  -0.0000
     8   5.8122   0.0000  -0.0000
     9  21.7754   0.0000  -0.0000
    10  25.6335   0.0000   0.0000
    11  28.2433   0.0000   0.0000
    12  33.2529   0.0000   0.0000
    13  34.9972   0.0000  -0.0000
    14  40.6380   0.0000  -0.0000
    15  44.8761   0.0000   0.0000
    16  46.6839   0.0000  -0.0000
    17  47.3062   0.0000  -0.0000
    18  51.0011   0.0000   0.0000
    19  53.6756   0.0000  -0.0000
    20  59.2345   0.0000  -0.0000
    21  61.3221   0.0000  -0.0000
    22  64.1715   0.0000  -0.0000
    23  64.2468   0.0000   0.0000
    24  68.6405   0.0000  -0.0000
    25  70.4294   0.0000  -0.0000
    26  74.2185   0.0000   0.0000
    27  75.5397   0.0000  -0.0000
    28  80.0650   0.0000   0.0000
    29  80.5300   0.0000   0.0000
    30  83.9498   0.0000   0.0000
    31  84.8053   0.0000  -0.0000
    32  85.5864   0.0000   0.0000
    33  90.7531   0.0000   0.0000
    34  93.3061   0.0000  -0.0000
    35  95.3918   0.0000  -0.0000
    36  95.8040   0.0000   0.0000
    37  98.1945   0.0000  -0.0000
    38 100.7634   0.0000  -0.0000
    39 104.4165   0.0000   0.0000
    40 104.8029   0.0000  -0.0000
    41 111.0327   0.0000   0.0000
    42 111.3121   0.0000   0.0000
    43 116.4658   0.0000  -0.0000
    44 117.7490   0.0000   0.0000
    45 117.8903   0.0000   0.0000
    46 119.6688   0.0000   0.0000
    47 124.4925   0.0000   0.0000
    48 124.8472   0.0000   0.0000
    49 127.0218   0.0000  -0.0000
    50 127.1333   0.0000   0.0000
    51 129.5427   0.0000  -0.0000
    52 130.9437   0.0000  -0.0000
    53 131.1771   0.0000   0.0000
    54 135.6432   0.0000  -0.0000
    55 139.8043   0.0000  -0.0000
    56 140.1587   0.0000  -0.0000
    57 141.9543   0.0000   0.0000
    58 142.4795   0.0000   0.0000
    59 145.1076   0.0000  -0.0000
    60 146.8755   0.0000  -0.0000
 -0.375000  0.250000  0.000000
  60
     1 -67.9879  -0.0000   0.0000
     2 -33.3237  -0.0000   0.0000
     3 -33.1866  -0.0000  -0.0000
     4 -33.0822  -0.0000   0.0000
     5 -10.4060   0.0000   0.0000
     6   1.8725   0.0000  -0.0000
     7   3.8150   0.0000  -0.0000
     8   5.9124   0.0000   0.0000
     9  22.7197   0.0000   0.0000
    10  25.5161   0.0000  -0.0000
    11  28.7446   0.0000  -0.0000
    12  33.0930   0.0000   0.0000
    13  35.7156   0.0000  -0.0000
    14  37.3924   0.0000  -0.0000
    15  44.6150   0.0000   0.0000
    16  47.4688   0.0000   0.0000
    17  48.0144   0.0000  -0.0000
    18  51.6038   0.0000   0.0000
    19  54.3821   0.0000  -0.0000
    20  57.3870   0.0000  -0.0000
    21  62.0057   0.0000  -0.0000
    22  64.6799   0.0000  -0.0000
    23  67.6180   0.0000  -0.0000
    24  69.6862   0.0000   0.0000
    25  70.5464   0.0000  -0.0000
    26  72.9286   0.0000   0.0000
    27  73.4251   0.0000  -0.0000
    28  78.6566   0.0000  -0.0000
    29  81.0654   0.0000   0.0000
    30  82.6438   0.0000  -0.0000
    31  84.9009   0.0000  -0.0000
    32  85.4319   0.0000   0.0000
    33  88.6502   0.0000   0.0000
    34  90.5573   0.0000  -0.0000
    35  96.0457   0.0000   0.0000
    36  97.9981   0.0000   0.0000
    37  98.6165   0.0000  -0.0000
    38  98.9650   0.0000  -0.0000
    39 105.9278   0.0000   0.0000
    40 107.4868   0.0000  -0.0000
    41 108.9476   0.0000  -0.0000
    42 111.1470   0.0000   0.0000
    43 116.4685   0.0000   0.0000
    44 119.3417   0.0000  -0.0000
    45 119.9062   0.0000  -0.0000
    46 121.4805   0.0000   0.0000
    47 124.6031   0.0000   0.0000
    48 126.0198   0.0000  -0.0000
    49 126.9113   0.0000  -0.0000
    50 128.2133   0.0000  -0.0000
    51 130.5664   0.0000   0.0000
    52 130.7567   0.0000   0.0000
    53 134.1081   0.0000   0.0000
    54 135.7947   0.0000   0.0000
    55 137.2318   0.0000  -0.0000
    56 138.0842   0.0000  -0.0000
    57 139.2368   0.0000  -0.0000
    58 141.7624   0.0000   0.0000
    59 143.0153   0.0000  -0.0000
    60 147.8280   0.0000   0.0000
 -0.250000  0.250000  0.000000
  60
     1 -67.9980  -0.0000   0.0000
     2 -33.3007  -0.0000   0.0000
     3 -33.1628  -0.0000   0.0000
     4 -33.0575  -0.0000  -0.0000
     5 -10.9110   0.0000   0.0000
     6   2.4364   0.0000  -0.0000
     7   4.3596   0.0000  -0.0000
     8   6.2429   0.0000   0.0000
     9  23.4460   0.0000  -0.0000
    10  24.2313   0.0000  -0.0000
    11  29.4278   0.0000   0.0000
    12  33.1893   0.0000   0.0000
    13  33.6497   0.0000  -0.0000
    14  37.0020   0.0000   0.0000
    15  44.2076   0.0000   0.0000
    16  46.7850   0.0000   0.0000
    17  49.6867   0.0000   0.0000
    18  50.0125   0.0000   0.0000
    19  52.9844   0.0000   0.0000
    20  58.5960   0.0000  -0.0000
    21  60.2493   0.0000  -0.0000
    22  61.4721   0.0000  -0.0000
    23  63.0637   0.0000   0.0000
    24  73.8100   0.0000   0.0000
    25  74.9105   0.0000  -0.0000
    26  77.7179   0.0000   0.0000
    27  77.7968   0.0000   0.0000
    28  80.4682   0.0000  -0.0000
    29  81.3804   0.0000  -0.0000
    30  82.2398   0.0000   0.0000
    31  85.7028   0.0000   0.0000
    32  87.8140   0.0000   0.0000
    33  88.6310   0.0000   0.0000
    34  89.7194   0.0000   0.0000
    35  97.4491   0.0000  -0.0000
    36  98.3725   0.0000  -0.0000
    37  99.7399   0.0000   0.0000
    38 100.3717   0.0000  -0.0000
    39 104.9995   0.0000  -0.0000
    40 106.4545   0.0000   0.0000
    41 107.6933   0.0000  -0.0000
    42 109.8757   0.0000   0.0000
    43 110.7551   0.0000   0.0000
    44 116.4357   0.0000  -0.0000
    45 118.0983   0.0000  -0.0000
    46 118.1227   0.0000   0.0000
    47 122.6227   0.0000  -0.0000
    48 124.5280   0.0000  -0.0000
    49 126.5583   0.0000  -0.0000
    50 126.8688   0.0000   0.0000
    51 127.0380   0.0000   0.0000
    52 131.7079   0.0000  -0.0000
    53 132.7377   0.0000  -0.0000
    54 137.3462   0.0000  -0.0000
    55 137.6180   0.0000   0.0000
    56 139.6510   0.0000  -0.0000
    57 139.7769   0.0000   0.0000
    58 142.5880   0.0000  -0.0000
    59 143.4946   0.0000  -0.0000
    60 144.7841   0.0000   0.0000
  0.375000  0.375000  0.000000
  60
     1 -67.9907  -0.0000  -0.0000
     2 -33.3008  -0.0000  -0.0000
     3 -33.1280  -0.0000  -0.0000
     4 -33.1280  -0.0000  -0.0000
     5 -10.8603   0.0000  -0.0000
     6   2.0329   0.0000   0.0000
     7   5.6894   0.0000  -0.0000
     8   5.6894   0.0000   0.0000
     9  19.7298   0.0000   0.0000
    10  24.7944   0.0000   0.0000
    11  28.2252   0.0000  -0.0000
    12  34.9076   0.0000  -0.0000
    13  34.9076   0.0000  -0.0000
    14  41.1830   0.0000  -0.0000
    15  46.3862   0.0000   0.0000
    16  48.3531   0.0000   0.0000
    17  48.3531   0.0000   0.0000
    18  53.6358   0.0000  -0.0000
    19  54.0967   0.0000   0.0000
    20  54.0968   0.0000   0.0000
    21  55.5776   0.0000   0.0000
    22  59.0338   0.0000  -0.0000
    23  67.7131   0.0000   0.0000
    24  67.7136   0.0000   0.0000
    25  75.5065   0.0000  -0.0000
    26  75.5139   0.0000   0.0000
    27  75.5139   0.0000  -0.0000
    28  78.6718   0.0000   0.0000
    29  78.7423   0.0000   0.0000
    30  79.8028   0.0000  -0.0000
    31  91.1421   0.0000  -0.0000
    32  92.3780   0.0000  -0.0000
    33  94.2996   0.0000   0.0000
    34  94.2996   0.0000   0.0000
    35  94.9177   0.0000  -0.0000
    36  96.9706   0.0000  -0.0000
    37 100.4736   0.0000   0.0000
    38 100.9140   0.0000  -0.0000
    39 105.6128   0.0000  -0.0000
    40 105.6128   0.0000  -0.0000
    41 106.6100   0.0000   0.0000
    42 106.6101   0.0000  -0.0000
    43 107.7304   0.0000   0.0000
    44 110.0606   0.0000   0.0000
    45 118.0284   0.0000  -0.0000
    46 118.0285   0.0000   0.0000
    47 120.3539   0.0000   0.0000
    48 126.8568   0.0000   0.0000
    49 126.8578   0.0000  -0.0000
    50 129.1810   0.0000  -0.0000
    51 130.2496   0.0000  -0.0000
    52 135.3271   0.0000  -0.0000
    53 138.3983   0.0000   0.0000
    54 138.3983   0.0000  -0.0000
    55 139.2090   0.0000  -0.0000
    56 139.8127   0.0000   0.0000
    57 139.8129   0.0000  -0.0000
    58 141.0943   0.0000   0.0000
    59 147.7889   0.0000  -0.0000
    60 149.2560   0.0000  -0.0000
  0.500000  0.375000  0.000000
  60
     1 -67.9828  -0.0000   0.0000
     2 -33.3177  -0.0000  -0.0000
     3 -33.1633  -0.0000  -0.0000
     4 -33.1322  -0.0000   0.0000
     5 -10.4580   0.0000   0.0000
     6   1.7063   0.0000  -0.0000
     7   4.8611   0.0000  -0.0000
     8   5.5524   0.0000   0.0000
     9  20.0436   0.0000   0.0000
    10  25.5458   0.0000   0.0000
    11  27.5805   0.0000  -0.0000
    12  35.2356   0.0000  -0.0000
    13  35.4662   0.0000  -0.0000
    14  42.9404   0.0000  -0.0000
    15  45.8297   0.0000  -0.0000
    16  45.9860   0.0000  -0.0000
    17  47.9641   0.0000  -0.0000
    18  53.9045   0.0000   0.0000
    19  54.8505   0.0000   0.0000
    20  57.5852   0.0000  -0.0000
    21  60.5478   0.0000   0.0000
    22  61.8119   0.0000  -0.0000
    23  63.0475   0.0000   0.0000
    24  65.7950   0.0000   0.0000
    25  69.2633   0.0000  -0.0000
    26  73.2551   0.0000  -0.0000
    27  73.5640   0.0000  -0.0000
    28  79.5206   0.0000  -0.0000
    29  81.3732   0.0000   0.0000
    30  82.3824   0.0000  -0.0000
    31  85.6131   0.0000  -0.0000
    32  89.5481   0.0000  -0.0000
    33  92.9948   0.0000   0.0000
    34  93.6723   0.0000   0.0000
    35  94.5563   0.0000   0.0000
    36  95.7742   0.0000  -0.0000
    37  96.1756   0.0000   0.0000
    38  99.3773   0.0000   0.0000
    39 104.5909   0.0000  -0.0000
    40 108.5086   0.0000   0.0000
    41 108.6772   0.0000  -0.0000
    42 110.4732   0.0000  -0.0000
    43 112.1722   0.0000  -0.0000
    44 115.7515   0.0000   0.0000
    45 119.9914   0.0000   0.0000
    46 121.6339   0.0000  -0.0000
    47 124.2569   0.0000   0.0000
    48 126.4697   0.0000   0.0000
    49 127.9709   0.0000  -0.0000
    50 130.7984   0.0000  -0.0000
    51 131.7882   0.0000   0.0000
    52 133.9831   0.0000   0.0000
    53 134.7325   0.0000  -0.0000
    54 136.1854   0.0000  -0.0000
    55 139.9442   0.0000   0.0000
    56 140.5417   0.0000  -0.0000
    57 140.9568   0.0000   0.0000
    58 144.9985   0.0000  -0.0000
    59 145.6546   0.0000  -0.0000
    60 146.9608   0.0000   0.0000
 -0.375000  0.375000  0.000000
  60
     1 -67.9816  -0.0000  -0.0000
     2 -33.2812  -0.0000  -0.0000
     3 -33.2337  -0.0000   0.0000
     4 -33.1133  -0.0000  -0.0000
     5 -10.2697   0.0000   0.0000
     6   2.2040   0.0000   0.0000
     7   3.3887   0.0000   0.0000
     8   5.6387   0.0000  -0.0000
     9  21.6256   0.0000  -0.0000
    10  26.4829   0.0000  -0.0000
    11  27.1647   0.0000  -0.0000
    12  34.4847   0.0000  -0.0000
    13  34.9405   0.0000   0.0000
    14  40.5226   0.0000   0.0000
    15  46.0360   0.0000   0.0000
    16  46.5446   0.0000   0.0000
    17  47.0209   0.0000  -0.0000
    18  54.2187   0.0000   0.0000
    19  56.9452   0.0000   0.0000
    20  57.3912   0.0000  -0.0000
    21  62.9535   0.0000  -0.0000
    22  63.0297   0.0000   0.0000
    23  65.1776   0.0000  -0.0000
    24  65.2904   0.0000  -0.0000
    25  70.6839   0.0000  -0.0000
    26  71.8616   0.0000   0.0000
    27  72.5107   0.0000   0.0000
    28  75.1092   0.0000   0.0000
    29  81.3892   0.0000  -0.0000
    30  83.5609   0.0000   0.0000
    31  85.0859   0.0000  -0.0000
    32  86.2123   0.0000  -0.0000
    33  90.7640   0.0000  -0.0000
    34  90.9140   0.0000  -0.0000
    35  94.3112   0.0000   0.0000
    36  95.8313   0.0000  -0.0000
    37  97.0723   0.0000   0.0000
    38  97.4771   0.0000  -0.0000
    39 109.3100   0.0000   0.0000
    40 109.5062   0.0000   0.0000
    41 109.5921   0.0000  -0.0000
    42 116.2222   0.0000   0.0000
    43 118.0920   0.0000   0.0000
    44 119.1088   0.0000   0.0000
    45 120.2264   0.0000  -0.0000
    46 123.1810   0.0000  -0.0000
    47 123.3014   0.0000  -0.0000
    48 124.5911   0.0000  -0.0000
    49 126.0661   0.0000   0.0000
    50 126.2857   0.0000   0.0000
    51 129.9372   0.0000  -0.0000
    52 133.5401   0.0000   0.0000
    53 133.9738   0.0000  -0.0000
    54 134.7686   0.0000  -0.0000
    55 135.1666   0.0000  -0.0000
    56 139.9800   0.0000  -0.0000
    57 142.4089   0.0000  -0.0000
    58 143.6188   0.0000  -0.0000
    59 145.1145   0.0000  -0.0000
    60 145.5171   0.0000   0.0000
  0.500000  0.500000  0.000000
  60
     1 -67.9802  -0.0000  -0.0000
     2 -33.3363  -0.0000   0.0000
     3 -33.1451  -0.0000  -0.0000
     4 -33.1451  -0.0000  -0.0000
     5 -10.4106   0.0000   0.0000
     6   1.3887   0.0000   0.0000
     7   5.4502   0.0000   0.0000
     8   5.4502   0.0000  -0.0000
     9  19.0367   0.0000   0.0000
    10  25.0067   0.0000   0.0000
    11  27.9517   0.0000   0.0000
    12  36.1483   0.0000   0.0000
    13  36.1483   0.0000  -0.0000
    14  43.1775   0.0000  -0.0000
    15  45.0589   0.0000   0.0000
    16  48.3984   0.0000  -0.0000
    17  48.3984   0.0000   0.0000
    18  52.2151   0.0000  -0.0000
    19  56.3081   0.0000   0.0000
    20  56.3081   0.0000  -0.0000
    21  61.0366   0.0000  -0.0000
    22  63.5434   0.0000   0.0000
    23  63.7680   0.0000   0.0000
    24  63.7680   0.0000  -0.0000
    25  64.3153   0.0000   0.0000
    26  73.5525   0.0000  -0.0000
    27  73.5525   0.0000   0.0000
    28  78.0825   0.0000  -0.0000
    29  79.9100   0.0000   0.0000
    30  84.8945   0.0000   0.0000
    31  90.6539   0.0000  -0.0000
    32  91.8143   0.0000   0.0000
    33  92.9470   0.0000  -0.0000
    34  92.9470   0.0000   0.0000
    35  94.1697   0.0000  -0.0000
    36  94.4350   0.0000   0.0000
    37  94.9626   0.0000   0.0000
    38  99.8104   0.0000  -0.0000
    39 104.9596   0.0000  -0.0000
    40 104.9596   0.0000   0.0000
    41 107.0586   0.0000   0.0000
    42 109.6078   0.0000   0.0000
    43 109.6078   0.0000   0.0000
    44 113.2397   0.0000   0.0000
    45 124.9481   0.0000  -0.0000
    46 124.9867   0.0000  -0.0000
    47 124.9867   0.0000   0.0000
    48 128.4814   0.0000  -0.0000
    49 128.4814   0.0000  -0.0000
    50 132.5824   0.0000  -0.0000
    51 132.5824   0.0000  -0.0000
    52 135.3669   0.0000   0.0000
    53 136.1474   0.0000  -0.0000
    54 139.5528   0.0000  -0.0000
    55 141.0408   0.0000  -0.0000
    56 141.1407   0.0000  -0.0000
    57 142.1380   0.0000   0.0000
    58 142.1380   0.0000   0.0000
    59 144.0084   0.0000  -0.0000
    60 146.7285   0.0000   0.0000
  0.375000  0.250000  0.125000
  60
     1 -68.0109  -0.0000  -0.0000
     2 -33.2513  -0.0000  -0.0000
     3 -33.1091  -0.0000   0.0000
     4 -33.0612  -0.0000  -0.0000
     5 -11.6221   0.0000  -0.0000
     6   3.2982   0.0000   0.0000
     7   5.6629   0.0000  -0.0000
     8   6.3927   0.0000  -0.0000
     9  22.8386   0.0000   0.0000
    10  23.1619   0.0000  -0.0000
    11  30.0391   0.0000  -0.0000
    12  32.1201   0.0000  -0.0000
    13  32.7894   0.0000   0.0000
    14  37.9225   0.0000  -0.0000
    15  43.7174   0.0000   0.0000
    16  45.9319   0.0000   0.0000
    17  48.8502   0.0000  -0.0000
    18  49.1305   0.0000   0.0000
    19  52.0689   0.0000   0.0000
    20  56.3946   0.0000  -0.0000
    21  58.9080   0.0000  -0.0000
    22  63.6150   0.0000  -0.0000
    23  65.8443   0.0000  -0.0000
    24  69.6413   0.0000  -0.0000
    25  74.2065   0.0000   0.0000
    26  79.1384   0.0000   0.0000
    27  81.3303   0.0000  -0.0000
    28  82.6250   0.0000   0.0000
    29  83.6104   0.0000   0.0000
    30  88.2750   0.0000   0.0000
    31  90.3184   0.0000  -0.0000
    32  91.8189   0.0000  -0.0000
    33  91.8505   0.0000   0.0000
    34  92.4295   0.0000   0.0000
    35  93.5754   0.0000  -0.0000
    36  97.0948   0.0000   0.0000
    37  99.1806   0.0000  -0.0000
    38  99.4661   0.0000   0.0000
    39 105.3436   0.0000  -0.0000
    40 107.1062   0.0000   0.0000
    41 108.7309   0.0000  -0.0000
    42 109.8799   0.0000   0.0000
    43 110.5873   0.0000  -0.0000
    44 111.6306   0.0000  -0.0000
    45 111.7376   0.0000  -0.0000
    46 116.3082   0.0000   0.0000
    47 117.2102   0.0000   0.0000
    48 121.3366   0.0000  -0.0000
    49 123.5248   0.0000  -0.0000
    50 123.6173   0.0000  -0.0000
    51 124.4375   0.0000  -0.0000
    52 130.9649   0.0000  -0.0000
    53 131.5335   0.0000  -0.0000
    54 134.4576   0.0000  -0.0000
    55 136.6419   0.0000  -0.0000
    56 138.3083   0.0000  -0.0000
    57 140.3904   0.0000   0.0000
    58 144.3224   0.0000  -0.0000
    59 144.3583   0.0000  -0.0000
    60 146.8332   0.0000  -0.0000
  0.500000  0.250000  0.125000
  60
     1 -67.9954  -0.0000   0.0000
     2 -33.3197  -0.0000   0.0000
     3 -33.1411  -0.0000  -0.0000
     4 -33.0776  -0.0000  -0.0000
     5 -10.8049   0.0000  -0.0000
     6   2.0713   0.0000   0.0000
     7   4.7622   0.0000  -0.0000
     8   5.9752   0.0000   0.0000
     9  22.5469   0.0000   0.0000
    10  24.8607   0.0000   0.0000
    11  29.0848   0.0000   0.0000
    12  32.5623   0.0000   0.0000
    13  34.7034   0.0000  -0.0000
    14  38.5578   0.0000   0.0000
    15  43.9597   0.0000   0.0000
    16  47.3549   0.0000   0.0000
    17  48.5801   0.0000   0.0000
    18  50.9474   0.0000  -0.0000
    19  51.9957   0.0000   0.0000
    20  58.2575   0.0000   0.0000
    21  60.4472   0.0000   0.0000
    22  61.3491   0.0000  -0.0000
    23  66.4393   0.0000   0.0000
    24  71.2007   0.0000  -0.0000
    25  72.8396   0.0000   0.0000
    26  75.3750   0.0000   0.0000
    27  77.5664   0.0000  -0.0000
    28  80.3895   0.0000   0.0000
    29  82.7021   0.0000   0.0000
    30  83.4607   0.0000  -0.0000
    31  85.0599   0.0000  -0.0000
    32  88.3277   0.0000   0.0000
    33  89.3207   0.0000   0.0000
    34  91.3863   0.0000   0.0000
    35  92.3050   0.0000  -0.0000
    36  97.5244   0.0000   0.0000
    37  99.5014   0.0000   0.0000
    38 102.9736   0.0000  -0.0000
    39 104.3122   0.0000   0.0000
    40 108.2106   0.0000   0.0000
    41 109.4833   0.0000  -0.0000
    42 110.1654   0.0000   0.0000
    43 112.5032   0.0000  -0.0000
    44 115.1626   0.0000  -0.0000
    45 115.7231   0.0000   0.0000
    46 117.9957   0.0000   0.0000
    47 120.5619   0.0000  -0.0000
    48 125.5256   0.0000  -0.0000
    49 125.9957   0.0000  -0.0000
    50 128.4559   0.0000   0.0000
    51 130.6135   0.0000  -0.0000
    52 132.1768   0.0000   0.0000
    53 133.4444   0.0000  -0.0000
    54 133.7312   0.0000   0.0000
    55 136.7669   0.0000  -0.0000
    56 138.9773   0.0000   0.0000
    57 141.5001   0.0000   0.0000
    58 144.2310   0.0000   0.0000
    59 145.1044   0.0000  -0.0000
    60 148.3687   0.0000   0.0000
 -0.375000  0.250000  0.125000
  60
     1 -67.9890  -0.0000   0.0000
     2 -33.3491  -0.0000   0.0000
     3 -33.1487  -0.0000  -0.0000
     4 -33.0882  -0.0000   0.0000
     5 -10.4221   0.0000   0.0000
     6   1.5000   0.0000  -0.0000
     7   4.4422   0.0000   0.0000
     8   5.7933   0.0000  -0.0000
     9  22.4858   0.0000   0.0000
    10  25.6551   0.0000   0.0000
    11  28.9230   0.0000   0.0000
    12  32.3952   0.0000   0.0000
    13  36.1219   0.0000  -0.0000
    14  38.2945   0.0000   0.0000
    15  43.9020   0.0000  -0.0000
    16  47.0744   0.0000  -0.0000
    17  48.1366   0.0000   0.0000
    18  50.5104   0.0000  -0.0000
    19  55.0544   0.0000  -0.0000
    20  55.7603   0.0000  -0.0000
    21  64.6369   0.0000   0.0000
    22  64.7344   0.0000   0.0000
    23  67.3902   0.0000  -0.0000
    24  69.0124   0.0000  -0.0000
    25  71.1261   0.0000   0.0000
    26  71.8620   0.0000   0.0000
    27  75.7362   0.0000  -0.0000
    28  77.6609   0.0000  -0.0000
    29  80.5659   0.0000   0.0000
    30  82.9299   0.0000  -0.0000
    31  84.6521   0.0000   0.0000
    32  88.2509   0.0000   0.0000
    33  88.7071   0.0000  -0.0000
    34  90.7688   0.0000  -0.0000
    35  92.7575   0.0000  -0.0000
    36  96.1444   0.0000  -0.0000
    37 100.9448   0.0000  -0.0000
    38 101.7560   0.0000   0.0000
    39 105.9048   0.0000  -0.0000
    40 106.4842   0.0000   0.0000
    41 108.8510   0.0000  -0.0000
    42 109.5067   0.0000   0.0000
    43 115.1253   0.0000   0.0000
    44 116.6641   0.0000   0.0000
    45 120.1102   0.0000  -0.0000
    46 122.7533   0.0000   0.0000
    47 123.6106   0.0000  -0.0000
    48 125.8612   0.0000  -0.0000
    49 127.5159   0.0000  -0.0000
    50 128.9028   0.0000   0.0000
    51 132.0330   0.0000  -0.0000
    52 132.0435   0.0000  -0.0000
    53 134.2320   0.0000   0.0000
    54 135.8210   0.0000   0.0000
    55 137.2577   0.0000  -0.0000
    56 138.2133   0.0000   0.0000
    57 141.2488   0.0000  -0.0000
    58 141.4204   0.0000   0.0000
    59 142.6934   0.0000  -0.0000
    60 142.8909   0.0000  -0.0000
  0.500000  0.375000  0.125000
  60
     1 -67.9891  -0.0000  -0.0000
     2 -33.3015  -0.0000  -0.0000
     3 -33.1540  -0.0000  -0.0000
     4 -33.1189  -0.0000   0.0000
     5 -10.6732   0.0000  -0.0000
     6   2.1144   0.0000   0.0000
     7   4.8616   0.0000  -0.0000
     8   5.5235   0.0000  -0.0000
     9  21.2988   0.0000  -0.0000
    10  25.1972   0.0000   0.0000
    11  27.9036   0.0000  -0.0000
    12  33.6873   0.0000   0.0000
    13  35.2465   0.0000  -0.0000
    14  40.7472   0.0000   0.0000
    15  46.1922   0.0000  -0.0000
    16  47.1068   0.0000  -0.0000
    17  47.8412   0.0000   0.0000
    18  51.9539   0.0000  -0.0000
    19  52.8266   0.0000   0.0000
    20  58.2866   0.0000  -0.0000
    21  58.6678   0.0000  -0.0000
    22  63.6697   0.0000  -0.0000
    23  64.8896   0.0000   0.0000
    24  66.5856   0.0000   0.0000
    25  71.0909   0.0000   0.0000
    26  73.3626   0.0000  -0.0000
    27  79.3488   0.0000   0.0000
    28  79.8041   0.0000  -0.0000
    29  81.5607   0.0000   0.0000
    30  82.3047   0.0000   0.0000
    31  86.3790   0.0000  -0.0000
    32  87.2625   0.0000   0.0000
    33  89.7155   0.0000   0.0000
    34  90.2011   0.0000  -0.0000
    35  94.3062   0.0000  -0.0000
    36  95.7594   0.0000   0.0000
    37 103.3410   0.0000  -0.0000
    38 103.5119   0.0000  -0.0000
    39 106.5035   0.0000   0.0000
    40 107.5902   0.0000   0.0000
    41 108.9694   0.0000   0.0000
    42 109.1083   0.0000   0.0000
    43 110.9485   0.0000  -0.0000
    44 114.8094   0.0000   0.0000
    45 116.7188   0.0000  -0.0000
    46 119.5564   0.0000   0.0000
    47 122.0491   0.0000   0.0000
    48 124.6017   0.0000  -0.0000
    49 127.1593   0.0000  -0.0000
    50 127.3488   0.0000   0.0000
    51 128.5078   0.0000   0.0000
    52 132.0097   0.0000   0.0000
    53 134.8017   0.0000  -0.0000
    54 136.6310   0.0000  -0.0000
    55 139.3755   0.0000  -0.0000
    56 139.9988   0.0000   0.0000
    57 144.7420   0.0000   0.0000
    58 145.3747   0.0000  -0.0000
    59 146.8138   0.0000  -0.0000
    60 147.7425   0.0000   0.0000
 -0.375000  0.375000  0.125000
  60
     1 -67.9827  -0.0000  -0.0000
     2 -33.2911  -0.0000  -0.0000
     3 -33.2043  -0.0000   0.0000
     4 -33.1268  -0.0000   0.0000
     5 -10.2978   0.0000  -0.0000
     6   2.2144   0.0000   0.0000
     7   3.6722   0.0000  -0.0000
     8   5.3031   0.0000   0.0000
     9  22.5333   0.0000  -0.0000
    10  25.6150   0.0000  -0.0000
    11  27.6260   0.0000  -0.0000
    12  32.8514   0.0000   0.0000
    13  36.3848   0.0000   0.0000
    14  39.6919   0.0000   0.0000
    15  45.5035   0.0000  -0.0000
    16  47.2845   0.0000  -0.0000
    17  48.0963   0.0000   0.0000
    18  51.9553   0.0000   0.0000
    19  56.1764   0.0000   0.0000
    20  59.2571   0.0000  -0.0000
    21  61.1356   0.0000  -0.0000
    22  62.9188   0.0000   0.0000
    23  65.7763   0.0000  -0.0000
    24  68.3065   0.0000  -0.0000
    25  68.9048   0.0000   0.0000
    26  71.2093   0.0000   0.0000
    27  75.4940   0.0000   0.0000
    28  77.2703   0.0000   0.0000
    29  81.6328   0.0000   0.0000
    30  82.7304   0.0000  -0.0000
    31  82.9726   0.0000   0.0000
    32  86.0684   0.0000   0.0000
    33  86.9177   0.0000   0.0000
    34  89.7180   0.0000  -0.0000
    35  92.0547   0.0000  -0.0000
    36  96.0594   0.0000   0.0000
    37 101.8171   0.0000   0.0000
    38 104.7252   0.0000   0.0000
    39 106.9761   0.0000  -0.0000
    40 109.0656   0.0000  -0.0000
    41 111.6356   0.0000   0.0000
    42 115.6136   0.0000  -0.0000
    43 115.8704   0.0000   0.0000
    44 116.9716   0.0000  -0.0000
    45 118.9455   0.0000   0.0000
    46 119.8914   0.0000  -0.0000
    47 123.7689   0.0000   0.0000
    48 124.3387   0.0000  -0.0000
    49 126.2726   0.0000  -0.0000
    50 127.2896   0.0000   0.0000
    51 131.0437   0.0000  -0.0000
    52 131.1546   0.0000  -0.0000
    53 134.1753   0.0000  -0.0000
    54 135.9910   0.0000  -0.0000
    55 137.2632   0.0000  -0.0000
    56 139.2977   0.0000   0.0000
    57 141.7161   0.0000   0.0000
    58 145.1739   0.0000  -0.0000
    59 145.9532   0.0000   0.0000
    60 146.2185   0.0000  -0.0000
 -0.250000  0.375000  0.125000
  60
     1 -67.9853  -0.0000   0.0000
     2 -33.2857  -0.0000   0.0000
     3 -33.2172  -0.0000   0.0000
     4 -33.1046  -0.0000  -0.0000
     5 -10.3579   0.0000   0.0000
     6   2.4309   0.0000   0.0000
     7   3.3434   0.0000  -0.0000
     8   5.5325   0.0000  -0.0000
     9  23.8707   0.0000   0.0000
    10  24.3900   0.0000  -0.0000
    11  28.3508   0.0000   0.0000
    12  32.6648   0.0000   0.0000
    13  36.8542   0.0000   0.0000
    14  37.1813   0.0000  -0.0000
    15  46.3457   0.0000  -0.0000
    16  46.8831   0.0000   0.0000
    17  48.0438   0.0000  -0.0000
    18  52.7295   0.0000   0.0000
    19  53.6885   0.0000  -0.0000
    20  60.3406   0.0000   0.0000
    21  60.4960   0.0000  -0.0000
    22  63.5289   0.0000   0.0000
    23  65.0779   0.0000   0.0000
    24  68.5888   0.0000  -0.0000
    25  71.0702   0.0000  -0.0000
    26  74.4019   0.0000   0.0000
    27  76.0232   0.0000  -0.0000
    28  77.1781   0.0000   0.0000
    29  77.4545   0.0000  -0.0000
    30  83.5911   0.0000  -0.0000
    31  84.5566   0.0000   0.0000
    32  86.9355   0.0000  -0.0000
    33  86.9835   0.0000  -0.0000
    34  88.8401   0.0000   0.0000
    35  91.2464   0.0000  -0.0000
    36  96.7505   0.0000   0.0000
    37 101.0097   0.0000   0.0000
    38 105.0907   0.0000   0.0000
    39 108.3614   0.0000   0.0000
    40 109.3780   0.0000  -0.0000
    41 111.4101   0.0000  -0.0000
    42 113.0809   0.0000  -0.0000
    43 114.6862   0.0000  -0.0000
    44 117.9718   0.0000  -0.0000
    45 118.6413   0.0000  -0.0000
    46 120.8679   0.0000  -0.0000
    47 120.8683   0.0000  -0.0000
    48 125.0160   0.0000   0.0000
    49 126.1406   0.0000  -0.0000
    50 127.0077   0.0000   0.0000
    51 129.9008   0.0000   0.0000
    52 130.5373   0.0000  -0.0000
    53 136.2048   0.0000   0.0000
    54 137.7305   0.0000   0.0000
    55 138.6925   0.0000   0.0000
    56 140.7903   0.0000  -0.0000
    57 141.4902   0.0000  -0.0000
    58 143.1965   0.0000  -0.0000
    59 143.6256   0.0000   0.0000
    60 145.4086   0.0000  -0.0000
 -0.375000  0.500000  0.125000
  60
     1 -67.9801  -0.0000   0.0000
     2 -33.3079  -0.0000   0.0000
     3 -33.1727  -0.0000   0.0000
     4 -33.1525  -0.0000  -0.0000
     5 -10.3039   0.0000   0.0000
     6   1.8019   0.0000   0.0000
     7   4.5680   0.0000   0.0000
     8   5.1051   0.0000   0.0000
     9  20.7470   0.0000   0.0000
    10  26.1023   0.0000  -0.0000
    11  27.0527   0.0000   0.0000
    12  34.0512   0.0000  -0.0000
    13  36.5947   0.0000   0.0000
    14  42.8392   0.0000   0.0000
    15  44.1508   0.0000  -0.0000
    16  46.3213   0.0000   0.0000
    17  48.9821   0.0000   0.0000
    18  54.2330   0.0000   0.0000
    19  56.0037   0.0000   0.0000
    20  58.6117   0.0000   0.0000
    21  60.4476   0.0000  -0.0000
    22  62.6611   0.0000  -0.0000
    23  64.3935   0.0000  -0.0000
    24  65.6156   0.0000  -0.0000
    25  67.8195   0.0000  -0.0000
    26  71.2108   0.0000  -0.0000
    27  72.1266   0.0000  -0.0000
    28  80.0092   0.0000   0.0000
    29  83.5075   0.0000   0.0000
    30  83.6052   0.0000  -0.0000
    31  84.7742   0.0000  -0.0000
    32  85.5366   0.0000  -0.0000
    33  89.3050   0.0000  -0.0000
    34  89.5721   0.0000   0.0000
    35  91.4856   0.0000  -0.0000
    36  95.4681   0.0000  -0.0000
    37 103.4106   0.0000   0.0000
    38 103.8145   0.0000   0.0000
    39 105.2063   0.0000  -0.0000
    40 107.5510   0.0000   0.0000
    41 109.8328   0.0000   0.0000
    42 111.1852   0.0000   0.0000
    43 111.5864   0.0000  -0.0000
    44 121.0428   0.0000  -0.0000
    45 121.2378   0.0000  -0.0000
    46 123.9637   0.0000   0.0000
    47 124.2698   0.0000   0.0000
    48 124.5340   0.0000   0.0000
    49 128.4375   0.0000  -0.0000
    50 128.4680   0.0000  -0.0000
    51 130.0918   0.0000  -0.0000
    52 132.9618   0.0000   0.0000
    53 134.6364   0.0000  -0.0000
    54 136.1397   0.0000   0.0000
    55 139.1149   0.0000  -0.0000
    56 140.7222   0.0000   0.0000
    57 141.0562   0.0000  -0.0000
    58 142.1053   0.0000  -0.0000
    59 143.9959   0.0000  -0.0000
    60 145.7035   0.0000  -0.0000
 -0.250000  0.500000  0.250000
  60
     1 -67.9801  -0.0000   0.0000
     2 -33.2400  -0.0000   0.0000
     3 -33.2400  -0.0000   0.0000
     4 -33.1598  -0.0000  -0.0000
     5 -10.1945   0.0000  -0.0000
     6   2.9789   0.0000  -0.0000
     7   2.9789   0.0000   0.0000
     8   4.7685   0.0000   0.0000
     9  24.2759   0.0000   0.0000
    10  24.2759   0.0000   0.0000
    11  27.7314   0.0000  -0.0000
    12  31.7931   0.0000  -0.0000
    13  38.4274   0.0000   0.0000
    14  38.4274   0.0000   0.0000
    15  44.5816   0.0000   0.0000
    16  47.8683   0.0000  -0.0000
    17  50.0728   0.0000   0.0000
    18  52.1485   0.0000   0.0000
    19  57.9381   0.0000   0.0000
    20  57.9381   0.0000  -0.0000
    21  61.6723   0.0000  -0.0000
    22  62.4065   0.0000  -0.0000
    23  62.4065   0.0000  -0.0000
    24  69.0913   0.0000   0.0000
    25  73.4474   0.0000   0.0000
    26  73.4474   0.0000  -0.0000
    27  74.6497   0.0000  -0.0000
    28  74.9597   0.0000  -0.0000
    29  78.7387   0.0000   0.0000
    30  78.7387   0.0000  -0.0000
    31  83.0970   0.0000   0.0000
    32  84.1083   0.0000  -0.0000
    33  88.6532   0.0000  -0.0000
    34  89.2051   0.0000   0.0000
    35  89.2051   0.0000   0.0000
    36  97.0275   0.0000  -0.0000
    37 105.8715   0.0000  -0.0000
    38 105.8715   0.0000  -0.0000
    39 106.7699   0.0000  -0.0000
    40 114.3110   0.0000   0.0000
    41 114.3110   0.0000   0.0000
    42 116.1294   0.0000  -0.0000
    43 117.7114   0.0000  -0.0000
    44 117.8341   0.0000   0.0000
    45 118.6976   0.0000   0.0000
    46 118.7056   0.0000  -0.0000
    47 118.7056   0.0000  -0.0000
    48 119.4126   0.0000   0.0000
    49 127.8480   0.0000   0.0000
    50 127.8480   0.0000  -0.0000
    51 130.3606   0.0000  -0.0000
    52 131.3122   0.0000   0.0000
    53 132.1714   0.0000  -0.0000
    54 139.0274   0.0000  -0.0000
    55 139.4163   0.0000   0.0000
    56 139.4163   0.0000   0.0000
    57 141.2108   0.0000   0.0000
    58 142.4121   0.0000   0.0000
    59 142.4121   0.0000  -0.0000
    60 149.5760   0.0000   0.0000
