          29           1
  0.000000  0.000000  0.000000
  60
     1 -71.1081  -0.0000   0.0000
     2 -36.1029  -0.0000   0.0000
     3 -36.1028  -0.0000   0.0000
     4 -36.1028  -0.0000   0.0000
     5 -14.4741   0.0000  -0.0000
     6   4.9794   0.0000  -0.0000
     7   4.9796   0.0000  -0.0000
     8   4.9796   0.0000   0.0000
     9  13.7370   0.0000  -0.0000
    10  24.1344   0.0000   0.0000
    11  24.1344   0.0000  -0.0000
    12  24.1344   0.0000  -0.0000
    13  28.3601   0.0000  -0.0000
    14  30.8309   0.0000  -0.0000
    15  30.8309   0.0000  -0.0000
    16  35.5536   0.0000  -0.0000
    17  35.5546   0.0000   0.0000
    18  35.5546   0.0000  -0.0000
    19  50.9867   0.0000   0.0000
    20  50.9870   0.0000   0.0000
    21  50.9870   0.0000  -0.0000
    22  52.7293   0.0000   0.0000
    23  64.0173   0.0000   0.0000
    24  64.0173   0.0000  -0.0000
    25  64.0173   0.0000  -0.0000
    26  69.7075   0.0000   0.0000
    27  69.7075   0.0000   0.0000
    28  70.7241   0.0000  -0.0000
    29  70.7241   0.0000  -0.0000
    30  70.7241   0.0000  -0.0000
    31  78.5348   0.0000  -0.0000
    32  81.8146   0.0000  -0.0000
    33  81.8146   0.0000   0.0000
    34  89.9295   0.0000   0.0000
    35  89.9408   0.0000  -0.0000
    36  89.9408   0.0000   0.0000
    37  90.2199   0.0000   0.0000
    38  90.2199   0.0000  -0.0000
    39  90.2199   0.0000  -0.0000
    40  96.9234   0.0000  -0.0000
    41  96.9235   0.0000  -0.0000
    42  96.9235   0.0000  -0.0000
    43  98.5555   0.0000   0.0000
    44  98.5555   0.0000   0.0000
    45  98.5555   0.0000   0.0000
    46 100.1571   0.0000   0.0000
    47 100.1571   0.0000  -0.0000
    48 100.1571   0.0000   0.0000
    49 100.3591   0.0000  -0.0000
    50 103.0283   0.0000   0.0000
    51 103.0283   0.0000  -0.0000
    52 103.0283   0.0000  -0.0000
    53 103.9782   0.0000   0.0000
    54 103.9782   0.0000  -0.0000
    55 104.5122   0.0000  -0.0000
    56 104.5122   0.0000  -0.0000
    57 104.5122   0.0000   0.0000
    58 106.2684   0.0000   0.0000
    59 107.4556   0.0000   0.0000
    60 116.3271   0.0000  -0.0000
  0.125000  0.000000  0.000000
  60
     1 -71.1052  -0.0000  -0.0000
     2 -36.1283  -0.0000  -0.0000
     3 -36.1051  -0.0000  -0.0000
     4 -36.1051  -0.0000   0.0000
     5 -14.2366   0.0000  -0.0000
     6   3.9603   0.0000   0.0000
     7   4.8361   0.0000   0.0000
     8   4.8362   0.0000  -0.0000
     9  14.6065   0.0000   0.0000
    10  22.2873   0.0000   0.0000
    11  24.6091   0.0000  -0.0000
    12  24.6091   0.0000  -0.0000
    13  30.0519   0.0000   0.0000
    14  30.0520   0.0000   0.0000
    15  31.1736   0.0000   0.0000
    16  35.4448   0.0000  -0.0000
    17  37.1436   0.0000   0.0000
    18  37.1441   0.0000   0.0000
    19  48.7914   0.0000   0.0000
    20  50.6040   0.0000  -0.0000
    21  50.6043   0.0000  -0.0000
    22  54.5994   0.0000  -0.0000
    23  60.6350   0.0000  -0.0000
    24  60.6350   0.0000  -0.0000
    25  65.3296   0.0000   0.0000
    26  67.6825   0.0000  -0.0000
    27  67.6826   0.0000  -0.0000
    28  71.1670   0.0000   0.0000
    29  77.6428   0.0000   0.0000
    30  77.6429   0.0000  -0.0000
    31  78.3632   0.0000   0.0000
    32  80.5470   0.0000   0.0000
    33  80.5473   0.0000  -0.0000
    34  86.2689   0.0000  -0.0000
    35  87.1554   0.0000  -0.0000
    36  87.2503   0.0000  -0.0000
    37  87.2505   0.0000  -0.0000
    38  89.9247   0.0000   0.0000
    39  89.9323   0.0000  -0.0000
    40  91.5621   0.0000  -0.0000
    41  91.5621   0.0000   0.0000
    42  92.6374   0.0000   0.0000
    43  96.9783   0.0000   0.0000
    44  97.3225   0.0000  -0.0000
    45  97.3225   0.0000  -0.0000
    46  98.5029   0.0000  -0.0000
    47 100.2816   0.0000   0.0000
    48 102.3605   0.0000   0.0000
    49 102.3607   0.0000   0.0000
    50 104.5504   0.0000   0.0000
    51 104.5534   0.0000   0.0000
    52 106.0964   0.0000  -0.0000
    53 106.0964   0.0000   0.0000
    54 106.2161   0.0000   0.0000
    55 106.9645   0.0000  -0.0000
    56 109.4150   0.0000  -0.0000
    57 112.5342   0.0000  -0.0000
    58 113.3036   0.0000   0.0000
    59 113.3039   0.0000  -0.0000
    60 116.6684   0.0000  -0.0000
  0.250000  0.000000  0.000000
  60
     1 -71.0982  -0.0000  -0.0000
     2 -36.1874  -0.0000   0.0000
     3 -36.1099  -0.0000  -0.0000
     4 -36.1099  -0.0000   0.0000
     5 -13.6124   0.0000   0.0000
     6   1.9014   0.0000  -0.0000
     7   4.5068   0.0000   0.0000
     8   4.5068   0.0000   0.0000
     9  15.9266   0.0000  -0.0000
    10  20.9405   0.0000  -0.0000
    11  25.4459   0.0000   0.0000
    12  25.4462   0.0000   0.0000
    13  29.6819   0.0000   0.0000
    14  29.6823   0.0000   0.0000
    15  32.5451   0.0000  -0.0000
    16  38.1664   0.0000  -0.0000
    17  40.0707   0.0000  -0.0000
    18  40.0722   0.0000   0.0000
    19  46.2575   0.0000   0.0000
    20  48.5852   0.0000   0.0000
    21  48.5855   0.0000  -0.0000
    22  57.0975   0.0000   0.0000
    23  57.0976   0.0000   0.0000
    24  57.4688   0.0000   0.0000
    25  67.4975   0.0000   0.0000
    26  68.6287   0.0000   0.0000
    27  68.6287   0.0000   0.0000
    28  72.4917   0.0000  -0.0000
    29  75.1899   0.0000   0.0000
    30  75.1903   0.0000   0.0000
    31  75.3797   0.0000  -0.0000
    32  79.7380   0.0000  -0.0000
    33  82.3074   0.0000   0.0000
    34  82.3075   0.0000  -0.0000
    35  83.5669   0.0000  -0.0000
    36  84.8220   0.0000  -0.0000
    37  84.8220   0.0000  -0.0000
    38  86.8822   0.0000  -0.0000
    39  88.9007   0.0000   0.0000
    40  88.9007   0.0000   0.0000
    41  90.8284   0.0000   0.0000
    42  90.8284   0.0000   0.0000
    43  95.3778   0.0000  -0.0000
    44  95.6038   0.0000  -0.0000
    45  95.6040   0.0000  -0.0000
    46  96.3783   0.0000  -0.0000
    47 103.2194   0.0000   0.0000
    48 103.9252   0.0000  -0.0000
    49 103.9256   0.0000  -0.0000
    50 105.6444   0.0000   0.0000
    51 108.7970   0.0000   0.0000
    52 108.7976   0.0000  -0.0000
    53 113.8500   0.0000   0.0000
    54 113.8515   0.0000   0.0000
    55 115.3908   0.0000  -0.0000
    56 115.5620   0.0000   0.0000
    57 118.1219   0.0000  -0.0000
    58 118.1222   0.0000  -0.0000
    59 120.3636   0.0000   0.0000
    60 124.9557   0.0000   0.0000
  0.375000  0.000000  0.000000
  60
     1 -71.0912  -0.0000  -0.0000
     2 -36.2460  -0.0000   0.0000
     3 -36.1146  -0.0000   0.0000
     4 -36.1146  -0.0000   0.0000
     5 -12.8905   0.0000   0.0000
     6   0.0710   0.0000  -0.0000
     7   4.1980   0.0000   0.0000
     8   4.1980   0.0000   0.0000
     9  16.1979   0.0000  -0.0000
    10  21.4594   0.0000   0.0000
    11  25.5545   0.0000   0.0000
    12  25.5545   0.0000  -0.0000
    13  31.1859   0.0000  -0.0000
    14  31.1859   0.0000  -0.0000
    15  31.7175   0.0000  -0.0000
    16  40.2169   0.0000   0.0000
    17  42.1502   0.0000  -0.0000
    18  42.1502   0.0000   0.0000
    19  45.2284   0.0000  -0.0000
    20  45.2284   0.0000   0.0000
    21  48.4542   0.0000  -0.0000
    22  57.5841   0.0000   0.0000
    23  57.5841   0.0000  -0.0000
    24  60.4756   0.0000  -0.0000
    25  65.2088   0.0000   0.0000
    26  68.5439   0.0000  -0.0000
    27  68.5439   0.0000  -0.0000
    28  70.7106   0.0000   0.0000
    29  70.7915   0.0000  -0.0000
    30  70.7915   0.0000   0.0000
    31  74.6711   0.0000  -0.0000
    32  75.3421   0.0000  -0.0000
    33  77.8466   0.0000  -0.0000
    34  77.8466   0.0000   0.0000
    35  82.0374   0.0000  -0.0000
    36  83.5659   0.0000  -0.0000
    37  84.3136   0.0000   0.0000
    38  84.3136   0.0000   0.0000
    39  89.2263   0.0000   0.0000
    40  89.2263   0.0000   0.0000
    41  94.8634   0.0000   0.0000
    42  96.2035   0.0000  -0.0000
    43  96.2657   0.0000   0.0000
    44  96.2657   0.0000  -0.0000
    45  97.9876   0.0000  -0.0000
    46  97.9876   0.0000  -0.0000
    47 102.1105   0.0000   0.0000
    48 103.4780   0.0000   0.0000
    49 103.4780   0.0000  -0.0000
    50 110.2909   0.0000   0.0000
    51 115.0504   0.0000   0.0000
    52 115.0504   0.0000  -0.0000
    53 116.8499   0.0000  -0.0000
    54 119.9555   0.0000  -0.0000
    55 119.9555   0.0000  -0.0000
    56 121.6646   0.0000   0.0000
    57 121.6646   0.0000   0.0000
    58 122.1147   0.0000   0.0000
    59 122.8402   0.0000   0.0000
    60 122.8402   0.0000   0.0000
  0.500000  0.000000  0.000000
  60
     1 -71.0883  -0.0000  -0.0000
     2 -36.2698  -0.0000  -0.0000
     3 -36.1166  -0.0000  -0.0000
     4 -36.1166  -0.0000   0.0000
     5 -12.5508   0.0000   0.0000
     6  -0.6703   0.0000   0.0000
     7   4.0753   0.0000   0.0000
     8   4.0753   0.0000   0.0000
     9  16.1070   0.0000   0.0000
    10  22.0286   0.0000   0.0000
    11  25.4472   0.0000   0.0000
    12  25.4472   0.0000  -0.0000
    13  31.3201   0.0000   0.0000
    14  32.5239   0.0000   0.0000
    15  32.5239   0.0000  -0.0000
    16  39.7402   0.0000   0.0000
    17  41.5118   0.0000   0.0000
    18  41.5118   0.0000   0.0000
    19  44.6662   0.0000   0.0000
    20  44.6662   0.0000  -0.0000
    21  54.8521   0.0000  -0.0000
    22  56.6885   0.0000  -0.0000
    23  59.6795   0.0000  -0.0000
    24  59.6796   0.0000   0.0000
    25  64.4499   0.0000   0.0000
    26  64.4499   0.0000  -0.0000
    27  64.7865   0.0000   0.0000
    28  67.9142   0.0000   0.0000
    29  72.7105   0.0000   0.0000
    30  72.7105   0.0000  -0.0000
    31  74.7724   0.0000  -0.0000
    32  75.0202   0.0000   0.0000
    33  75.0202   0.0000   0.0000
    34  77.0050   0.0000   0.0000
    35  78.8144   0.0000   0.0000
    36  83.8058   0.0000  -0.0000
    37  83.8788   0.0000   0.0000
    38  83.8789   0.0000  -0.0000
    39  89.0135   0.0000  -0.0000
    40  89.0135   0.0000  -0.0000
    41  94.9925   0.0000   0.0000
    42  96.1702   0.0000  -0.0000
    43  97.5399   0.0000  -0.0000
    44  97.5399   0.0000   0.0000
    45  99.4768   0.0000   0.0000
    46  99.4768   0.0000  -0.0000
    47 101.8134   0.0000   0.0000
    48 110.3349   0.0000   0.0000
    49 110.3350   0.0000  -0.0000
    50 110.6774   0.0000  -0.0000
    51 110.6774   0.0000   0.0000
    52 113.0407   0.0000   0.0000
    53 117.1697   0.0000  -0.0000
    54 118.8332   0.0000   0.0000
    55 120.3664   0.0000  -0.0000
    56 120.3664   0.0000  -0.0000
    57 124.8644   0.0000   0.0000
    58 124.8645   0.0000  -0.0000
    59 128.2875   0.0000  -0.0000
    60 128.3076   0.0000   0.0000
  0.125000  0.125000  0.000000
  60
     1 -71.1042  -0.0000  -0.0000
     2 -36.1262  -0.0000   0.0000
     3 -36.1109  -0.0000  -0.0000
     4 -36.1109  -0.0000   0.0000
     5 -14.1626   0.0000   0.0000
     6   3.8798   0.0000  -0.0000
     7   4.6828   0.0000  -0.0000
     8   4.6828   0.0000   0.0000
     9  14.9165   0.0000  -0.0000
    10  21.5531   0.0000   0.0000
    11  24.9396   0.0000   0.0000
    12  24.9396   0.0000   0.0000
    13  28.4079   0.0000  -0.0000
    14  31.3879   0.0000   0.0000
    15  32.1218   0.0000   0.0000
    16  36.2579   0.0000  -0.0000
    17  36.2579   0.0000  -0.0000
    18  37.7229   0.0000   0.0000
    19  48.9301   0.0000  -0.0000
    20  50.0014   0.0000   0.0000
    21  50.0014   0.0000   0.0000
    22  55.4310   0.0000  -0.0000
    23  61.3997   0.0000   0.0000
    24  61.5199   0.0000  -0.0000
    25  61.5199   0.0000  -0.0000
    26  64.4923   0.0000  -0.0000
    27  70.3127   0.0000   0.0000
    28  75.4042   0.0000   0.0000
    29  75.4042   0.0000  -0.0000
    30  78.0505   0.0000   0.0000
    31  79.9280   0.0000   0.0000
    32  80.4933   0.0000  -0.0000
    33  81.3858   0.0000  -0.0000
    34  83.2035   0.0000  -0.0000
    35  83.2035   0.0000   0.0000
    36  87.1483   0.0000   0.0000
    37  88.2795   0.0000   0.0000
    38  88.2795   0.0000  -0.0000
    39  89.8270   0.0000  -0.0000
    40  91.4681   0.0000  -0.0000
    41  94.7715   0.0000  -0.0000
    42  94.7715   0.0000   0.0000
    43  95.9234   0.0000   0.0000
    44  95.9234   0.0000   0.0000
    45  96.4075   0.0000   0.0000
    46  97.5298   0.0000   0.0000
    47 100.4687   0.0000  -0.0000
    48 100.5954   0.0000   0.0000
    49 103.9552   0.0000  -0.0000
    50 104.1463   0.0000   0.0000
    51 104.1463   0.0000  -0.0000
    52 105.0904   0.0000   0.0000
    53 106.6375   0.0000  -0.0000
    54 106.6375   0.0000  -0.0000
    55 107.7921   0.0000  -0.0000
    56 112.1809   0.0000   0.0000
    57 112.1809   0.0000   0.0000
    58 114.8564   0.0000  -0.0000
    59 117.2732   0.0000  -0.0000
    60 118.1688   0.0000  -0.0000
  0.250000  0.125000  0.000000
  60
     1 -71.0986  -0.0000  -0.0000
     2 -36.1694  -0.0000   0.0000
     3 -36.1182  -0.0000   0.0000
     4 -36.1147  -0.0000  -0.0000
     5 -13.6800   0.0000  -0.0000
     6   2.3974   0.0000   0.0000
     7   4.3438   0.0000  -0.0000
     8   4.3574   0.0000   0.0000
     9  16.2319   0.0000  -0.0000
    10  20.1828   0.0000   0.0000
    11  25.4282   0.0000   0.0000
    12  25.7919   0.0000   0.0000
    13  27.4163   0.0000  -0.0000
    14  31.5063   0.0000  -0.0000
    15  34.4504   0.0000   0.0000
    16  37.8019   0.0000  -0.0000
    17  38.4111   0.0000   0.0000
    18  39.8602   0.0000  -0.0000
    19  46.4770   0.0000   0.0000
    20  48.0144   0.0000  -0.0000
    21  50.3613   0.0000   0.0000
    22  56.4028   0.0000   0.0000
    23  56.7334   0.0000  -0.0000
    24  59.3698   0.0000  -0.0000
    25  62.6288   0.0000   0.0000
    26  66.5278   0.0000   0.0000
    27  70.0298   0.0000  -0.0000
    28  74.6643   0.0000  -0.0000
    29  76.9098   0.0000  -0.0000
    30  77.4934   0.0000   0.0000
    31  77.6739   0.0000   0.0000
    32  79.6765   0.0000   0.0000
    33  79.8240   0.0000  -0.0000
    34  81.8177   0.0000   0.0000
    35  83.0044   0.0000  -0.0000
    36  84.1857   0.0000   0.0000
    37  85.9693   0.0000  -0.0000
    38  86.5525   0.0000   0.0000
    39  88.6991   0.0000   0.0000
    40  89.3591   0.0000   0.0000
    41  90.2174   0.0000  -0.0000
    42  93.0074   0.0000   0.0000
    43  93.5684   0.0000  -0.0000
    44  94.9550   0.0000   0.0000
    45  98.4379   0.0000   0.0000
    46 101.1424   0.0000  -0.0000
    47 101.7712   0.0000  -0.0000
    48 102.9591   0.0000   0.0000
    49 103.1322   0.0000   0.0000
    50 104.6376   0.0000   0.0000
    51 105.1165   0.0000   0.0000
    52 107.5458   0.0000  -0.0000
    53 107.5495   0.0000  -0.0000
    54 113.9726   0.0000  -0.0000
    55 115.3100   0.0000  -0.0000
    56 118.5367   0.0000  -0.0000
    57 119.0636   0.0000  -0.0000
    58 119.4618   0.0000  -0.0000
    59 119.8586   0.0000  -0.0000
    60 122.4987   0.0000  -0.0000
  0.375000  0.125000  0.000000
  60
     1 -71.0916  -0.0000   0.0000
     2 -36.2247  -0.0000  -0.0000
     3 -36.1230  -0.0000   0.0000
     4 -36.1219  -0.0000   0.0000
     5 -12.9984   0.0000  -0.0000
     6   0.6841   0.0000   0.0000
     7   3.8634   0.0000  -0.0000
     8   4.0609   0.0000   0.0000
     9  16.9220   0.0000  -0.0000
    10  20.4828   0.0000  -0.0000
    11  24.6508   0.0000   0.0000
    12  26.1281   0.0000  -0.0000
    13  28.8614   0.0000  -0.0000
    14  32.3765   0.0000   0.0000
    15  34.0226   0.0000   0.0000
    16  40.7330   0.0000   0.0000
    17  41.3023   0.0000   0.0000
    18  41.7576   0.0000  -0.0000
    19  43.9894   0.0000  -0.0000
    20  46.9142   0.0000   0.0000
    21  50.1531   0.0000  -0.0000
    22  54.8167   0.0000   0.0000
    23  56.1809   0.0000  -0.0000
    24  61.7043   0.0000  -0.0000
    25  64.3915   0.0000  -0.0000
    26  66.1544   0.0000  -0.0000
    27  68.5958   0.0000  -0.0000
    28  70.9195   0.0000  -0.0000
    29  71.0340   0.0000   0.0000
    30  71.8123   0.0000   0.0000
    31  75.6256   0.0000   0.0000
    32  77.2239   0.0000  -0.0000
    33  78.9742   0.0000  -0.0000
    34  79.7828   0.0000  -0.0000
    35  81.1916   0.0000   0.0000
    36  83.9536   0.0000  -0.0000
    37  84.4593   0.0000   0.0000
    38  86.4848   0.0000   0.0000
    39  86.5839   0.0000  -0.0000
    40  89.8964   0.0000   0.0000
    41  92.6244   0.0000  -0.0000
    42  94.5589   0.0000  -0.0000
    43  95.6119   0.0000   0.0000
    44  96.9058   0.0000  -0.0000
    45  99.5513   0.0000  -0.0000
    46 100.3821   0.0000   0.0000
    47 102.0671   0.0000   0.0000
    48 104.5611   0.0000   0.0000
    49 105.3027   0.0000   0.0000
    50 108.1815   0.0000   0.0000
    51 110.9595   0.0000  -0.0000
    52 111.3353   0.0000  -0.0000
    53 114.5811   0.0000  -0.0000
    54 115.1299   0.0000   0.0000
    55 119.3523   0.0000   0.0000
    56 119.8244   0.0000  -0.0000
    57 120.4301   0.0000   0.0000
    58 124.5229   0.0000  -0.0000
    59 125.7052   0.0000  -0.0000
    60 126.0000   0.0000   0.0000
  0.500000  0.125000  0.000000
  60
     1 -71.0874  -0.0000   0.0000
     2 -36.2577  -0.0000   0.0000
     3 -36.1303  -0.0000  -0.0000
     4 -36.1224  -0.0000   0.0000
     5 -12.5195   0.0000  -0.0000
     6  -0.3370   0.0000  -0.0000
     7   3.4960   0.0000   0.0000
     8   3.9501   0.0000   0.0000
     9  16.8778   0.0000   0.0000
    10  21.5751   0.0000   0.0000
    11  24.1332   0.0000  -0.0000
    12  25.9999   0.0000   0.0000
    13  30.6681   0.0000  -0.0000
    14  33.0242   0.0000   0.0000
    15  33.6185   0.0000   0.0000
    16  40.5241   0.0000   0.0000
    17  41.1260   0.0000  -0.0000
    18  41.5424   0.0000   0.0000
    19  44.8419   0.0000   0.0000
    20  46.5159   0.0000  -0.0000
    21  53.6254   0.0000  -0.0000
    22  57.7079   0.0000   0.0000
    23  58.5105   0.0000   0.0000
    24  59.0217   0.0000  -0.0000
    25  62.3099   0.0000  -0.0000
    26  65.0599   0.0000   0.0000
    27  66.2296   0.0000  -0.0000
    28  66.7281   0.0000   0.0000
    29  69.2383   0.0000   0.0000
    30  71.7387   0.0000   0.0000
    31  71.9156   0.0000   0.0000
    32  75.4723   0.0000   0.0000
    33  76.7344   0.0000  -0.0000
    34  79.7370   0.0000   0.0000
    35  81.3653   0.0000   0.0000
    36  84.1762   0.0000  -0.0000
    37  84.2927   0.0000  -0.0000
    38  85.2180   0.0000   0.0000
    39  87.3926   0.0000   0.0000
    40  88.2857   0.0000  -0.0000
    41  91.6063   0.0000  -0.0000
    42  94.9928   0.0000  -0.0000
    43  99.1485   0.0000   0.0000
    44  99.2615   0.0000  -0.0000
    45 100.8748   0.0000  -0.0000
    46 103.0091   0.0000  -0.0000
    47 104.5811   0.0000  -0.0000
    48 108.1205   0.0000   0.0000
    49 110.6690   0.0000  -0.0000
    50 111.0887   0.0000   0.0000
    51 111.3413   0.0000   0.0000
    52 112.3943   0.0000  -0.0000
    53 116.5761   0.0000   0.0000
    54 117.8659   0.0000   0.0000
    55 118.8158   0.0000   0.0000
    56 118.9426   0.0000  -0.0000
    57 122.3030   0.0000   0.0000
    58 123.4203   0.0000  -0.0000
    59 124.6046   0.0000  -0.0000
    60 126.5110   0.0000   0.0000
 -0.375000  0.125000  0.000000
  60
     1 -71.0883  -0.0000  -0.0000
     2 -36.2502  -0.0000   0.0000
     3 -36.1346  -0.0000  -0.0000
     4 -36.1168  -0.0000  -0.0000
     5 -12.6252   0.0000   0.0000
     6  -0.1039   0.0000  -0.0000
     7   3.4291   0.0000  -0.0000
     8   4.0794   0.0000   0.0000
     9  16.9566   0.0000  -0.0000
    10  21.3658   0.0000  -0.0000
    11  24.2853   0.0000  -0.0000
    12  26.0436   0.0000  -0.0000
    13  30.9004   0.0000  -0.0000
    14  31.6048   0.0000   0.0000
    15  33.7294   0.0000  -0.0000
    16  40.7963   0.0000   0.0000
    17  41.5655   0.0000  -0.0000
    18  42.2843   0.0000   0.0000
    19  43.6013   0.0000   0.0000
    20  47.5288   0.0000  -0.0000
    21  51.4030   0.0000   0.0000
    22  55.4325   0.0000   0.0000
    23  58.7408   0.0000   0.0000
    24  61.2067   0.0000   0.0000
    25  64.0863   0.0000  -0.0000
    26  65.0295   0.0000  -0.0000
    27  66.3921   0.0000  -0.0000
    28  67.7627   0.0000   0.0000
    29  70.5935   0.0000   0.0000
    30  71.2645   0.0000  -0.0000
    31  71.3458   0.0000   0.0000
    32  75.2814   0.0000  -0.0000
    33  77.1508   0.0000  -0.0000
    34  79.6502   0.0000  -0.0000
    35  80.9354   0.0000   0.0000
    36  84.5134   0.0000   0.0000
    37  84.8826   0.0000   0.0000
    38  86.6714   0.0000   0.0000
    39  87.8002   0.0000   0.0000
    40  88.3026   0.0000  -0.0000
    41  90.1076   0.0000   0.0000
    42  95.6815   0.0000  -0.0000
    43  97.6555   0.0000  -0.0000
    44  98.9992   0.0000  -0.0000
    45 100.3459   0.0000   0.0000
    46 103.1145   0.0000   0.0000
    47 103.3011   0.0000  -0.0000
    48 107.0476   0.0000   0.0000
    49 108.5197   0.0000  -0.0000
    50 110.1396   0.0000   0.0000
    51 112.1912   0.0000   0.0000
    52 114.8802   0.0000  -0.0000
    53 116.0179   0.0000  -0.0000
    54 117.1043   0.0000   0.0000
    55 118.3688   0.0000   0.0000
    56 120.5408   0.0000  -0.0000
    57 121.2821   0.0000  -0.0000
    58 122.4551   0.0000   0.0000
    59 124.9357   0.0000   0.0000
    60 126.3823   0.0000  -0.0000
 -0.250000  0.125000  0.000000
  60
     1 -71.0940  -0.0000   0.0000
     2 -36.2073  -0.0000  -0.0000
     3 -36.1311  -0.0000  -0.0000
     4 -36.1093  -0.0000  -0.0000
     5 -13.2228   0.0000  -0.0000
     6   1.2334   0.0000   0.0000
     7   3.7198   0.0000  -0.0000
     8   4.3881   0.0000   0.0000
     9  16.8803   0.0000   0.0000
    10  20.4143   0.0000  -0.0000
    11  24.8794   0.0000  -0.0000
    12  26.2734   0.0000   0.0000
    13  28.3900   0.0000  -0.0000
    14  31.0868   0.0000  -0.0000
    15  34.2472   0.0000   0.0000
    16  39.3700   0.0000  -0.0000
    17  41.4414   0.0000   0.0000
    18  41.4680   0.0000   0.0000
    19  43.9227   0.0000   0.0000
    20  47.9235   0.0000  -0.0000
    21  50.5027   0.0000  -0.0000
    22  53.7191   0.0000   0.0000
    23  56.2890   0.0000   0.0000
    24  60.5635   0.0000  -0.0000
    25  64.9846   0.0000   0.0000
    26  68.0124   0.0000  -0.0000
    27  69.2676   0.0000   0.0000
    28  71.4392   0.0000   0.0000
    29  73.2672   0.0000   0.0000
    30  73.6592   0.0000  -0.0000
    31  75.2896   0.0000  -0.0000
    32  77.8948   0.0000   0.0000
    33  78.9406   0.0000   0.0000
    34  79.4162   0.0000  -0.0000
    35  81.1907   0.0000   0.0000
    36  84.9298   0.0000   0.0000
    37  84.9739   0.0000  -0.0000
    38  87.9574   0.0000  -0.0000
    39  88.8643   0.0000  -0.0000
    40  89.6062   0.0000  -0.0000
    41  90.3825   0.0000   0.0000
    42  92.5214   0.0000  -0.0000
    43  94.1687   0.0000   0.0000
    44  96.2490   0.0000  -0.0000
    45  97.4317   0.0000  -0.0000
    46 101.1603   0.0000   0.0000
    47 101.9074   0.0000   0.0000
    48 105.5430   0.0000  -0.0000
    49 106.5240   0.0000   0.0000
    50 106.5992   0.0000   0.0000
    51 107.7961   0.0000   0.0000
    52 112.8079   0.0000   0.0000
    53 113.3372   0.0000   0.0000
    54 115.4444   0.0000   0.0000
    55 116.8613   0.0000   0.0000
    56 117.2816   0.0000   0.0000
    57 120.3748   0.0000   0.0000
    58 121.9415   0.0000   0.0000
    59 123.8480   0.0000   0.0000
    60 124.2718   0.0000  -0.0000
 -0.125000  0.125000  0.000000
  60
     1 -71.1009  -0.0000   0.0000
     2 -36.1566  -0.0000  -0.0000
     3 -36.1192  -0.0000   0.0000
     4 -36.1045  -0.0000   0.0000
     5 -13.8743   0.0000   0.0000
     6   2.8910   0.0000  -0.0000
     7   4.3110   0.0000  -0.0000
     8   4.7084   0.0000   0.0000
     9  15.7064   0.0000   0.0000
    10  20.9347   0.0000  -0.0000
    11  25.1238   0.0000   0.0000
    12  25.3425   0.0000   0.0000
    13  28.4584   0.0000   0.0000
    14  30.4306   0.0000   0.0000
    15  33.6053   0.0000   0.0000
    16  36.7518   0.0000   0.0000
    17  37.7231   0.0000  -0.0000
    18  39.5377   0.0000   0.0000
    19  46.4728   0.0000  -0.0000
    20  49.5467   0.0000   0.0000
    21  51.0497   0.0000   0.0000
    22  54.9446   0.0000  -0.0000
    23  58.5775   0.0000   0.0000
    24  58.5815   0.0000  -0.0000
    25  65.1363   0.0000   0.0000
    26  66.6195   0.0000  -0.0000
    27  67.8679   0.0000   0.0000
    28  76.1746   0.0000  -0.0000
    29  77.1689   0.0000  -0.0000
    30  78.3579   0.0000   0.0000
    31  78.8345   0.0000   0.0000
    32  79.8582   0.0000   0.0000
    33  80.9313   0.0000  -0.0000
    34  81.6009   0.0000   0.0000
    35  83.2725   0.0000  -0.0000
    36  84.4814   0.0000   0.0000
    37  84.6176   0.0000  -0.0000
    38  87.6675   0.0000  -0.0000
    39  89.3257   0.0000   0.0000
    40  90.5806   0.0000   0.0000
    41  91.2177   0.0000  -0.0000
    42  91.8544   0.0000   0.0000
    43  93.4796   0.0000  -0.0000
    44  97.2687   0.0000  -0.0000
    45  97.6028   0.0000   0.0000
    46  97.6935   0.0000  -0.0000
    47  99.8068   0.0000  -0.0000
    48 102.1598   0.0000   0.0000
    49 105.4195   0.0000  -0.0000
    50 106.1129   0.0000  -0.0000
    51 106.5666   0.0000   0.0000
    52 107.3551   0.0000  -0.0000
    53 110.1682   0.0000  -0.0000
    54 110.6279   0.0000   0.0000
    55 111.5920   0.0000  -0.0000
    56 113.2440   0.0000  -0.0000
    57 113.7507   0.0000  -0.0000
    58 116.4804   0.0000  -0.0000
    59 120.0815   0.0000  -0.0000
    60 122.2790   0.0000  -0.0000
  0.250000  0.250000  0.000000
  60
     1 -71.0949  -0.0000   0.0000
     2 -36.1771  -0.0000  -0.0000
     3 -36.1295  -0.0000   0.0000
     4 -36.1295  -0.0000   0.0000
     5 -13.3950   0.0000   0.0000
     6   1.9145   0.0000  -0.0000
     7   4.0466   0.0000  -0.0000
     8   4.0466   0.0000  -0.0000
     9  17.2045   0.0000   0.0000
    10  18.7064   0.0000  -0.0000
    11  24.9186   0.0000   0.0000
    12  26.7986   0.0000   0.0000
    13  26.7986   0.0000  -0.0000
    14  33.0134   0.0000   0.0000
    15  38.4436   0.0000  -0.0000
    16  38.4436   0.0000   0.0000
    17  38.5128   0.0000   0.0000
    18  39.5893   0.0000   0.0000
    19  47.5373   0.0000  -0.0000
    20  47.5373   0.0000   0.0000
    21  47.5780   0.0000  -0.0000
    22  53.8784   0.0000  -0.0000
    23  59.5044   0.0000   0.0000
    24  59.5044   0.0000  -0.0000
    25  60.3910   0.0000   0.0000
    26  65.8239   0.0000   0.0000
    27  69.9355   0.0000   0.0000
    28  72.5420   0.0000  -0.0000
    29  72.5420   0.0000  -0.0000
    30  76.2796   0.0000   0.0000
    31  76.7265   0.0000  -0.0000
    32  79.5439   0.0000   0.0000
    33  80.7313   0.0000  -0.0000
    34  82.0809   0.0000  -0.0000
    35  82.0809   0.0000   0.0000
    36  86.2220   0.0000   0.0000
    37  86.2221   0.0000   0.0000
    38  87.7045   0.0000   0.0000
    39  89.5136   0.0000   0.0000
    40  90.0378   0.0000   0.0000
    41  91.5114   0.0000  -0.0000
    42  92.8227   0.0000   0.0000
    43  92.8227   0.0000  -0.0000
    44  94.7266   0.0000   0.0000
    45  96.9964   0.0000   0.0000
    46  97.0270   0.0000   0.0000
    47  97.0270   0.0000  -0.0000
    48 105.4237   0.0000   0.0000
    49 105.4310   0.0000  -0.0000
    50 105.4310   0.0000   0.0000
    51 108.9233   0.0000   0.0000
    52 109.4711   0.0000   0.0000
    53 112.7020   0.0000  -0.0000
    54 112.7020   0.0000  -0.0000
    55 114.1550   0.0000   0.0000
    56 117.8590   0.0000  -0.0000
    57 123.0207   0.0000  -0.0000
    58 123.8917   0.0000   0.0000
    59 123.8917   0.0000  -0.0000
    60 125.9922   0.0000   0.0000
  0.375000  0.250000  0.000000
  60
     1 -71.0893  -0.0000  -0.0000
     2 -36.2103  -0.0000   0.0000
     3 -36.1405  -0.0000  -0.0000
     4 -36.1368  -0.0000  -0.0000
     5 -12.8856   0.0000   0.0000
     6   0.9388   0.0000   0.0000
     7   3.4694   0.0000  -0.0000
     8   3.7666   0.0000  -0.0000
     9  17.8618   0.0000  -0.0000
    10  18.7505   0.0000  -0.0000
    11  23.4532   0.0000   0.0000
    12  27.4432   0.0000   0.0000
    13  28.0086   0.0000   0.0000
    14  34.0282   0.0000   0.0000
    15  38.2477   0.0000  -0.0000
    16  39.4430   0.0000   0.0000
    17  40.6728   0.0000  -0.0000
    18  42.7976   0.0000   0.0000
    19  44.8293   0.0000   0.0000
    20  46.5965   0.0000  -0.0000
    21  50.4370   0.0000  -0.0000
    22  52.7093   0.0000   0.0000
    23  56.0151   0.0000  -0.0000
    24  59.5690   0.0000  -0.0000
    25  63.8129   0.0000  -0.0000
    26  65.0801   0.0000  -0.0000
    27  67.8716   0.0000   0.0000
    28  68.7069   0.0000   0.0000
    29  69.2245   0.0000   0.0000
    30  72.6085   0.0000  -0.0000
    31  75.0661   0.0000   0.0000
    32  77.6454   0.0000   0.0000
    33  79.2521   0.0000   0.0000
    34  80.9840   0.0000   0.0000
    35  82.5246   0.0000   0.0000
    36  83.5488   0.0000   0.0000
    37  86.6221   0.0000   0.0000
    38  87.2498   0.0000  -0.0000
    39  87.5791   0.0000   0.0000
    40  89.4511   0.0000   0.0000
    41  92.5711   0.0000   0.0000
    42  95.2478   0.0000   0.0000
    43  95.9399   0.0000   0.0000
    44  96.6614   0.0000  -0.0000
    45  98.7301   0.0000   0.0000
    46  98.8665   0.0000   0.0000
    47 101.1186   0.0000  -0.0000
    48 105.1348   0.0000  -0.0000
    49 105.8338   0.0000  -0.0000
    50 108.6901   0.0000  -0.0000
    51 109.3163   0.0000  -0.0000
    52 113.0219   0.0000   0.0000
    53 113.4387   0.0000  -0.0000
    54 116.9622   0.0000  -0.0000
    55 119.9524   0.0000  -0.0000
    56 120.6040   0.0000  -0.0000
    57 121.6920   0.0000  -0.0000
    58 123.8426   0.0000  -0.0000
    59 125.5028   0.0000  -0.0000
    60 127.6317   0.0000  -0.0000
  0.500000  0.250000  0.000000
  60
     1 -71.0850  -0.0000  -0.0000
     2 -36.2328  -0.0000  -0.0000
     3 -36.1585  -0.0000   0.0000
     4 -36.1363  -0.0000  -0.0000
     5 -12.4320   0.0000  -0.0000
     6   0.3194   0.0000  -0.0000
     7   2.5809   0.0000  -0.0000
     8   3.6637   0.0000  -0.0000
     9  17.9080   0.0000  -0.0000
    10  20.4846   0.0000  -0.0000
    11  22.5401   0.0000  -0.0000
    12  27.3514   0.0000  -0.0000
    13  28.7730   0.0000   0.0000
    14  34.5873   0.0000  -0.0000
    15  37.6406   0.0000   0.0000
    16  39.4945   0.0000  -0.0000
    17  40.0715   0.0000  -0.0000
    18  43.2305   0.0000   0.0000
    19  45.6540   0.0000   0.0000
    20  50.5052   0.0000   0.0000
    21  52.7297   0.0000   0.0000
    22  54.7725   0.0000   0.0000
    23  55.1231   0.0000  -0.0000
    24  58.7085   0.0000  -0.0000
    25  60.0964   0.0000  -0.0000
    26  63.8754   0.0000   0.0000
    27  64.8274   0.0000  -0.0000
    28  68.2048   0.0000   0.0000
    29  68.5606   0.0000   0.0000
    30  71.4089   0.0000  -0.0000
    31  71.9965   0.0000  -0.0000
    32  73.4638   0.0000   0.0000
    33  77.7446   0.0000   0.0000
    34  79.3011   0.0000  -0.0000
    35  81.8824   0.0000  -0.0000
    36  82.0128   0.0000   0.0000
    37  84.3385   0.0000  -0.0000
    38  86.8288   0.0000  -0.0000
    39  89.2224   0.0000  -0.0000
    40  89.5767   0.0000  -0.0000
    41  94.9881   0.0000   0.0000
    42  95.8147   0.0000   0.0000
    43  99.8905   0.0000   0.0000
    44 100.5753   0.0000  -0.0000
    45 101.1225   0.0000   0.0000
    46 103.1510   0.0000  -0.0000
    47 106.7417   0.0000   0.0000
    48 107.2686   0.0000   0.0000
    49 109.0992   0.0000   0.0000
    50 109.6360   0.0000   0.0000
    51 111.3764   0.0000   0.0000
    52 112.2971   0.0000   0.0000
    53 113.0268   0.0000  -0.0000
    54 116.0286   0.0000  -0.0000
    55 120.1183   0.0000   0.0000
    56 120.3292   0.0000  -0.0000
    57 122.4576   0.0000  -0.0000
    58 122.7935   0.0000   0.0000
    59 125.0779   0.0000   0.0000
    60 126.3702   0.0000   0.0000
 -0.375000  0.250000  0.000000
  60
     1 -71.0846  -0.0000  -0.0000
     2 -36.2309  -0.0000   0.0000
     3 -36.1736  -0.0000  -0.0000
     4 -36.1280  -0.0000   0.0000
     5 -12.3484   0.0000   0.0000
     6   0.3833   0.0000  -0.0000
     7   2.0217   0.0000  -0.0000
     8   3.7885   0.0000  -0.0000
     9  18.3304   0.0000  -0.0000
    10  20.8988   0.0000   0.0000
    11  22.6810   0.0000  -0.0000
    12  27.1541   0.0000   0.0000
    13  29.4994   0.0000   0.0000
    14  32.0132   0.0000   0.0000
    15  37.2146   0.0000   0.0000
    16  40.0700   0.0000  -0.0000
    17  40.5677   0.0000  -0.0000
    18  43.8009   0.0000   0.0000
    19  46.1991   0.0000  -0.0000
    20  49.2495   0.0000   0.0000
    21  52.7707   0.0000   0.0000
    22  55.7182   0.0000   0.0000
    23  58.1641   0.0000   0.0000
    24  59.8883   0.0000   0.0000
    25  60.4118   0.0000   0.0000
    26  62.3564   0.0000  -0.0000
    27  62.8683   0.0000  -0.0000
    28  67.0489   0.0000   0.0000
    29  69.5567   0.0000  -0.0000
    30  70.1634   0.0000   0.0000
    31  72.0123   0.0000   0.0000
    32  72.9763   0.0000  -0.0000
    33  75.9418   0.0000  -0.0000
    34  76.9450   0.0000   0.0000
    35  82.5536   0.0000   0.0000
    36  83.9059   0.0000   0.0000
    37  84.0458   0.0000   0.0000
    38  85.2741   0.0000  -0.0000
    39  90.6798   0.0000   0.0000
    40  92.0579   0.0000  -0.0000
    41  93.9540   0.0000   0.0000
    42  94.4970   0.0000  -0.0000
    43  99.9567   0.0000  -0.0000
    44 102.3770   0.0000  -0.0000
    45 102.7816   0.0000   0.0000
    46 104.2231   0.0000   0.0000
    47 107.4086   0.0000  -0.0000
    48 107.7817   0.0000   0.0000
    49 109.0546   0.0000   0.0000
    50 110.3783   0.0000  -0.0000
    51 112.3782   0.0000   0.0000
    52 112.5461   0.0000  -0.0000
    53 115.4844   0.0000   0.0000
    54 116.6829   0.0000   0.0000
    55 118.1394   0.0000  -0.0000
    56 119.1059   0.0000   0.0000
    57 120.0152   0.0000  -0.0000
    58 121.8947   0.0000   0.0000
    59 122.7433   0.0000  -0.0000
    60 126.6392   0.0000  -0.0000
 -0.250000  0.250000  0.000000
  60
     1 -71.0883  -0.0000  -0.0000
     2 -36.2196  -0.0000  -0.0000
     3 -36.1632  -0.0000  -0.0000
     4 -36.1168  -0.0000   0.0000
     5 -12.6978   0.0000   0.0000
     6   0.7796   0.0000  -0.0000
     7   2.4759   0.0000  -0.0000
     8   4.0834   0.0000  -0.0000
     9  18.3419   0.0000  -0.0000
    10  20.0729   0.0000   0.0000
    11  23.5561   0.0000   0.0000
    12  27.1985   0.0000   0.0000
    13  28.9468   0.0000   0.0000
    14  30.9603   0.0000   0.0000
    15  36.7104   0.0000  -0.0000
    16  39.6743   0.0000   0.0000
    17  41.5861   0.0000  -0.0000
    18  42.2840   0.0000  -0.0000
    19  45.2791   0.0000  -0.0000
    20  50.2721   0.0000   0.0000
    21  50.8555   0.0000  -0.0000
    22  52.9424   0.0000  -0.0000
    23  54.3566   0.0000   0.0000
    24  63.0015   0.0000   0.0000
    25  63.3027   0.0000   0.0000
    26  66.3603   0.0000  -0.0000
    27  67.1225   0.0000  -0.0000
    28  69.0438   0.0000   0.0000
    29  69.3028   0.0000  -0.0000
    30  70.4882   0.0000   0.0000
    31  72.6328   0.0000   0.0000
    32  75.1594   0.0000   0.0000
    33  76.1933   0.0000   0.0000
    34  76.8068   0.0000   0.0000
    35  83.1669   0.0000   0.0000
    36  84.7678   0.0000   0.0000
    37  84.9527   0.0000   0.0000
    38  86.0745   0.0000   0.0000
    39  90.5041   0.0000   0.0000
    40  91.5667   0.0000   0.0000
    41  92.6071   0.0000   0.0000
    42  93.9683   0.0000   0.0000
    43  94.0707   0.0000  -0.0000
    44 100.4377   0.0000  -0.0000
    45 100.7148   0.0000  -0.0000
    46 101.4820   0.0000  -0.0000
    47 105.6405   0.0000   0.0000
    48 107.0269   0.0000   0.0000
    49 108.7567   0.0000  -0.0000
    50 109.3980   0.0000  -0.0000
    51 109.5585   0.0000  -0.0000
    52 112.9620   0.0000  -0.0000
    53 113.3988   0.0000  -0.0000
    54 118.1856   0.0000   0.0000
    55 118.5220   0.0000   0.0000
    56 120.1011   0.0000   0.0000
    57 120.1011   0.0000   0.0000
    58 123.0825   0.0000  -0.0000
    59 123.3917   0.0000  -0.0000
    60 123.9189   0.0000   0.0000
  0.375000  0.375000  0.000000
  60
     1 -71.0856  -0.0000  -0.0000
     2 -36.2226  -0.0000   0.0000
     3 -36.1482  -0.0000  -0.0000
     4 -36.1482  -0.0000   0.0000
     5 -12.6078   0.0000  -0.0000
     6   0.4509   0.0000   0.0000
     7   3.4984   0.0000   0.0000
     8   3.4984   0.0000  -0.0000
     9  16.9295   0.0000   0.0000
    10  18.9883   0.0000   0.0000
    11  22.6675   0.0000   0.0000
    12  28.5899   0.0000  -0.0000
    13  28.5900   0.0000  -0.0000
    14  35.4472   0.0000  -0.0000
    15  38.1178   0.0000  -0.0000
    16  41.2217   0.0000   0.0000
    17  41.2217   0.0000   0.0000
    18  46.2022   0.0000   0.0000
    19  46.2398   0.0000   0.0000
    20  46.2399   0.0000   0.0000
    21  47.9033   0.0000   0.0000
    22  49.7168   0.0000   0.0000
    23  57.5124   0.0000   0.0000
    24  57.5129   0.0000   0.0000
    25  64.7095   0.0000  -0.0000
    26  64.7095   0.0000   0.0000
    27  65.0463   0.0000   0.0000
    28  66.6563   0.0000   0.0000
    29  67.4008   0.0000   0.0000
    30  67.7844   0.0000   0.0000
    31  77.8203   0.0000  -0.0000
    32  78.4132   0.0000   0.0000
    33  80.3247   0.0000  -0.0000
    34  81.1213   0.0000   0.0000
    35  81.1213   0.0000  -0.0000
    36  83.6451   0.0000  -0.0000
    37  86.6562   0.0000  -0.0000
    38  86.9337   0.0000  -0.0000
    39  90.8504   0.0000  -0.0000
    40  90.8505   0.0000   0.0000
    41  91.1682   0.0000  -0.0000
    42  91.1682   0.0000   0.0000
    43  92.9923   0.0000   0.0000
    44  93.6560   0.0000  -0.0000
    45 101.4579   0.0000   0.0000
    46 101.4580   0.0000  -0.0000
    47 103.7975   0.0000   0.0000
    48 108.1417   0.0000   0.0000
    49 108.1424   0.0000  -0.0000
    50 109.8288   0.0000  -0.0000
    51 112.4288   0.0000  -0.0000
    52 116.6908   0.0000   0.0000
    53 118.9063   0.0000   0.0000
    54 118.9064   0.0000   0.0000
    55 119.2826   0.0000   0.0000
    56 120.5398   0.0000  -0.0000
    57 120.5399   0.0000   0.0000
    58 121.8207   0.0000  -0.0000
    59 126.0146   0.0000   0.0000
    60 128.4855   0.0000   0.0000
  0.500000  0.375000  0.000000
  60
     1 -71.0827  -0.0000  -0.0000
     2 -36.2311  -0.0000  -0.0000
     3 -36.1634  -0.0000  -0.0000
     4 -36.1502  -0.0000   0.0000
     5 -12.3267   0.0000   0.0000
     6   0.2082   0.0000  -0.0000
     7   2.8369   0.0000  -0.0000
     8   3.3971   0.0000   0.0000
     9  17.0560   0.0000  -0.0000
    10  19.7463   0.0000  -0.0000
    11  22.1601   0.0000   0.0000
    12  28.7407   0.0000  -0.0000
    13  28.8242   0.0000   0.0000
    14  36.7732   0.0000   0.0000
    15  37.7782   0.0000   0.0000
    16  39.5580   0.0000  -0.0000
    17  40.8328   0.0000  -0.0000
    18  46.2471   0.0000  -0.0000
    19  46.9506   0.0000   0.0000
    20  49.6957   0.0000  -0.0000
    21  52.1247   0.0000  -0.0000
    22  52.3156   0.0000  -0.0000
    23  53.5506   0.0000   0.0000
    24  55.8980   0.0000  -0.0000
    25  59.3282   0.0000   0.0000
    26  62.8446   0.0000  -0.0000
    27  62.9281   0.0000  -0.0000
    28  66.8648   0.0000  -0.0000
    29  69.7006   0.0000   0.0000
    30  70.5088   0.0000   0.0000
    31  73.3163   0.0000   0.0000
    32  76.9333   0.0000  -0.0000
    33  78.3613   0.0000  -0.0000
    34  80.1578   0.0000  -0.0000
    35  80.7031   0.0000   0.0000
    36  82.5331   0.0000   0.0000
    37  82.9986   0.0000   0.0000
    38  85.6979   0.0000   0.0000
    39  89.8993   0.0000   0.0000
    40  92.3147   0.0000  -0.0000
    41  92.5247   0.0000  -0.0000
    42  94.9899   0.0000   0.0000
    43  95.9269   0.0000   0.0000
    44  99.9149   0.0000  -0.0000
    45 103.3298   0.0000   0.0000
    46 104.2886   0.0000  -0.0000
    47 106.4657   0.0000  -0.0000
    48 107.8517   0.0000  -0.0000
    49 109.3810   0.0000   0.0000
    50 112.5623   0.0000  -0.0000
    51 113.4743   0.0000   0.0000
    52 115.1531   0.0000   0.0000
    53 116.2286   0.0000  -0.0000
    54 117.3767   0.0000  -0.0000
    55 120.0178   0.0000  -0.0000
    56 120.5209   0.0000  -0.0000
    57 121.4700   0.0000  -0.0000
    58 124.9132   0.0000   0.0000
    59 124.9197   0.0000  -0.0000
    60 126.7144   0.0000  -0.0000
 -0.375000  0.375000  0.000000
  60
     1 -71.0823  -0.0000   0.0000
     2 -36.2158  -0.0000   0.0000
     3 -36.1929  -0.0000   0.0000
     4 -36.1420  -0.0000   0.0000
     5 -12.2198   0.0000   0.0000
     6   0.6529   0.0000  -0.0000
     7   1.6458   0.0000  -0.0000
     8   3.5113   0.0000   0.0000
     9  18.0111   0.0000  -0.0000
    10  21.2392   0.0000  -0.0000
    11  21.4525   0.0000  -0.0000
    12  28.1310   0.0000   0.0000
    13  28.3930   0.0000  -0.0000
    14  34.8708   0.0000  -0.0000
    15  38.7400   0.0000   0.0000
    16  39.1227   0.0000  -0.0000
    17  39.6127   0.0000  -0.0000
    18  46.6661   0.0000  -0.0000
    19  48.2723   0.0000   0.0000
    20  49.3993   0.0000   0.0000
    21  53.6396   0.0000  -0.0000
    22  54.4057   0.0000   0.0000
    23  55.5772   0.0000   0.0000
    24  55.5973   0.0000  -0.0000
    25  60.9054   0.0000   0.0000
    26  61.5443   0.0000   0.0000
    27  61.9500   0.0000  -0.0000
    28  64.5993   0.0000  -0.0000
    29  68.7228   0.0000  -0.0000
    30  70.9850   0.0000   0.0000
    31  73.0252   0.0000   0.0000
    32  73.6293   0.0000  -0.0000
    33  76.4921   0.0000   0.0000
    34  78.0387   0.0000   0.0000
    35  81.2916   0.0000   0.0000
    36  82.6451   0.0000  -0.0000
    37  82.6538   0.0000  -0.0000
    38  83.6437   0.0000   0.0000
    39  92.9809   0.0000  -0.0000
    40  93.1746   0.0000   0.0000
    41  93.7831   0.0000   0.0000
    42 100.1776   0.0000  -0.0000
    43 101.4389   0.0000  -0.0000
    44 102.5650   0.0000   0.0000
    45 103.3381   0.0000   0.0000
    46 105.5371   0.0000   0.0000
    47 106.4372   0.0000   0.0000
    48 106.5864   0.0000   0.0000
    49 107.8730   0.0000   0.0000
    50 108.9765   0.0000  -0.0000
    51 111.6482   0.0000  -0.0000
    52 114.9653   0.0000   0.0000
    53 115.2910   0.0000   0.0000
    54 115.7464   0.0000   0.0000
    55 116.5845   0.0000   0.0000
    56 120.6042   0.0000   0.0000
    57 121.8268   0.0000   0.0000
    58 123.4983   0.0000   0.0000
    59 124.6355   0.0000   0.0000
    60 125.0689   0.0000   0.0000
  0.500000  0.500000  0.000000
  60
     1 -71.0817  -0.0000   0.0000
     2 -36.2401  -0.0000   0.0000
     3 -36.1560  -0.0000   0.0000
     4 -36.1560  -0.0000   0.0000
     5 -12.2775   0.0000  -0.0000
     6  -0.0577   0.0000  -0.0000
     7   3.2918   0.0000   0.0000
     8   3.2918   0.0000  -0.0000
     9  16.3310   0.0000   0.0000
    10  19.2556   0.0000  -0.0000
    11  22.3965   0.0000  -0.0000
    12  29.3433   0.0000  -0.0000
    13  29.3433   0.0000  -0.0000
    14  36.9387   0.0000  -0.0000
    15  37.1609   0.0000   0.0000
    16  41.5927   0.0000   0.0000
    17  41.5927   0.0000   0.0000
    18  45.0082   0.0000  -0.0000
    19  48.6024   0.0000  -0.0000
    20  48.6024   0.0000   0.0000
    21  51.3543   0.0000  -0.0000
    22  53.9523   0.0000   0.0000
    23  53.9523   0.0000  -0.0000
    24  54.7330   0.0000  -0.0000
    25  55.4470   0.0000  -0.0000
    26  62.6618   0.0000   0.0000
    27  62.6618   0.0000   0.0000
    28  65.3954   0.0000   0.0000
    29  68.7260   0.0000   0.0000
    30  72.9920   0.0000   0.0000
    31  77.1828   0.0000  -0.0000
    32  77.9980   0.0000  -0.0000
    33  79.5394   0.0000  -0.0000
    34  80.1184   0.0000   0.0000
    35  80.1184   0.0000   0.0000
    36  81.5125   0.0000   0.0000
    37  81.5830   0.0000   0.0000
    38  86.0564   0.0000   0.0000
    39  90.6010   0.0000   0.0000
    40  90.6010   0.0000  -0.0000
    41  92.4116   0.0000   0.0000
    42  92.7651   0.0000  -0.0000
    43  92.7651   0.0000   0.0000
    44  96.8549   0.0000   0.0000
    45 106.0674   0.0000  -0.0000
    46 107.1992   0.0000   0.0000
    47 107.1992   0.0000   0.0000
    48 110.3690   0.0000  -0.0000
    49 110.3690   0.0000  -0.0000
    50 114.2845   0.0000   0.0000
    51 114.2845   0.0000  -0.0000
    52 116.5621   0.0000   0.0000
    53 117.4176   0.0000  -0.0000
    54 120.0283   0.0000  -0.0000
    55 120.4775   0.0000  -0.0000
    56 121.8319   0.0000   0.0000
    57 121.8319   0.0000   0.0000
    58 121.9825   0.0000   0.0000
    59 124.0639   0.0000  -0.0000
    60 126.6574   0.0000  -0.0000
  0.375000  0.250000  0.125000
  60
     1 -71.0930  -0.0000  -0.0000
     2 -36.1980  -0.0000  -0.0000
     3 -36.1392  -0.0000   0.0000
     4 -36.1181  -0.0000  -0.0000
     5 -13.1788   0.0000  -0.0000
     6   1.4342   0.0000   0.0000
     7   3.5254   0.0000   0.0000
     8   4.1610   0.0000   0.0000
     9  17.5686   0.0000  -0.0000
    10  19.3305   0.0000   0.0000
    11  24.4542   0.0000   0.0000
    12  27.1045   0.0000  -0.0000
    13  27.2071   0.0000   0.0000
    14  32.2553   0.0000  -0.0000
    15  36.5703   0.0000   0.0000
    16  38.6168   0.0000  -0.0000
    17  40.6232   0.0000   0.0000
    18  41.9764   0.0000   0.0000
    19  44.0482   0.0000  -0.0000
    20  48.0309   0.0000  -0.0000
    21  50.1342   0.0000   0.0000
    22  54.2462   0.0000  -0.0000
    23  56.4906   0.0000  -0.0000
    24  59.4356   0.0000   0.0000
    25  62.5736   0.0000   0.0000
    26  67.5194   0.0000  -0.0000
    27  69.4475   0.0000  -0.0000
    28  71.0438   0.0000   0.0000
    29  71.6303   0.0000   0.0000
    30  74.8751   0.0000  -0.0000
    31  77.7652   0.0000  -0.0000
    32  78.6265   0.0000   0.0000
    33  79.2078   0.0000   0.0000
    34  79.3099   0.0000   0.0000
    35  80.6976   0.0000  -0.0000
    36  82.8520   0.0000  -0.0000
    37  84.5307   0.0000  -0.0000
    38  85.3151   0.0000   0.0000
    39  90.7030   0.0000  -0.0000
    40  91.4962   0.0000   0.0000
    41  93.0253   0.0000  -0.0000
    42  94.3766   0.0000   0.0000
    43  95.1850   0.0000   0.0000
    44  96.0473   0.0000   0.0000
    45  96.2943   0.0000  -0.0000
    46  99.8800   0.0000   0.0000
    47 101.0659   0.0000  -0.0000
    48 103.9720   0.0000   0.0000
    49 105.8132   0.0000  -0.0000
    50 105.8782   0.0000   0.0000
    51 107.0031   0.0000  -0.0000
    52 112.7742   0.0000   0.0000
    53 113.4172   0.0000   0.0000
    54 115.4276   0.0000   0.0000
    55 117.8217   0.0000  -0.0000
    56 118.8506   0.0000   0.0000
    57 119.7970   0.0000   0.0000
    58 123.3570   0.0000   0.0000
    59 124.0337   0.0000  -0.0000
    60 126.5797   0.0000  -0.0000
  0.500000  0.250000  0.125000
  60
     1 -71.0874  -0.0000   0.0000
     2 -36.2285  -0.0000  -0.0000
     3 -36.1536  -0.0000  -0.0000
     4 -36.1256  -0.0000  -0.0000
     5 -12.6199   0.0000  -0.0000
     6   0.4937   0.0000  -0.0000
     7   2.8105   0.0000  -0.0000
     8   3.8367   0.0000   0.0000
     9  18.1161   0.0000   0.0000
    10  20.1575   0.0000   0.0000
    11  23.3046   0.0000  -0.0000
    12  26.7697   0.0000   0.0000
    13  29.1945   0.0000  -0.0000
    14  32.4684   0.0000  -0.0000
    15  36.7733   0.0000   0.0000
    16  40.3473   0.0000  -0.0000
    17  40.5740   0.0000   0.0000
    18  43.2518   0.0000  -0.0000
    19  44.1168   0.0000   0.0000
    20  50.0041   0.0000  -0.0000
    21  51.8401   0.0000   0.0000
    22  52.1567   0.0000   0.0000
    23  56.9010   0.0000   0.0000
    24  60.9297   0.0000  -0.0000
    25  62.4060   0.0000   0.0000
    26  64.3409   0.0000   0.0000
    27  66.4607   0.0000  -0.0000
    28  68.3951   0.0000   0.0000
    29  70.8025   0.0000  -0.0000
    30  71.2278   0.0000  -0.0000
    31  72.1603   0.0000  -0.0000
    32  75.8372   0.0000   0.0000
    33  76.4743   0.0000  -0.0000
    34  78.3934   0.0000  -0.0000
    35  79.3485   0.0000  -0.0000
    36  83.1082   0.0000   0.0000
    37  84.8748   0.0000   0.0000
    38  88.4532   0.0000   0.0000
    39  89.2899   0.0000  -0.0000
    40  93.1064   0.0000   0.0000
    41  94.0383   0.0000   0.0000
    42  94.4984   0.0000   0.0000
    43  96.6134   0.0000  -0.0000
    44  98.4126   0.0000  -0.0000
    45  99.5677   0.0000   0.0000
    46 101.3100   0.0000   0.0000
    47 103.5688   0.0000  -0.0000
    48 107.5550   0.0000   0.0000
    49 108.2387   0.0000   0.0000
    50 110.5215   0.0000   0.0000
    51 112.0679   0.0000  -0.0000
    52 113.8246   0.0000   0.0000
    53 114.6158   0.0000   0.0000
    54 115.1487   0.0000  -0.0000
    55 117.4104   0.0000  -0.0000
    56 119.5140   0.0000  -0.0000
    57 121.4959   0.0000   0.0000
    58 123.8312   0.0000   0.0000
    59 124.8270   0.0000   0.0000
    60 127.5712   0.0000   0.0000
 -0.375000  0.250000  0.125000
  60
     1 -71.0850  -0.0000  -0.0000
     2 -36.2417  -0.0000  -0.0000
     3 -36.1571  -0.0000  -0.0000
     4 -36.1304  -0.0000  -0.0000
     5 -12.3665   0.0000  -0.0000
     6   0.0765   0.0000   0.0000
     7   2.5559   0.0000   0.0000
     8   3.6880   0.0000  -0.0000
     9  18.0544   0.0000   0.0000
    10  21.0518   0.0000  -0.0000
    11  22.9207   0.0000   0.0000
    12  26.5240   0.0000  -0.0000
    13  30.2708   0.0000  -0.0000
    14  32.1577   0.0000  -0.0000
    15  36.8428   0.0000  -0.0000
    16  39.8711   0.0000  -0.0000
    17  40.7655   0.0000  -0.0000
    18  42.6723   0.0000   0.0000
    19  46.8959   0.0000   0.0000
    20  47.4807   0.0000   0.0000
    21  55.3469   0.0000   0.0000
    22  55.6441   0.0000  -0.0000
    23  57.7272   0.0000  -0.0000
    24  59.0437   0.0000   0.0000
    25  60.8889   0.0000  -0.0000
    26  61.7861   0.0000  -0.0000
    27  65.0053   0.0000   0.0000
    28  66.7128   0.0000  -0.0000
    29  68.6306   0.0000  -0.0000
    30  70.2790   0.0000  -0.0000
    31  71.7002   0.0000   0.0000
    32  75.2881   0.0000   0.0000
    33  75.7905   0.0000   0.0000
    34  77.8683   0.0000   0.0000
    35  79.5040   0.0000  -0.0000
    36  82.2314   0.0000   0.0000
    37  86.1527   0.0000  -0.0000
    38  87.2294   0.0000   0.0000
    39  90.7533   0.0000  -0.0000
    40  91.5696   0.0000   0.0000
    41  93.7492   0.0000  -0.0000
    42  94.1091   0.0000   0.0000
    43  98.1454   0.0000  -0.0000
    44  99.9229   0.0000  -0.0000
    45 102.6153   0.0000  -0.0000
    46 105.3939   0.0000  -0.0000
    47 106.1262   0.0000  -0.0000
    48 108.1069   0.0000  -0.0000
    49 109.5739   0.0000   0.0000
    50 110.9413   0.0000   0.0000
    51 113.7132   0.0000  -0.0000
    52 113.8008   0.0000   0.0000
    53 115.6158   0.0000  -0.0000
    54 116.7938   0.0000  -0.0000
    55 118.0730   0.0000   0.0000
    56 118.3923   0.0000   0.0000
    57 121.8143   0.0000   0.0000
    58 121.8185   0.0000  -0.0000
    59 123.0524   0.0000   0.0000
    60 123.2318   0.0000   0.0000
  0.500000  0.375000  0.125000
  60
     1 -71.0850  -0.0000  -0.0000
     2 -36.2225  -0.0000   0.0000
     3 -36.1595  -0.0000  -0.0000
     4 -36.1437  -0.0000  -0.0000
     5 -12.4961   0.0000  -0.0000
     6   0.5317   0.0000  -0.0000
     7   2.8578   0.0000   0.0000
     8   3.4078   0.0000  -0.0000
     9  18.0313   0.0000  -0.0000
    10  19.5476   0.0000  -0.0000
    11  22.3845   0.0000   0.0000
    12  27.4401   0.0000  -0.0000
    13  29.1324   0.0000  -0.0000
    14  34.6032   0.0000   0.0000
    15  39.0239   0.0000  -0.0000
    16  39.4560   0.0000  -0.0000
    17  40.6192   0.0000  -0.0000
    18  44.5664   0.0000   0.0000
    19  44.9223   0.0000  -0.0000
    20  49.8784   0.0000  -0.0000
    21  50.1471   0.0000   0.0000
    22  54.4841   0.0000   0.0000
    23  55.4034   0.0000  -0.0000
    24  56.6000   0.0000   0.0000
    25  60.9867   0.0000  -0.0000
    26  62.9101   0.0000  -0.0000
    27  67.5105   0.0000  -0.0000
    28  68.7904   0.0000   0.0000
    29  68.8254   0.0000  -0.0000
    30  70.1842   0.0000  -0.0000
    31  74.0970   0.0000   0.0000
    32  74.4119   0.0000   0.0000
    33  76.9530   0.0000   0.0000
    34  77.8323   0.0000  -0.0000
    35  80.3851   0.0000  -0.0000
    36  81.3292   0.0000   0.0000
    37  88.0000   0.0000   0.0000
    38  89.0003   0.0000  -0.0000
    39  91.4975   0.0000   0.0000
    40  92.6814   0.0000   0.0000
    41  93.5335   0.0000  -0.0000
    42  93.7836   0.0000  -0.0000
    43  95.0116   0.0000  -0.0000
    44  98.6540   0.0000   0.0000
    45 100.5056   0.0000   0.0000
    46 102.1477   0.0000  -0.0000
    47 105.3080   0.0000  -0.0000
    48 106.9424   0.0000  -0.0000
    49 109.0193   0.0000  -0.0000
    50 109.4236   0.0000   0.0000
    51 109.8773   0.0000   0.0000
    52 113.2303   0.0000   0.0000
    53 115.7811   0.0000  -0.0000
    54 117.3199   0.0000  -0.0000
    55 119.4640   0.0000  -0.0000
    56 120.7103   0.0000   0.0000
    57 124.5725   0.0000   0.0000
    58 125.1493   0.0000  -0.0000
    59 126.6475   0.0000  -0.0000
    60 126.8681   0.0000  -0.0000
 -0.375000  0.375000  0.125000
  60
     1 -71.0827  -0.0000  -0.0000
     2 -36.2188  -0.0000   0.0000
     3 -36.1815  -0.0000  -0.0000
     4 -36.1471  -0.0000  -0.0000
     5 -12.2445   0.0000   0.0000
     6   0.6584   0.0000   0.0000
     7   1.8917   0.0000  -0.0000
     8   3.2408   0.0000  -0.0000
     9  18.6988   0.0000  -0.0000
    10  20.7106   0.0000  -0.0000
    11  21.7662   0.0000   0.0000
    12  26.5271   0.0000  -0.0000
    13  30.0878   0.0000  -0.0000
    14  33.5522   0.0000  -0.0000
    15  38.3232   0.0000   0.0000
    16  39.8200   0.0000   0.0000
    17  40.8641   0.0000  -0.0000
    18  44.5172   0.0000  -0.0000
    19  47.9600   0.0000  -0.0000
    20  50.5378   0.0000  -0.0000
    21  52.2591   0.0000  -0.0000
    22  53.8706   0.0000   0.0000
    23  56.0275   0.0000  -0.0000
    24  58.5542   0.0000   0.0000
    25  59.1841   0.0000  -0.0000
    26  61.0300   0.0000   0.0000
    27  64.9040   0.0000   0.0000
    28  66.4670   0.0000   0.0000
    29  69.7040   0.0000  -0.0000
    30  70.2259   0.0000  -0.0000
    31  70.9689   0.0000  -0.0000
    32  72.9985   0.0000   0.0000
    33  74.2916   0.0000   0.0000
    34  76.7107   0.0000  -0.0000
    35  78.2167   0.0000   0.0000
    36  81.9438   0.0000   0.0000
    37  87.3213   0.0000  -0.0000
    38  89.7378   0.0000  -0.0000
    39  91.9624   0.0000  -0.0000
    40  93.2020   0.0000  -0.0000
    41  95.2518   0.0000   0.0000
    42  99.3745   0.0000   0.0000
    43  99.5698   0.0000  -0.0000
    44 100.6379   0.0000  -0.0000
    45 102.4194   0.0000   0.0000
    46 102.7775   0.0000  -0.0000
    47 106.1376   0.0000  -0.0000
    48 106.7579   0.0000  -0.0000
    49 108.5046   0.0000  -0.0000
    50 109.2853   0.0000   0.0000
    51 112.6560   0.0000   0.0000
    52 113.1011   0.0000  -0.0000
    53 115.2713   0.0000  -0.0000
    54 116.9626   0.0000   0.0000
    55 118.0764   0.0000   0.0000
    56 119.6792   0.0000  -0.0000
    57 121.8161   0.0000   0.0000
    58 124.7433   0.0000   0.0000
    59 125.5067   0.0000   0.0000
    60 125.5654   0.0000   0.0000
 -0.250000  0.375000  0.125000
  60
     1 -71.0837  -0.0000  -0.0000
     2 -36.2149  -0.0000  -0.0000
     3 -36.1875  -0.0000   0.0000
     4 -36.1375  -0.0000  -0.0000
     5 -12.2997   0.0000  -0.0000
     6   0.8384   0.0000   0.0000
     7   1.6222   0.0000  -0.0000
     8   3.4585   0.0000  -0.0000
     9  19.3254   0.0000   0.0000
    10  20.1127   0.0000   0.0000
    11  22.3176   0.0000   0.0000
    12  26.4666   0.0000   0.0000
    13  30.9367   0.0000   0.0000
    14  31.2004   0.0000  -0.0000
    15  39.0407   0.0000  -0.0000
    16  39.5208   0.0000   0.0000
    17  40.4685   0.0000   0.0000
    18  45.2891   0.0000   0.0000
    19  45.5511   0.0000   0.0000
    20  51.3388   0.0000   0.0000
    21  51.7932   0.0000   0.0000
    22  54.7282   0.0000   0.0000
    23  55.5464   0.0000   0.0000
    24  58.8983   0.0000  -0.0000
    25  60.7304   0.0000  -0.0000
    26  63.9065   0.0000  -0.0000
    27  65.2562   0.0000  -0.0000
    28  66.3307   0.0000  -0.0000
    29  66.4380   0.0000   0.0000
    30  71.0019   0.0000  -0.0000
    31  71.2625   0.0000   0.0000
    32  74.2397   0.0000   0.0000
    33  74.6533   0.0000  -0.0000
    34  75.5830   0.0000  -0.0000
    35  78.0941   0.0000  -0.0000
    36  82.4997   0.0000   0.0000
    37  86.1645   0.0000   0.0000
    38  90.3985   0.0000  -0.0000
    39  93.3290   0.0000  -0.0000
    40  93.3948   0.0000   0.0000
    41  94.8496   0.0000   0.0000
    42  97.0580   0.0000   0.0000
    43  98.7259   0.0000  -0.0000
    44 101.4186   0.0000   0.0000
    45 102.0452   0.0000  -0.0000
    46 103.8099   0.0000  -0.0000
    47 104.1776   0.0000  -0.0000
    48 107.3347   0.0000  -0.0000
    49 108.3014   0.0000  -0.0000
    50 108.7774   0.0000   0.0000
    51 111.6218   0.0000   0.0000
    52 112.1369   0.0000  -0.0000
    53 117.0551   0.0000   0.0000
    54 118.4918   0.0000  -0.0000
    55 119.3442   0.0000  -0.0000
    56 121.4173   0.0000   0.0000
    57 121.8550   0.0000  -0.0000
    58 122.9949   0.0000  -0.0000
    59 123.4685   0.0000   0.0000
    60 124.9357   0.0000   0.0000
 -0.375000  0.500000  0.125000
  60
     1 -71.0817  -0.0000  -0.0000
     2 -36.2275  -0.0000   0.0000
     3 -36.1680  -0.0000   0.0000
     4 -36.1582  -0.0000   0.0000
     5 -12.2227   0.0000  -0.0000
     6   0.3032   0.0000   0.0000
     7   2.6077   0.0000   0.0000
     8   3.0372   0.0000   0.0000
     9  17.5650   0.0000   0.0000
    10  20.2478   0.0000   0.0000
    11  21.8274   0.0000  -0.0000
    12  27.4814   0.0000   0.0000
    13  29.9137   0.0000   0.0000
    14  36.5267   0.0000  -0.0000
    15  37.2077   0.0000   0.0000
    16  38.7968   0.0000  -0.0000
    17  42.0671   0.0000  -0.0000
    18  46.8363   0.0000  -0.0000
    19  47.8740   0.0000   0.0000
    20  50.3883   0.0000   0.0000
    21  51.4624   0.0000  -0.0000
    22  52.9927   0.0000   0.0000
    23  54.9042   0.0000  -0.0000
    24  56.0832   0.0000   0.0000
    25  58.4768   0.0000  -0.0000
    26  60.6818   0.0000   0.0000
    27  61.9325   0.0000  -0.0000
    28  67.2520   0.0000   0.0000
    29  71.2081   0.0000   0.0000
    30  72.0210   0.0000   0.0000
    31  73.0290   0.0000  -0.0000
    32  73.2447   0.0000  -0.0000
    33  76.4767   0.0000  -0.0000
    34  76.8333   0.0000   0.0000
    35  77.2855   0.0000  -0.0000
    36  81.0826   0.0000  -0.0000
    37  89.0795   0.0000   0.0000
    38  89.3394   0.0000   0.0000
    39  90.7524   0.0000   0.0000
    40  91.4926   0.0000   0.0000
    41  94.3104   0.0000   0.0000
    42  94.4554   0.0000   0.0000
    43  95.7807   0.0000   0.0000
    44 103.7617   0.0000  -0.0000
    45 104.2671   0.0000  -0.0000
    46 106.2636   0.0000   0.0000
    47 106.3953   0.0000   0.0000
    48 106.8521   0.0000   0.0000
    49 110.1794  -0.0000  -0.0000
    50 110.7827   0.0000  -0.0000
    51 112.3646   0.0000   0.0000
    52 113.9103   0.0000  -0.0000
    53 116.1280   0.0000   0.0000
    54 117.5117   0.0000  -0.0000
    55 119.5476   0.0000   0.0000
    56 120.4579   0.0000   0.0000
    57 121.3516   0.0000   0.0000
    58 121.8758   0.0000  -0.0000
    59 124.2916   0.0000  -0.0000
    60 125.0149   0.0000   0.0000
 -0.250000  0.500000  0.250000
  60
     1 -71.0817  -0.0000   0.0000
     2 -36.1976  -0.0000   0.0000
     3 -36.1976  -0.0000  -0.0000
     4 -36.1604  -0.0000  -0.0000
     5 -12.1670   0.0000   0.0000
     6   1.3091   0.0000  -0.0000
     7   1.3091   0.0000   0.0000
     8   2.7911   0.0000  -0.0000
     9  20.0263   0.0000   0.0000
    10  20.0263   0.0000   0.0000
    11  21.7409   0.0000  -0.0000
    12  25.4107   0.0000  -0.0000
    13  32.0595   0.0000  -0.0000
    14  32.0595   0.0000   0.0000
    15  37.3844   0.0000   0.0000
    16  40.3313   0.0000  -0.0000
    17  42.8764   0.0000  -0.0000
    18  45.1680   0.0000  -0.0000
    19  49.3342   0.0000  -0.0000
    20  49.3342   0.0000  -0.0000
    21  52.1659   0.0000  -0.0000
    22  53.4075   0.0000   0.0000
    23  53.4075   0.0000   0.0000
    24  58.8551   0.0000   0.0000
    25  63.3033   0.0000   0.0000
    26  63.3033   0.0000   0.0000
    27  64.3635   0.0000   0.0000
    28  64.6539   0.0000  -0.0000
    29  67.5577   0.0000   0.0000
    30  67.5577   0.0000   0.0000
    31  70.0518   0.0000   0.0000
    32  71.8871   0.0000   0.0000
    33  75.4559   0.0000  -0.0000
    34  75.4559   0.0000   0.0000
    35  75.5313   0.0000   0.0000
    36  82.8126   0.0000   0.0000
    37  90.5609   0.0000  -0.0000
    38  91.0302   0.0000   0.0000
    39  91.0302   0.0000   0.0000
    40  97.9869   0.0000   0.0000
    41  97.9869   0.0000  -0.0000
    42  99.8952   0.0000   0.0000
    43 101.3933   0.0000  -0.0000
    44 101.5133   0.0000  -0.0000
    45 101.7159   0.0000   0.0000
    46 101.9060   0.0000  -0.0000
    47 101.9060   0.0000   0.0000
    48 102.6142   0.0000   0.0000
    49 110.0403   0.0000  -0.0000
    50 110.0403   0.0000  -0.0000
    51 111.9605   0.0000   0.0000
    52 112.2581   0.0000  -0.0000
    53 114.2058   0.0000   0.0000
    54 119.3179   0.0000  -0.0000
    55 120.2932   0.0000   0.0000
    56 120.2932   0.0000  -0.0000
    57 120.6889   0.0000  -0.0000
    58 122.2888   0.0000  -0.0000
    59 122.2888   0.0000   0.0000
    60 128.5684   0.0000  -0.0000
