          29           1
  0.000000  0.000000  0.000000
  60
     1 -70.6679  -0.0000   0.0000
     2 -35.6627  -0.0000  -0.0000
     3 -35.6626  -0.0000  -0.0000
     4 -35.6625  -0.0000   0.0000
     5 -14.3395   0.0000  -0.0000
     6   5.3194   0.0000  -0.0000
     7   5.3195   0.0000  -0.0000
     8   5.3196   0.0000  -0.0000
     9  14.5169   0.0000   0.0000
    10  24.6900   0.0000  -0.0000
    11  24.6900   0.0000  -0.0000
    12  24.6900   0.0000   0.0000
    13  29.0123   0.0000   0.0000
    14  31.5342   0.0000  -0.0000
    15  31.5342   0.0000  -0.0000
    16  36.6635   0.0000  -0.0000
    17  36.6645   0.0000  -0.0000
    18  36.6645   0.0000  -0.0000
    19  52.3234   0.0000   0.0000
    20  52.3237   0.0000   0.0000
    21  52.3237   0.0000   0.0000
    22  54.3204   0.0000   0.0000
    23  65.4703   0.0000  -0.0000
    24  65.4703   0.0000  -0.0000
    25  65.4703   0.0000   0.0000
    26  71.2832   0.0000   0.0000
    27  71.2832   0.0000  -0.0000
    28  72.3036   0.0000  -0.0000
    29  72.3036   0.0000   0.0000
    30  72.3036   0.0000  -0.0000
    31  80.8574   0.0000  -0.0000
    32  83.6719   0.0000  -0.0000
    33  83.6719   0.0000   0.0000
    34  92.1933   0.0000  -0.0000
    35  92.2043   0.0000   0.0000
    36  92.2044   0.0000   0.0000
    37  92.2665   0.0000  -0.0000
    38  92.2665   0.0000   0.0000
    39  92.2665   0.0000  -0.0000
    40  99.0826   0.0000  -0.0000
    41  99.0827   0.0000  -0.0000
    42  99.0827   0.0000  -0.0000
    43 100.7421   0.0000   0.0000
    44 100.7421   0.0000   0.0000
    45 100.7421   0.0000  -0.0000
    46 102.3830   0.0000   0.0000
    47 102.3830   0.0000   0.0000
    48 102.3830   0.0000  -0.0000
    49 102.6134   0.0000   0.0000
    50 105.3410   0.0000   0.0000
    51 105.3410   0.0000  -0.0000
    52 105.3410   0.0000   0.0000
    53 106.2958   0.0000   0.0000
    54 106.2958   0.0000   0.0000
    55 106.8328   0.0000  -0.0000
    56 106.8328   0.0000  -0.0000
    57 106.8328   0.0000  -0.0000
    58 108.6032   0.0000  -0.0000
    59 110.0298   0.0000  -0.0000
    60 119.1505   0.0000  -0.0000
  0.125000  0.000000  0.000000
  60
     1 -70.6645  -0.0000   0.0000
     2 -35.6912  -0.0000  -0.0000
     3 -35.6649  -0.0000   0.0000
     4 -35.6648  -0.0000   0.0000
     5 -14.0890   0.0000  -0.0000
     6   4.2826   0.0000  -0.0000
     7   5.1681   0.0000  -0.0000
     8   5.1682   0.0000   0.0000
     9  15.3808   0.0000   0.0000
    10  22.8280   0.0000  -0.0000
    11  25.1854   0.0000   0.0000
    12  25.1854   0.0000  -0.0000
    13  30.8031   0.0000  -0.0000
    14  30.8032   0.0000  -0.0000
    15  31.9189   0.0000   0.0000
    16  36.5138   0.0000   0.0000
    17  38.2268   0.0000   0.0000
    18  38.2273   0.0000   0.0000
    19  50.1069   0.0000  -0.0000
    20  51.9014   0.0000  -0.0000
    21  51.9016   0.0000  -0.0000
    22  56.1802   0.0000  -0.0000
    23  62.0229   0.0000   0.0000
    24  62.0230   0.0000  -0.0000
    25  66.8584   0.0000  -0.0000
    26  69.2136   0.0000   0.0000
    27  69.2136   0.0000  -0.0000
    28  72.7565   0.0000   0.0000
    29  79.4096   0.0000  -0.0000
    30  79.4097   0.0000  -0.0000
    31  80.6248   0.0000  -0.0000
    32  82.3715   0.0000   0.0000
    33  82.3718   0.0000  -0.0000
    34  88.2270   0.0000  -0.0000
    35  89.2187   0.0000  -0.0000
    36  89.2189   0.0000  -0.0000
    37  89.2879   0.0000  -0.0000
    38  92.1513   0.0000   0.0000
    39  92.1588   0.0000   0.0000
    40  93.6070   0.0000   0.0000
    41  93.6070   0.0000   0.0000
    42  94.6949   0.0000  -0.0000
    43  99.1715   0.0000  -0.0000
    44  99.5008   0.0000  -0.0000
    45  99.5009   0.0000  -0.0000
    46 100.7529   0.0000  -0.0000
    47 102.5390   0.0000  -0.0000
    48 104.6503   0.0000   0.0000
    49 104.6505   0.0000   0.0000
    50 106.9265   0.0000   0.0000
    51 106.9295   0.0000  -0.0000
    52 108.4545   0.0000  -0.0000
    53 108.4546   0.0000  -0.0000
    54 108.7647   0.0000   0.0000
    55 109.3389   0.0000   0.0000
    56 111.8895   0.0000   0.0000
    57 115.0832   0.0000   0.0000
    58 115.8245   0.0000   0.0000
    59 115.8248   0.0000  -0.0000
    60 119.4293   0.0000   0.0000
  0.250000  0.000000  0.000000
  60
     1 -70.6564  -0.0000  -0.0000
     2 -35.7587  -0.0000  -0.0000
     3 -35.6702  -0.0000   0.0000
     4 -35.6701  -0.0000  -0.0000
     5 -13.4290   0.0000  -0.0000
     6   2.1672   0.0000   0.0000
     7   4.8208   0.0000   0.0000
     8   4.8208   0.0000  -0.0000
     9  16.6511   0.0000  -0.0000
    10  21.5380   0.0000   0.0000
    11  26.0893   0.0000   0.0000
    12  26.0896   0.0000  -0.0000
    13  30.4541   0.0000  -0.0000
    14  30.4544   0.0000   0.0000
    15  33.5213   0.0000  -0.0000
    16  39.1021   0.0000   0.0000
    17  41.1788   0.0000   0.0000
    18  41.1802   0.0000  -0.0000
    19  47.4950   0.0000  -0.0000
    20  49.7338   0.0000   0.0000
    21  49.7340   0.0000   0.0000
    22  58.4679   0.0000  -0.0000
    23  58.4680   0.0000   0.0000
    24  59.0650   0.0000   0.0000
    25  69.1816   0.0000  -0.0000
    26  70.1862   0.0000  -0.0000
    27  70.1862   0.0000  -0.0000
    28  74.1112   0.0000  -0.0000
    29  76.9169   0.0000   0.0000
    30  76.9173   0.0000   0.0000
    31  77.3014   0.0000   0.0000
    32  81.6117   0.0000  -0.0000
    33  84.1557   0.0000   0.0000
    34  84.1558   0.0000   0.0000
    35  85.6651   0.0000   0.0000
    36  86.8287   0.0000   0.0000
    37  86.8287   0.0000   0.0000
    38  88.8121   0.0000   0.0000
    39  90.9029   0.0000   0.0000
    40  90.9029   0.0000  -0.0000
    41  92.9547   0.0000  -0.0000
    42  92.9547   0.0000  -0.0000
    43  97.5160   0.0000  -0.0000
    44  97.7436   0.0000  -0.0000
    45  97.7437   0.0000  -0.0000
    46  98.7116   0.0000   0.0000
    47 105.6187   0.0000  -0.0000
    48 106.3648   0.0000  -0.0000
    49 106.3651   0.0000  -0.0000
    50 108.1177   0.0000  -0.0000
    51 111.2318   0.0000  -0.0000
    52 111.2323   0.0000  -0.0000
    53 116.3827   0.0000  -0.0000
    54 116.3840   0.0000   0.0000
    55 117.9508   0.0000  -0.0000
    56 118.2619   0.0000   0.0000
    57 120.7899   0.0000   0.0000
    58 120.7902   0.0000  -0.0000
    59 123.0593   0.0000  -0.0000
    60 127.9747   0.0000   0.0000
  0.375000  0.000000  0.000000
  60
     1 -70.6482  -0.0000  -0.0000
     2 -35.8253  -0.0000   0.0000
     3 -35.6754  -0.0000   0.0000
     4 -35.6754  -0.0000  -0.0000
     5 -12.6615   0.0000  -0.0000
     6   0.2694   0.0000   0.0000
     7   4.4955   0.0000   0.0000
     8   4.4955   0.0000  -0.0000
     9  16.8255   0.0000  -0.0000
    10  22.1862   0.0000   0.0000
    11  26.2688   0.0000  -0.0000
    12  26.2688   0.0000  -0.0000
    13  31.9782   0.0000   0.0000
    14  31.9782   0.0000   0.0000
    15  32.6932   0.0000  -0.0000
    16  41.2983   0.0000   0.0000
    17  43.2754   0.0000  -0.0000
    18  43.2754   0.0000   0.0000
    19  46.2587   0.0000   0.0000
    20  46.2587   0.0000  -0.0000
    21  49.6211   0.0000  -0.0000
    22  58.9713   0.0000  -0.0000
    23  58.9713   0.0000  -0.0000
    24  62.0360   0.0000  -0.0000
    25  66.8431   0.0000   0.0000
    26  70.1349   0.0000   0.0000
    27  70.1349   0.0000  -0.0000
    28  72.3943   0.0000   0.0000
    29  72.3943   0.0000  -0.0000
    30  72.5227   0.0000   0.0000
    31  76.3414   0.0000  -0.0000
    32  77.1770   0.0000  -0.0000
    33  79.5851   0.0000   0.0000
    34  79.5851   0.0000   0.0000
    35  83.8577   0.0000   0.0000
    36  85.6878   0.0000   0.0000
    37  86.3372   0.0000  -0.0000
    38  86.3372   0.0000   0.0000
    39  91.3176   0.0000  -0.0000
    40  91.3176   0.0000   0.0000
    41  97.0014   0.0000  -0.0000
    42  98.4324   0.0000  -0.0000
    43  98.4324   0.0000  -0.0000
    44  98.4965   0.0000  -0.0000
    45 100.2067   0.0000   0.0000
    46 100.2067   0.0000  -0.0000
    47 104.5998   0.0000  -0.0000
    48 105.8706   0.0000  -0.0000
    49 105.8706   0.0000  -0.0000
    50 112.8364   0.0000   0.0000
    51 117.6699   0.0000  -0.0000
    52 117.6699   0.0000  -0.0000
    53 119.6162   0.0000  -0.0000
    54 122.6958   0.0000   0.0000
    55 122.6958   0.0000   0.0000
    56 124.4258   0.0000   0.0000
    57 124.4258   0.0000   0.0000
    58 124.9746   0.0000  -0.0000
    59 125.5729   0.0000   0.0000
    60 125.5729   0.0000   0.0000
  0.500000  0.000000  0.000000
  60
     1 -70.6449  -0.0000  -0.0000
     2 -35.8525  -0.0000   0.0000
     3 -35.6776  -0.0000   0.0000
     4 -35.6776  -0.0000  -0.0000
     5 -12.2980   0.0000   0.0000
     6  -0.5044   0.0000  -0.0000
     7   4.3665   0.0000  -0.0000
     8   4.3665   0.0000  -0.0000
     9  16.7061   0.0000   0.0000
    10  22.8017   0.0000   0.0000
    11  26.1811   0.0000   0.0000
    12  26.1811   0.0000   0.0000
    13  32.2808   0.0000   0.0000
    14  33.3550   0.0000  -0.0000
    15  33.3550   0.0000  -0.0000
    16  40.8487   0.0000  -0.0000
    17  42.4922   0.0000  -0.0000
    18  42.4922   0.0000  -0.0000
    19  45.7938   0.0000  -0.0000
    20  45.7938   0.0000   0.0000
    21  56.1334   0.0000   0.0000
    22  58.0109   0.0000   0.0000
    23  61.0849   0.0000   0.0000
    24  61.0849   0.0000   0.0000
    25  65.9613   0.0000  -0.0000
    26  65.9613   0.0000  -0.0000
    27  66.4571   0.0000   0.0000
    28  69.7010   0.0000  -0.0000
    29  74.3924   0.0000   0.0000
    30  74.3924   0.0000   0.0000
    31  76.6634   0.0000   0.0000
    32  76.6634   0.0000   0.0000
    33  76.6686   0.0000  -0.0000
    34  78.7456   0.0000  -0.0000
    35  80.5448   0.0000  -0.0000
    36  85.8961   0.0000   0.0000
    37  85.8961   0.0000   0.0000
    38  85.9226   0.0000   0.0000
    39  91.0982   0.0000  -0.0000
    40  91.0982   0.0000   0.0000
    41  97.1501   0.0000   0.0000
    42  98.3957   0.0000  -0.0000
    43  99.7489   0.0000  -0.0000
    44  99.7489   0.0000   0.0000
    45 101.7865   0.0000  -0.0000
    46 101.7865   0.0000   0.0000
    47 104.3321   0.0000   0.0000
    48 112.8069   0.0000  -0.0000
    49 112.8069   0.0000  -0.0000
    50 113.1977   0.0000  -0.0000
    51 113.1977   0.0000  -0.0000
    52 115.7752   0.0000  -0.0000
    53 119.8501   0.0000   0.0000
    54 121.5536   0.0000  -0.0000
    55 123.1503   0.0000   0.0000
    56 123.1503   0.0000  -0.0000
    57 127.6904   0.0000   0.0000
    58 127.6904   0.0000  -0.0000
    59 131.1537   0.0000  -0.0000
    60 131.1665   0.0000   0.0000
  0.125000  0.125000  0.000000
  60
     1 -70.6634  -0.0000  -0.0000
     2 -35.6889  -0.0000   0.0000
     3 -35.6714  -0.0000  -0.0000
     4 -35.6714  -0.0000  -0.0000
     5 -14.0111   0.0000   0.0000
     6   4.1991   0.0000   0.0000
     7   5.0119   0.0000   0.0000
     8   5.0119   0.0000   0.0000
     9  15.6934   0.0000   0.0000
    10  22.0521   0.0000   0.0000
    11  25.5478   0.0000   0.0000
    12  25.5478   0.0000   0.0000
    13  29.1882   0.0000   0.0000
    14  32.1037   0.0000   0.0000
    15  32.8565   0.0000  -0.0000
    16  37.3538   0.0000  -0.0000
    17  37.3538   0.0000   0.0000
    18  38.7955   0.0000   0.0000
    19  50.2496   0.0000  -0.0000
    20  51.2825   0.0000   0.0000
    21  51.2826   0.0000   0.0000
    22  57.0125   0.0000  -0.0000
    23  62.7807   0.0000   0.0000
    24  62.9485   0.0000  -0.0000
    25  62.9485   0.0000   0.0000
    26  65.9567   0.0000   0.0000
    27  71.9392   0.0000  -0.0000
    28  77.1089   0.0000  -0.0000
    29  77.1089   0.0000  -0.0000
    30  80.2115   0.0000   0.0000
    31  81.7488   0.0000   0.0000
    32  82.4393   0.0000  -0.0000
    33  83.2045   0.0000   0.0000
    34  85.0716   0.0000  -0.0000
    35  85.0716   0.0000   0.0000
    36  89.1184   0.0000   0.0000
    37  90.4205   0.0000   0.0000
    38  90.4205   0.0000  -0.0000
    39  92.0958   0.0000   0.0000
    40  93.5165   0.0000   0.0000
    41  96.9035   0.0000  -0.0000
    42  96.9035   0.0000   0.0000
    43  98.0685   0.0000   0.0000
    44  98.0685   0.0000   0.0000
    45  98.5500   0.0000   0.0000
    46  99.7001   0.0000  -0.0000
    47 102.7001   0.0000   0.0000
    48 102.8449   0.0000   0.0000
    49 106.2801   0.0000   0.0000
    50 106.6098   0.0000  -0.0000
    51 106.6098   0.0000  -0.0000
    52 107.5933   0.0000   0.0000
    53 109.0180   0.0000  -0.0000
    54 109.0180   0.0000   0.0000
    55 110.1914   0.0000  -0.0000
    56 114.6765   0.0000  -0.0000
    57 114.6765   0.0000  -0.0000
    58 117.4182   0.0000   0.0000
    59 120.0470   0.0000  -0.0000
    60 120.7810   0.0000   0.0000
  0.250000  0.125000  0.000000
  60
     1 -70.6569  -0.0000  -0.0000
     2 -35.7381  -0.0000  -0.0000
     3 -35.6796  -0.0000   0.0000
     4 -35.6756  -0.0000   0.0000
     5 -13.5017   0.0000  -0.0000
     6   2.6779   0.0000  -0.0000
     7   4.6552   0.0000   0.0000
     8   4.6726   0.0000  -0.0000
     9  16.9956   0.0000  -0.0000
    10  20.6865   0.0000  -0.0000
    11  26.1171   0.0000  -0.0000
    12  26.4649   0.0000   0.0000
    13  28.1791   0.0000   0.0000
    14  32.2651   0.0000  -0.0000
    15  35.3841   0.0000   0.0000
    16  38.7613   0.0000  -0.0000
    17  39.4818   0.0000   0.0000
    18  40.9817   0.0000   0.0000
    19  47.7022   0.0000   0.0000
    20  49.1838   0.0000  -0.0000
    21  51.6122   0.0000   0.0000
    22  57.8222   0.0000   0.0000
    23  58.0796   0.0000   0.0000
    24  60.9000   0.0000   0.0000
    25  64.0686   0.0000  -0.0000
    26  68.1104   0.0000  -0.0000
    27  71.6842   0.0000   0.0000
    28  76.4343   0.0000   0.0000
    29  78.6475   0.0000   0.0000
    30  79.4319   0.0000   0.0000
    31  79.4627   0.0000   0.0000
    32  81.5429   0.0000  -0.0000
    33  81.6511   0.0000  -0.0000
    34  83.7543   0.0000  -0.0000
    35  84.8851   0.0000  -0.0000
    36  86.1653   0.0000  -0.0000
    37  87.9864   0.0000  -0.0000
    38  88.4936   0.0000  -0.0000
    39  90.7038   0.0000  -0.0000
    40  91.3535   0.0000   0.0000
    41  92.4412   0.0000   0.0000
    42  95.0965   0.0000  -0.0000
    43  95.7167   0.0000  -0.0000
    44  97.1558   0.0000   0.0000
    45 100.6427   0.0000  -0.0000
    46 103.4482   0.0000  -0.0000
    47 104.1992   0.0000  -0.0000
    48 105.2872   0.0000   0.0000
    49 105.4370   0.0000   0.0000
    50 107.1151   0.0000  -0.0000
    51 107.5542   0.0000  -0.0000
    52 109.9652   0.0000  -0.0000
    53 109.9665   0.0000   0.0000
    54 116.5596   0.0000   0.0000
    55 117.9394   0.0000  -0.0000
    56 121.1729   0.0000   0.0000
    57 121.7721   0.0000  -0.0000
    58 122.1622   0.0000   0.0000
    59 122.5325   0.0000   0.0000
    60 125.3193   0.0000   0.0000
  0.375000  0.125000  0.000000
  60
     1 -70.6487  -0.0000   0.0000
     2 -35.8010  -0.0000  -0.0000
     3 -35.6849  -0.0000  -0.0000
     4 -35.6837  -0.0000   0.0000
     5 -12.7788   0.0000  -0.0000
     6   0.9052   0.0000   0.0000
     7   4.1526   0.0000  -0.0000
     8   4.3607   0.0000  -0.0000
     9  17.5808   0.0000   0.0000
    10  21.1234   0.0000  -0.0000
    11  25.4086   0.0000  -0.0000
    12  26.8631   0.0000  -0.0000
    13  29.6279   0.0000   0.0000
    14  33.1815   0.0000   0.0000
    15  35.0006   0.0000   0.0000
    16  41.8239   0.0000   0.0000
    17  42.3965   0.0000   0.0000
    18  42.8422   0.0000   0.0000
    19  45.0165   0.0000  -0.0000
    20  48.0507   0.0000   0.0000
    21  51.3180   0.0000  -0.0000
    22  56.1573   0.0000  -0.0000
    23  57.5459   0.0000   0.0000
    24  63.3011   0.0000   0.0000
    25  65.8705   0.0000  -0.0000
    26  67.7452   0.0000  -0.0000
    27  70.2605   0.0000   0.0000
    28  72.5825   0.0000   0.0000
    29  72.6301   0.0000   0.0000
    30  73.6017   0.0000   0.0000
    31  77.3617   0.0000   0.0000
    32  79.0243   0.0000  -0.0000
    33  80.7868   0.0000  -0.0000
    34  81.5946   0.0000   0.0000
    35  83.1699   0.0000  -0.0000
    36  85.8889   0.0000   0.0000
    37  86.4174   0.0000   0.0000
    38  88.5758   0.0000   0.0000
    39  88.6174   0.0000  -0.0000
    40  91.9054   0.0000   0.0000
    41  94.7612   0.0000  -0.0000
    42  96.7209   0.0000   0.0000
    43  97.8625   0.0000   0.0000
    44  99.1407   0.0000  -0.0000
    45 101.9075   0.0000  -0.0000
    46 102.6262   0.0000   0.0000
    47 104.4591   0.0000  -0.0000
    48 107.0427   0.0000  -0.0000
    49 107.6720   0.0000  -0.0000
    50 110.6403   0.0000   0.0000
    51 113.4364   0.0000   0.0000
    52 113.9042   0.0000   0.0000
    53 117.1660   0.0000   0.0000
    54 117.7285   0.0000  -0.0000
    55 122.1821   0.0000  -0.0000
    56 122.6905   0.0000  -0.0000
    57 123.2127   0.0000   0.0000
    58 127.3618   0.0000   0.0000
    59 128.6294   0.0000   0.0000
    60 128.8420   0.0000  -0.0000
  0.500000  0.125000  0.000000
  60
     1 -70.6437  -0.0000  -0.0000
     2 -35.8385  -0.0000  -0.0000
     3 -35.6932  -0.0000  -0.0000
     4 -35.6842  -0.0000  -0.0000
     5 -12.2675   0.0000   0.0000
     6  -0.1599   0.0000   0.0000
     7   3.7724   0.0000  -0.0000
     8   4.2407   0.0000  -0.0000
     9  17.4878   0.0000   0.0000
    10  22.2963   0.0000   0.0000
    11  24.9083   0.0000  -0.0000
    12  26.7578   0.0000   0.0000
    13  31.5003   0.0000   0.0000
    14  33.8589   0.0000   0.0000
    15  34.5783   0.0000   0.0000
    16  41.5743   0.0000  -0.0000
    17  42.0908   0.0000   0.0000
    18  42.6422   0.0000  -0.0000
    19  45.9669   0.0000  -0.0000
    20  47.6430   0.0000   0.0000
    21  54.8687   0.0000  -0.0000
    22  59.0720   0.0000   0.0000
    23  59.9055   0.0000   0.0000
    24  60.4050   0.0000  -0.0000
    25  63.7858   0.0000  -0.0000
    26  66.5409   0.0000   0.0000
    27  67.9031   0.0000  -0.0000
    28  68.2586   0.0000   0.0000
    29  71.0490   0.0000  -0.0000
    30  73.3652   0.0000  -0.0000
    31  73.6367   0.0000  -0.0000
    32  77.2595   0.0000   0.0000
    33  78.5163   0.0000   0.0000
    34  81.6602   0.0000   0.0000
    35  83.2543   0.0000  -0.0000
    36  86.1578   0.0000  -0.0000
    37  86.2181   0.0000   0.0000
    38  87.1492   0.0000   0.0000
    39  89.5294   0.0000   0.0000
    40  90.3123   0.0000  -0.0000
    41  93.6828   0.0000   0.0000
    42  97.2364   0.0000  -0.0000
    43 101.5210   0.0000  -0.0000
    44 101.6711   0.0000  -0.0000
    45 103.1317   0.0000  -0.0000
    46 105.4159   0.0000   0.0000
    47 106.9626   0.0000   0.0000
    48 110.5876   0.0000  -0.0000
    49 113.1918   0.0000   0.0000
    50 113.6322   0.0000   0.0000
    51 113.8413   0.0000  -0.0000
    52 115.0286   0.0000   0.0000
    53 119.2487   0.0000   0.0000
    54 120.5997   0.0000   0.0000
    55 121.5040   0.0000   0.0000
    56 121.6464   0.0000  -0.0000
    57 125.0673   0.0000   0.0000
    58 126.1943   0.0000  -0.0000
    59 127.4004   0.0000   0.0000
    60 129.3411   0.0000  -0.0000
 -0.375000  0.125000  0.000000
  60
     1 -70.6449  -0.0000   0.0000
     2 -35.8300  -0.0000  -0.0000
     3 -35.6980  -0.0000   0.0000
     4 -35.6778  -0.0000  -0.0000
     5 -12.3804   0.0000   0.0000
     6   0.0834   0.0000  -0.0000
     7   3.7063   0.0000  -0.0000
     8   4.3716   0.0000  -0.0000
     9  17.5810   0.0000   0.0000
    10  22.0722   0.0000   0.0000
    11  25.0631   0.0000   0.0000
    12  26.7939   0.0000  -0.0000
    13  31.6709   0.0000   0.0000
    14  32.4488   0.0000  -0.0000
    15  34.7087   0.0000  -0.0000
    16  41.8319   0.0000   0.0000
    17  42.6541   0.0000   0.0000
    18  43.3270   0.0000  -0.0000
    19  44.7214   0.0000   0.0000
    20  48.6331   0.0000   0.0000
    21  52.6019   0.0000   0.0000
    22  56.7825   0.0000  -0.0000
    23  60.1022   0.0000  -0.0000
    24  62.6747   0.0000   0.0000
    25  65.5858   0.0000   0.0000
    26  66.6605   0.0000  -0.0000
    27  67.9929   0.0000  -0.0000
    28  69.3214   0.0000   0.0000
    29  72.3693   0.0000  -0.0000
    30  72.9465   0.0000  -0.0000
    31  72.9637   0.0000  -0.0000
    32  77.0738   0.0000   0.0000
    33  78.9442   0.0000  -0.0000
    34  81.5505   0.0000  -0.0000
    35  82.8009   0.0000   0.0000
    36  86.4692   0.0000   0.0000
    37  86.9394   0.0000  -0.0000
    38  88.5996   0.0000  -0.0000
    39  89.8825   0.0000   0.0000
    40  90.3824   0.0000   0.0000
    41  92.1288   0.0000   0.0000
    42  97.9726   0.0000   0.0000
    43  99.9443   0.0000  -0.0000
    44 101.4349   0.0000  -0.0000
    45 102.5980   0.0000   0.0000
    46 105.4877   0.0000  -0.0000
    47 105.6216   0.0000   0.0000
    48 109.5042   0.0000  -0.0000
    49 111.0069   0.0000   0.0000
    50 112.6389   0.0000  -0.0000
    51 114.8401   0.0000   0.0000
    52 117.4605   0.0000  -0.0000
    53 118.6963   0.0000   0.0000
    54 119.7604   0.0000  -0.0000
    55 121.0590   0.0000  -0.0000
    56 123.3212   0.0000  -0.0000
    57 124.0592   0.0000  -0.0000
    58 125.2422   0.0000  -0.0000
    59 127.7198   0.0000   0.0000
    60 129.2630   0.0000   0.0000
 -0.250000  0.125000  0.000000
  60
     1 -70.6514  -0.0000   0.0000
     2 -35.7814  -0.0000   0.0000
     3 -35.6941  -0.0000  -0.0000
     4 -35.6694  -0.0000   0.0000
     5 -13.0167   0.0000   0.0000
     6   1.4756   0.0000   0.0000
     7   4.0106   0.0000  -0.0000
     8   4.6925   0.0000   0.0000
     9  17.5914   0.0000   0.0000
    10  21.0098   0.0000  -0.0000
    11  25.6312   0.0000   0.0000
    12  26.9496   0.0000   0.0000
    13  29.1490   0.0000  -0.0000
    14  31.8771   0.0000   0.0000
    15  35.2412   0.0000  -0.0000
    16  40.3922   0.0000  -0.0000
    17  42.4969   0.0000   0.0000
    18  42.6153   0.0000   0.0000
    19  44.9909   0.0000  -0.0000
    20  49.1084   0.0000  -0.0000
    21  51.6537   0.0000  -0.0000
    22  55.0655   0.0000   0.0000
    23  57.6010   0.0000   0.0000
    24  62.1903   0.0000   0.0000
    25  66.4908   0.0000  -0.0000
    26  69.7138   0.0000   0.0000
    27  70.8725   0.0000  -0.0000
    28  73.0840   0.0000  -0.0000
    29  75.0216   0.0000   0.0000
    30  75.4242   0.0000  -0.0000
    31  76.9800   0.0000  -0.0000
    32  79.6905   0.0000   0.0000
    33  80.7622   0.0000   0.0000
    34  81.2167   0.0000   0.0000
    35  83.1117   0.0000  -0.0000
    36  86.9313   0.0000  -0.0000
    37  87.1117   0.0000  -0.0000
    38  89.9371   0.0000   0.0000
    39  90.8821   0.0000  -0.0000
    40  91.6246   0.0000  -0.0000
    41  92.4174   0.0000   0.0000
    42  94.6866   0.0000   0.0000
    43  96.3554   0.0000  -0.0000
    44  98.4435   0.0000   0.0000
    45  99.7707   0.0000  -0.0000
    46 103.5013   0.0000  -0.0000
    47 104.3393   0.0000  -0.0000
    48 107.9334   0.0000  -0.0000
    49 108.9582   0.0000  -0.0000
    50 108.9727   0.0000  -0.0000
    51 110.2533   0.0000   0.0000
    52 115.4027   0.0000  -0.0000
    53 115.8740   0.0000  -0.0000
    54 118.1099   0.0000  -0.0000
    55 119.4612   0.0000  -0.0000
    56 119.9413   0.0000   0.0000
    57 123.2052   0.0000   0.0000
    58 124.6804   0.0000   0.0000
    59 126.8649   0.0000  -0.0000
    60 127.1374   0.0000   0.0000
 -0.125000  0.125000  0.000000
  60
     1 -70.6596  -0.0000   0.0000
     2 -35.7236  -0.0000  -0.0000
     3 -35.6807  -0.0000   0.0000
     4 -35.6641  -0.0000   0.0000
     5 -13.7065   0.0000   0.0000
     6   3.1876   0.0000   0.0000
     7   4.6253   0.0000  -0.0000
     8   5.0297   0.0000  -0.0000
     9  16.4767   0.0000   0.0000
    10  21.4585   0.0000   0.0000
    11  25.7943   0.0000   0.0000
    12  25.9251   0.0000   0.0000
    13  29.2460   0.0000   0.0000
    14  31.1929   0.0000   0.0000
    15  34.4763   0.0000   0.0000
    16  37.7799   0.0000  -0.0000
    17  38.7514   0.0000   0.0000
    18  40.6461   0.0000  -0.0000
    19  47.6978   0.0000  -0.0000
    20  50.8031   0.0000  -0.0000
    21  52.3123   0.0000  -0.0000
    22  56.3774   0.0000   0.0000
    23  59.9016   0.0000  -0.0000
    24  60.1086   0.0000   0.0000
    25  66.6280   0.0000  -0.0000
    26  68.2089   0.0000   0.0000
    27  69.4261   0.0000  -0.0000
    28  77.9465   0.0000  -0.0000
    29  79.2324   0.0000  -0.0000
    30  80.1182   0.0000  -0.0000
    31  80.6055   0.0000  -0.0000
    32  81.7683   0.0000  -0.0000
    33  82.7571   0.0000   0.0000
    34  83.4248   0.0000  -0.0000
    35  85.1852   0.0000  -0.0000
    36  86.4827   0.0000   0.0000
    37  86.5720   0.0000   0.0000
    38  89.7363   0.0000  -0.0000
    39  91.4017   0.0000   0.0000
    40  92.6183   0.0000   0.0000
    41  93.2768   0.0000  -0.0000
    42  94.0646   0.0000  -0.0000
    43  95.5758   0.0000   0.0000
    44  99.4501   0.0000  -0.0000
    45  99.8734   0.0000   0.0000
    46  99.9313   0.0000  -0.0000
    47 102.0268   0.0000   0.0000
    48 104.6571   0.0000  -0.0000
    49 107.7823   0.0000   0.0000
    50 108.5568   0.0000   0.0000
    51 108.9611   0.0000  -0.0000
    52 109.7976   0.0000  -0.0000
    53 112.6145   0.0000   0.0000
    54 113.0969   0.0000   0.0000
    55 114.0797   0.0000  -0.0000
    56 115.8979   0.0000  -0.0000
    57 116.3710   0.0000  -0.0000
    58 119.0681   0.0000   0.0000
    59 122.7605   0.0000  -0.0000
    60 124.9161   0.0000   0.0000
  0.250000  0.250000  0.000000
  60
     1 -70.6525  -0.0000  -0.0000
     2 -35.7469  -0.0000  -0.0000
     3 -35.6923  -0.0000   0.0000
     4 -35.6923  -0.0000   0.0000
     5 -13.2022   0.0000   0.0000
     6   2.1760   0.0000   0.0000
     7   4.3548   0.0000   0.0000
     8   4.3548   0.0000  -0.0000
     9  17.9881   0.0000   0.0000
    10  19.1425   0.0000   0.0000
    11  25.7064   0.0000   0.0000
    12  27.5392   0.0000  -0.0000
    13  27.5392   0.0000  -0.0000
    14  33.7655   0.0000  -0.0000
    15  39.3889   0.0000  -0.0000
    16  39.5017   0.0000  -0.0000
    17  39.5017   0.0000   0.0000
    18  40.7371   0.0000  -0.0000
    19  48.6969   0.0000   0.0000
    20  48.6969   0.0000  -0.0000
    21  48.8219   0.0000  -0.0000
    22  55.0918   0.0000  -0.0000
    23  60.9533   0.0000   0.0000
    24  60.9533   0.0000   0.0000
    25  62.0016   0.0000  -0.0000
    26  67.3212   0.0000   0.0000
    27  71.6721   0.0000   0.0000
    28  74.1823   0.0000  -0.0000
    29  74.1823   0.0000  -0.0000
    30  77.9906   0.0000   0.0000
    31  78.7118   0.0000  -0.0000
    32  81.3520   0.0000   0.0000
    33  82.7397   0.0000   0.0000
    34  84.0148   0.0000  -0.0000
    35  84.0148   0.0000   0.0000
    36  88.1769   0.0000   0.0000
    37  88.1769   0.0000  -0.0000
    38  89.6934   0.0000  -0.0000
    39  91.4886   0.0000  -0.0000
    40  92.3062   0.0000  -0.0000
    41  93.5576   0.0000   0.0000
    42  94.8890   0.0000   0.0000
    43  94.8890   0.0000  -0.0000
    44  96.8358   0.0000   0.0000
    45  99.2527   0.0000  -0.0000
    46  99.2604   0.0000   0.0000
    47  99.2604   0.0000  -0.0000
    48 107.7676   0.0000  -0.0000
    49 108.0234   0.0000   0.0000
    50 108.0234   0.0000   0.0000
    51 111.3985   0.0000   0.0000
    52 111.9220   0.0000  -0.0000
    53 115.2107   0.0000   0.0000
    54 115.2107   0.0000  -0.0000
    55 116.6938   0.0000   0.0000
    56 120.6632   0.0000  -0.0000
    57 126.0772   0.0000   0.0000
    58 126.8187   0.0000   0.0000
    59 126.8187   0.0000  -0.0000
    60 128.8005   0.0000   0.0000
  0.375000  0.250000  0.000000
  60
     1 -70.6460  -0.0000  -0.0000
     2 -35.7845  -0.0000   0.0000
     3 -35.7047  -0.0000   0.0000
     4 -35.7006  -0.0000  -0.0000
     5 -12.6637   0.0000   0.0000
     6   1.1662   0.0000   0.0000
     7   3.7549   0.0000   0.0000
     8   4.0643   0.0000   0.0000
     9  18.3843   0.0000  -0.0000
    10  19.4561   0.0000   0.0000
    11  24.2271   0.0000  -0.0000
    12  28.2461   0.0000  -0.0000
    13  28.8245   0.0000   0.0000
    14  34.8324   0.0000   0.0000
    15  39.2540   0.0000  -0.0000
    16  40.5903   0.0000   0.0000
    17  41.6891   0.0000   0.0000
    18  43.8117   0.0000   0.0000
    19  45.9044   0.0000  -0.0000
    20  47.7268   0.0000  -0.0000
    21  51.6864   0.0000  -0.0000
    22  53.9274   0.0000   0.0000
    23  57.3721   0.0000   0.0000
    24  61.0220   0.0000   0.0000
    25  65.4226   0.0000   0.0000
    26  66.6132   0.0000  -0.0000
    27  69.4094   0.0000   0.0000
    28  70.3466   0.0000  -0.0000
    29  70.9548   0.0000   0.0000
    30  74.2592   0.0000  -0.0000
    31  76.9012   0.0000   0.0000
    32  79.4288   0.0000  -0.0000
    33  81.1330   0.0000   0.0000
    34  82.9876   0.0000   0.0000
    35  84.4405   0.0000   0.0000
    36  85.4332   0.0000   0.0000
    37  88.5778   0.0000  -0.0000
    38  89.3471   0.0000  -0.0000
    39  89.5709   0.0000  -0.0000
    40  91.4957   0.0000   0.0000
    41  94.8005   0.0000   0.0000
    42  97.4217   0.0000   0.0000
    43  98.1029   0.0000  -0.0000
    44  98.8708   0.0000  -0.0000
    45 100.9866   0.0000  -0.0000
    46 101.1152   0.0000  -0.0000
    47 103.3666   0.0000  -0.0000
    48 107.6181   0.0000  -0.0000
    49 108.4217   0.0000  -0.0000
    50 111.1782   0.0000  -0.0000
    51 111.7820   0.0000  -0.0000
    52 115.7085   0.0000  -0.0000
    53 115.9780   0.0000  -0.0000
    54 119.6526   0.0000  -0.0000
    55 122.7655   0.0000  -0.0000
    56 123.4054   0.0000  -0.0000
    57 124.4610   0.0000   0.0000
    58 126.7586   0.0000   0.0000
    59 128.2924   0.0000   0.0000
    60 130.5744   0.0000   0.0000
  0.500000  0.250000  0.000000
  60
     1 -70.6410  -0.0000  -0.0000
     2 -35.8099  -0.0000   0.0000
     3 -35.7252  -0.0000  -0.0000
     4 -35.6999  -0.0000  -0.0000
     5 -12.1809   0.0000   0.0000
     6   0.5184   0.0000   0.0000
     7   2.8353   0.0000  -0.0000
     8   3.9530   0.0000   0.0000
     9  18.4642   0.0000   0.0000
    10  21.1944   0.0000   0.0000
    11  23.3168   0.0000  -0.0000
    12  28.1751   0.0000   0.0000
    13  29.6366   0.0000  -0.0000
    14  35.4346   0.0000   0.0000
    15  38.6482   0.0000  -0.0000
    16  40.5799   0.0000   0.0000
    17  41.0000   0.0000   0.0000
    18  44.3105   0.0000   0.0000
    19  46.7721   0.0000  -0.0000
    20  51.7308   0.0000   0.0000
    21  53.9351   0.0000   0.0000
    22  56.0994   0.0000   0.0000
    23  56.3945   0.0000   0.0000
    24  60.0966   0.0000  -0.0000
    25  61.5439   0.0000   0.0000
    26  65.3225   0.0000   0.0000
    27  66.3327   0.0000   0.0000
    28  69.8793   0.0000  -0.0000
    29  70.2479   0.0000  -0.0000
    30  73.1994   0.0000   0.0000
    31  73.7251   0.0000  -0.0000
    32  75.1620   0.0000  -0.0000
    33  79.5856   0.0000  -0.0000
    34  81.2325   0.0000  -0.0000
    35  83.8216   0.0000  -0.0000
    36  83.8920   0.0000   0.0000
    37  86.2791   0.0000  -0.0000
    38  88.7822   0.0000   0.0000
    39  91.3976   0.0000   0.0000
    40  91.6569   0.0000   0.0000
    41  97.2683   0.0000  -0.0000
    42  97.9460   0.0000   0.0000
    43 102.2204   0.0000   0.0000
    44 102.9932   0.0000  -0.0000
    45 103.4474   0.0000   0.0000
    46 105.4646   0.0000   0.0000
    47 109.2733   0.0000   0.0000
    48 109.6841   0.0000  -0.0000
    49 111.6262   0.0000   0.0000
    50 112.0772   0.0000  -0.0000
    51 113.9219   0.0000   0.0000
    52 114.8997   0.0000   0.0000
    53 115.5682   0.0000   0.0000
    54 118.7658   0.0000   0.0000
    55 122.9267   0.0000  -0.0000
    56 123.0598   0.0000   0.0000
    57 125.1902   0.0000  -0.0000
    58 125.5512   0.0000   0.0000
    59 127.8865   0.0000   0.0000
    60 129.2396   0.0000  -0.0000
 -0.375000  0.250000  0.000000
  60
     1 -70.6405  -0.0000  -0.0000
     2 -35.8078  -0.0000  -0.0000
     3 -35.7423  -0.0000   0.0000
     4 -35.6905  -0.0000   0.0000
     5 -12.0901   0.0000   0.0000
     6   0.5800   0.0000  -0.0000
     7   2.2608   0.0000   0.0000
     8   4.0758   0.0000  -0.0000
     9  18.9448   0.0000  -0.0000
    10  21.5472   0.0000   0.0000
    11  23.5146   0.0000   0.0000
    12  27.9815   0.0000  -0.0000
    13  30.3568   0.0000  -0.0000
    14  32.7662   0.0000  -0.0000
    15  38.2425   0.0000   0.0000
    16  41.1044   0.0000   0.0000
    17  41.6072   0.0000  -0.0000
    18  44.8877   0.0000  -0.0000
    19  47.3417   0.0000  -0.0000
    20  50.3905   0.0000   0.0000
    21  54.0590   0.0000   0.0000
    22  56.9766   0.0000  -0.0000
    23  59.4942   0.0000   0.0000
    24  61.2663   0.0000  -0.0000
    25  61.8364   0.0000  -0.0000
    26  63.8382   0.0000   0.0000
    27  64.3399   0.0000   0.0000
    28  68.6870   0.0000  -0.0000
    29  71.1698   0.0000   0.0000
    30  71.9210   0.0000   0.0000
    31  73.8297   0.0000   0.0000
    32  74.6966   0.0000   0.0000
    33  77.7030   0.0000   0.0000
    34  78.8359   0.0000  -0.0000
    35  84.4558   0.0000   0.0000
    36  85.8696   0.0000  -0.0000
    37  86.0920   0.0000  -0.0000
    38  87.1806   0.0000  -0.0000
    39  92.8188   0.0000  -0.0000
    40  94.2191   0.0000   0.0000
    41  96.0569   0.0000  -0.0000
    42  96.8169   0.0000   0.0000
    43 102.2672   0.0000  -0.0000
    44 104.8297   0.0000   0.0000
    45 105.0984   0.0000  -0.0000
    46 106.6411   0.0000   0.0000
    47 109.8210   0.0000  -0.0000
    48 110.3332   0.0000   0.0000
    49 111.5520   0.0000  -0.0000
    50 112.8755   0.0000  -0.0000
    51 114.9490   0.0000   0.0000
    52 115.0724   0.0000  -0.0000
    53 118.0975   0.0000  -0.0000
    54 119.3611   0.0000   0.0000
    55 120.8133   0.0000   0.0000
    56 121.7712   0.0000   0.0000
    57 122.7091   0.0000  -0.0000
    58 124.6774   0.0000  -0.0000
    59 125.5764   0.0000   0.0000
    60 129.6192   0.0000   0.0000
 -0.250000  0.250000  0.000000
  60
     1 -70.6449  -0.0000  -0.0000
     2 -35.7952  -0.0000  -0.0000
     3 -35.7305  -0.0000  -0.0000
     4 -35.6779  -0.0000   0.0000
     5 -12.4606   0.0000   0.0000
     6   0.9995   0.0000  -0.0000
     7   2.7276   0.0000   0.0000
     8   4.3766   0.0000   0.0000
     9  19.0510   0.0000   0.0000
    10  20.6548   0.0000  -0.0000
    11  24.3670   0.0000   0.0000
    12  28.0277   0.0000  -0.0000
    13  29.6099   0.0000  -0.0000
    14  31.8014   0.0000   0.0000
    15  37.7529   0.0000  -0.0000
    16  40.6702   0.0000  -0.0000
    17  42.7129   0.0000   0.0000
    18  43.3537   0.0000  -0.0000
    19  46.3594   0.0000  -0.0000
    20  51.4335   0.0000  -0.0000
    21  52.1614   0.0000  -0.0000
    22  54.1399   0.0000  -0.0000
    23  55.5798   0.0000   0.0000
    24  64.5161   0.0000  -0.0000
    25  64.9385   0.0000  -0.0000
    26  67.9590   0.0000  -0.0000
    27  68.6217   0.0000  -0.0000
    28  70.6426   0.0000   0.0000
    29  71.0016   0.0000  -0.0000
    30  72.1388   0.0000   0.0000
    31  74.4429   0.0000   0.0000
    32  76.9190   0.0000  -0.0000
    33  77.9489   0.0000  -0.0000
    34  78.5958   0.0000  -0.0000
    35  85.1670   0.0000   0.0000
    36  86.6778   0.0000   0.0000
    37  87.0872   0.0000   0.0000
    38  87.9939   0.0000  -0.0000
    39  92.5375   0.0000   0.0000
    40  93.6526   0.0000  -0.0000
    41  94.7249   0.0000  -0.0000
    42  96.2737   0.0000  -0.0000
    43  96.3186   0.0000   0.0000
    44 102.6808   0.0000  -0.0000
    45 103.1467   0.0000  -0.0000
    46 103.8087   0.0000  -0.0000
    47 108.0204   0.0000   0.0000
    48 109.4836   0.0000   0.0000
    49 111.2446   0.0000   0.0000
    50 111.8481   0.0000   0.0000
    51 112.0102   0.0000   0.0000
    52 115.5841   0.0000   0.0000
    53 116.1011   0.0000   0.0000
    54 120.8678   0.0000  -0.0000
    55 121.1991   0.0000   0.0000
    56 122.8350   0.0000  -0.0000
    57 122.8525   0.0000  -0.0000
    58 125.8198   0.0000   0.0000
    59 126.3797   0.0000   0.0000
    60 126.6671   0.0000   0.0000
  0.375000  0.375000  0.000000
  60
     1 -70.6417  -0.0000   0.0000
     2 -35.7981  -0.0000  -0.0000
     3 -35.7134  -0.0000   0.0000
     4 -35.7134  -0.0000  -0.0000
     5 -12.3727   0.0000  -0.0000
     6   0.6582   0.0000   0.0000
     7   3.7914   0.0000  -0.0000
     8   3.7915   0.0000   0.0000
     9  17.3261   0.0000  -0.0000
    10  19.7826   0.0000  -0.0000
    11  23.4335   0.0000  -0.0000
    12  29.4701   0.0000  -0.0000
    13  29.4701   0.0000  -0.0000
    14  36.2541   0.0000   0.0000
    15  39.2622   0.0000   0.0000
    16  42.2255   0.0000  -0.0000
    17  42.2255   0.0000  -0.0000
    18  47.2487   0.0000   0.0000
    19  47.3304   0.0000  -0.0000
    20  47.3306   0.0000  -0.0000
    21  48.9833   0.0000  -0.0000
    22  51.0169   0.0000   0.0000
    23  58.9404   0.0000  -0.0000
    24  58.9409   0.0000   0.0000
    25  66.2194   0.0000  -0.0000
    26  66.2194   0.0000   0.0000
    27  66.5179   0.0000   0.0000
    28  68.3733   0.0000  -0.0000
    29  69.1001   0.0000   0.0000
    30  69.3183   0.0000  -0.0000
    31  79.8439   0.0000  -0.0000
    32  80.1927   0.0000   0.0000
    33  82.3526   0.0000  -0.0000
    34  82.9714   0.0000  -0.0000
    35  82.9714   0.0000   0.0000
    36  85.5170   0.0000   0.0000
    37  88.5904   0.0000  -0.0000
    38  88.8921   0.0000  -0.0000
    39  93.0530   0.0000  -0.0000
    40  93.0531   0.0000   0.0000
    41  93.1997   0.0000   0.0000
    42  93.1998   0.0000  -0.0000
    43  95.0635   0.0000   0.0000
    44  95.9403   0.0000   0.0000
    45 103.7764   0.0000   0.0000
    46 103.7765   0.0000   0.0000
    47 106.1229   0.0000  -0.0000
    48 110.7457   0.0000  -0.0000
    49 110.7464   0.0000  -0.0000
    50 112.5375   0.0000   0.0000
    51 114.9268   0.0000   0.0000
    52 119.3050   0.0000  -0.0000
    53 121.6406   0.0000   0.0000
    54 121.6407   0.0000   0.0000
    55 122.0722   0.0000  -0.0000
    56 123.2364   0.0000   0.0000
    57 123.2365   0.0000  -0.0000
    58 124.5281   0.0000   0.0000
    59 129.0417   0.0000   0.0000
    60 131.3928   0.0000   0.0000
  0.500000  0.375000  0.000000
  60
     1 -70.6383  -0.0000  -0.0000
     2 -35.8076  -0.0000  -0.0000
     3 -35.7307  -0.0000  -0.0000
     4 -35.7157  -0.0000   0.0000
     5 -12.0748   0.0000  -0.0000
     6   0.4028   0.0000   0.0000
     7   3.1073   0.0000  -0.0000
     8   3.6855   0.0000   0.0000
     9  17.4795   0.0000   0.0000
    10  20.5404   0.0000  -0.0000
    11  22.9090   0.0000   0.0000
    12  29.6431   0.0000   0.0000
    13  29.7436   0.0000   0.0000
    14  37.6374   0.0000  -0.0000
    15  38.8940   0.0000  -0.0000
    16  40.4630   0.0000   0.0000
    17  41.8333   0.0000  -0.0000
    18  47.3193   0.0000   0.0000
    19  48.0578   0.0000  -0.0000
    20  50.8039   0.0000   0.0000
    21  53.3285   0.0000  -0.0000
    22  53.6208   0.0000   0.0000
    23  54.8808   0.0000  -0.0000
    24  57.2836   0.0000  -0.0000
    25  60.7212   0.0000   0.0000
    26  64.3415   0.0000  -0.0000
    27  64.3757   0.0000   0.0000
    28  68.6276   0.0000  -0.0000
    29  71.3391   0.0000  -0.0000
    30  72.1759   0.0000   0.0000
    31  75.0426   0.0000  -0.0000
    32  78.6974   0.0000   0.0000
    33  80.3839   0.0000  -0.0000
    34  82.1631   0.0000  -0.0000
    35  82.5237   0.0000   0.0000
    36  84.3854   0.0000  -0.0000
    37  84.8488   0.0000   0.0000
    38  87.6194   0.0000  -0.0000
    39  91.9712   0.0000  -0.0000
    40  94.6013   0.0000  -0.0000
    41  94.7602   0.0000   0.0000
    42  97.1600   0.0000   0.0000
    43  98.1840   0.0000   0.0000
    44 102.1394   0.0000   0.0000
    45 105.6637   0.0000  -0.0000
    46 106.7210   0.0000   0.0000
    47 108.9549   0.0000  -0.0000
    48 110.4538   0.0000  -0.0000
    49 111.9776   0.0000  -0.0000
    50 115.1172   0.0000   0.0000
    51 116.0417   0.0000  -0.0000
    52 117.7848   0.0000   0.0000
    53 118.8212   0.0000  -0.0000
    54 120.0169   0.0000  -0.0000
    55 122.8799   0.0000   0.0000
    56 123.2478   0.0000  -0.0000
    57 124.1961   0.0000   0.0000
    58 127.7300   0.0000   0.0000
    59 127.8171   0.0000   0.0000
    60 129.6214   0.0000  -0.0000
 -0.375000  0.375000  0.000000
  60
     1 -70.6378  -0.0000   0.0000
     2 -35.7900  -0.0000  -0.0000
     3 -35.7645  -0.0000  -0.0000
     4 -35.7063  -0.0000   0.0000
     5 -11.9582   0.0000   0.0000
     6   0.8556   0.0000   0.0000
     7   1.8780   0.0000  -0.0000
     8   3.7972   0.0000  -0.0000
     9  18.5230   0.0000  -0.0000
    10  22.0528   0.0000   0.0000
    11  22.1514   0.0000   0.0000
    12  29.0121   0.0000   0.0000
    13  29.2933   0.0000  -0.0000
    14  35.6671   0.0000   0.0000
    15  39.8238   0.0000   0.0000
    16  40.0885   0.0000  -0.0000
    17  40.6462   0.0000  -0.0000
    18  47.7259   0.0000  -0.0000
    19  49.4872   0.0000   0.0000
    20  50.5220   0.0000   0.0000
    21  54.9411   0.0000   0.0000
    22  55.6171   0.0000  -0.0000
    23  56.9391   0.0000  -0.0000
    24  56.9398   0.0000   0.0000
    25  62.2799   0.0000  -0.0000
    26  62.9899   0.0000   0.0000
    27  63.4243   0.0000  -0.0000
    28  66.0744   0.0000   0.0000
    29  70.4901   0.0000   0.0000
    30  72.7608   0.0000  -0.0000
    31  74.7148   0.0000  -0.0000
    32  75.3714   0.0000   0.0000
    33  78.5018   0.0000   0.0000
    34  79.8185   0.0000   0.0000
    35  83.1193   0.0000   0.0000
    36  84.5025   0.0000  -0.0000
    37  84.6553   0.0000  -0.0000
    38  85.5822   0.0000  -0.0000
    39  95.3018   0.0000  -0.0000
    40  95.4553   0.0000  -0.0000
    41  95.9572   0.0000  -0.0000
    42 102.4293   0.0000   0.0000
    43 103.7754   0.0000  -0.0000
    44 104.8824   0.0000   0.0000
    45 105.7064   0.0000   0.0000
    46 108.0218   0.0000   0.0000
    47 108.7825   0.0000  -0.0000
    48 109.0987   0.0000  -0.0000
    49 110.4165   0.0000   0.0000
    50 111.4080   0.0000   0.0000
    51 114.2115   0.0000  -0.0000
    52 117.5678   0.0000   0.0000
    53 117.9074   0.0000   0.0000
    54 118.4134   0.0000   0.0000
    55 119.1920   0.0000   0.0000
    56 123.3173   0.0000  -0.0000
    57 124.7009   0.0000   0.0000
    58 126.3175   0.0000   0.0000
    59 127.5535   0.0000  -0.0000
    60 127.8816   0.0000   0.0000
  0.500000  0.500000  0.000000
  60
     1 -70.6371  -0.0000   0.0000
     2 -35.8176  -0.0000   0.0000
     3 -35.7222  -0.0000   0.0000
     4 -35.7222  -0.0000  -0.0000
     5 -12.0247   0.0000  -0.0000
     6   0.1288   0.0000   0.0000
     7   3.5799   0.0000   0.0000
     8   3.5799   0.0000  -0.0000
     9  16.7144   0.0000  -0.0000
    10  20.0426   0.0000   0.0000
    11  23.1631   0.0000   0.0000
    12  30.2846   0.0000  -0.0000
    13  30.2846   0.0000  -0.0000
    14  38.0068   0.0000  -0.0000
    15  38.0613   0.0000   0.0000
    16  42.5513   0.0000  -0.0000
    17  42.5513   0.0000  -0.0000
    18  46.0230   0.0000   0.0000
    19  49.6826   0.0000  -0.0000
    20  49.6826   0.0000   0.0000
    21  52.7037   0.0000   0.0000
    22  55.3244   0.0000  -0.0000
    23  55.3244   0.0000  -0.0000
    24  55.9723   0.0000  -0.0000
    25  56.6949   0.0000  -0.0000
    26  64.1817   0.0000   0.0000
    27  64.1817   0.0000  -0.0000
    28  67.1593   0.0000  -0.0000
    29  70.2918   0.0000   0.0000
    30  74.6641   0.0000  -0.0000
    31  79.2439   0.0000  -0.0000
    32  79.7675   0.0000  -0.0000
    33  81.5685   0.0000  -0.0000
    34  81.9193   0.0000  -0.0000
    35  81.9193   0.0000   0.0000
    36  83.3280   0.0000   0.0000
    37  83.4365   0.0000   0.0000
    38  87.9822   0.0000  -0.0000
    39  92.6176   0.0000  -0.0000
    40  92.6176   0.0000  -0.0000
    41  94.4700   0.0000  -0.0000
    42  95.1123   0.0000   0.0000
    43  95.1123   0.0000  -0.0000
    44  99.1439   0.0000   0.0000
    45 108.7101   0.0000   0.0000
    46 109.6872   0.0000  -0.0000
    47 109.6872   0.0000   0.0000
    48 112.9110   0.0000  -0.0000
    49 112.9110   0.0000   0.0000
    50 116.8378   0.0000  -0.0000
    51 116.8378   0.0000  -0.0000
    52 119.2038   0.0000   0.0000
    53 120.0485   0.0000   0.0000
    54 122.9532   0.0000  -0.0000
    55 123.1487   0.0000   0.0000
    56 124.6657   0.0000  -0.0000
    57 124.6657   0.0000  -0.0000
    58 124.6670   0.0000   0.0000
    59 126.8598   0.0000   0.0000
    60 129.4734   0.0000  -0.0000
  0.375000  0.250000  0.125000
  60
     1 -70.6503  -0.0000   0.0000
     2 -35.7706  -0.0000   0.0000
     3 -35.7033  -0.0000  -0.0000
     4 -35.6794  -0.0000   0.0000
     5 -12.9719   0.0000   0.0000
     6   1.6824   0.0000  -0.0000
     7   3.8126   0.0000  -0.0000
     8   4.4630   0.0000   0.0000
     9  18.3345   0.0000  -0.0000
    10  19.8254   0.0000   0.0000
    11  25.2307   0.0000   0.0000
    12  27.8971   0.0000  -0.0000
    13  27.8993   0.0000   0.0000
    14  33.0511   0.0000  -0.0000
    15  37.5700   0.0000   0.0000
    16  39.6377   0.0000   0.0000
    17  41.7638   0.0000   0.0000
    18  42.9763   0.0000  -0.0000
    19  45.1600   0.0000   0.0000
    20  49.1927   0.0000   0.0000
    21  51.3610   0.0000   0.0000
    22  55.5554   0.0000   0.0000
    23  57.8020   0.0000   0.0000
    24  60.8763   0.0000  -0.0000
    25  64.1906   0.0000  -0.0000
    26  69.1493   0.0000   0.0000
    27  71.1153   0.0000   0.0000
    28  72.6642   0.0000   0.0000
    29  73.3099   0.0000  -0.0000
    30  76.7526   0.0000  -0.0000
    31  79.5282   0.0000  -0.0000
    32  80.4727   0.0000  -0.0000
    33  80.9757   0.0000   0.0000
    34  81.1418   0.0000  -0.0000
    35  82.5072   0.0000  -0.0000
    36  84.8681   0.0000  -0.0000
    37  86.5786   0.0000   0.0000
    38  87.2603   0.0000  -0.0000
    39  92.7563   0.0000   0.0000
    40  93.6853   0.0000  -0.0000
    41  95.2122   0.0000   0.0000
    42  96.5505   0.0000  -0.0000
    43  97.3489   0.0000   0.0000
    44  98.2449   0.0000  -0.0000
    45  98.4447   0.0000   0.0000
    46 102.1828   0.0000  -0.0000
    47 103.3329   0.0000   0.0000
    48 106.4167   0.0000   0.0000
    49 108.3201   0.0000  -0.0000
    50 108.3363   0.0000  -0.0000
    51 109.4069   0.0000   0.0000
    52 115.3246   0.0000  -0.0000
    53 115.9599   0.0000  -0.0000
    54 118.0974   0.0000  -0.0000
    55 120.4646   0.0000   0.0000
    56 121.5728   0.0000  -0.0000
    57 122.6722   0.0000   0.0000
    58 126.2993   0.0000  -0.0000
    59 126.8880   0.0000   0.0000
    60 129.5893   0.0000  -0.0000
  0.500000  0.250000  0.125000
  60
     1 -70.6437  -0.0000  -0.0000
     2 -35.8052  -0.0000  -0.0000
     3 -35.7197  -0.0000   0.0000
     4 -35.6879  -0.0000  -0.0000
     5 -12.3786   0.0000   0.0000
     6   0.7020   0.0000   0.0000
     7   3.0723   0.0000   0.0000
     8   4.1260   0.0000  -0.0000
     9  18.7573   0.0000   0.0000
    10  20.7939   0.0000   0.0000
    11  24.0982   0.0000  -0.0000
    12  27.5804   0.0000   0.0000
    13  29.9624   0.0000  -0.0000
    14  33.3191   0.0000  -0.0000
    15  37.7689   0.0000   0.0000
    16  41.3339   0.0000   0.0000
    17  41.6856   0.0000  -0.0000
    18  44.3229   0.0000  -0.0000
    19  45.2114   0.0000   0.0000
    20  51.1612   0.0000   0.0000
    21  53.0516   0.0000  -0.0000
    22  53.4346   0.0000  -0.0000
    23  58.2389   0.0000  -0.0000
    24  62.3715   0.0000  -0.0000
    25  63.8736   0.0000  -0.0000
    26  65.8952   0.0000  -0.0000
    27  68.0183   0.0000  -0.0000
    28  70.0720   0.0000   0.0000
    29  72.4929   0.0000   0.0000
    30  72.9422   0.0000  -0.0000
    31  73.9320   0.0000  -0.0000
    32  77.5841   0.0000  -0.0000
    33  78.2725   0.0000  -0.0000
    34  80.2116   0.0000   0.0000
    35  81.1625   0.0000   0.0000
    36  85.1166   0.0000  -0.0000
    37  86.9210   0.0000  -0.0000
    38  90.4859   0.0000  -0.0000
    39  91.3873   0.0000   0.0000
    40  95.2263   0.0000  -0.0000
    41  96.2110   0.0000   0.0000
    42  96.6929   0.0000  -0.0000
    43  98.8380   0.0000  -0.0000
    44 100.7470   0.0000  -0.0000
    45 101.8325   0.0000   0.0000
    46 103.6473   0.0000  -0.0000
    47 105.9481   0.0000   0.0000
    48 110.0637   0.0000  -0.0000
    49 110.7243   0.0000   0.0000
    50 113.0342   0.0000  -0.0000
    51 114.6708   0.0000   0.0000
    52 116.3982   0.0000  -0.0000
    53 117.2575   0.0000  -0.0000
    54 117.7395   0.0000   0.0000
    55 120.1169   0.0000  -0.0000
    56 122.2433   0.0000  -0.0000
    57 124.3005   0.0000   0.0000
    58 126.6907   0.0000  -0.0000
    59 127.6561   0.0000  -0.0000
    60 130.4664   0.0000  -0.0000
 -0.375000  0.250000  0.125000
  60
     1 -70.6410  -0.0000   0.0000
     2 -35.8202  -0.0000   0.0000
     3 -35.7236  -0.0000   0.0000
     4 -35.6933  -0.0000  -0.0000
     5 -12.1084   0.0000   0.0000
     6   0.2640   0.0000  -0.0000
     7   2.8088   0.0000   0.0000
     8   3.9727   0.0000  -0.0000
     9  18.6725   0.0000   0.0000
    10  21.7055   0.0000  -0.0000
    11  23.7411   0.0000  -0.0000
    12  27.3412   0.0000   0.0000
    13  31.0830   0.0000   0.0000
    14  33.0175   0.0000  -0.0000
    15  37.8199   0.0000   0.0000
    16  40.8798   0.0000  -0.0000
    17  41.7950   0.0000  -0.0000
    18  43.7588   0.0000  -0.0000
    19  48.0371   0.0000   0.0000
    20  48.6366   0.0000  -0.0000
    21  56.6513   0.0000  -0.0000
    22  56.9216   0.0000   0.0000
    23  59.0804   0.0000  -0.0000
    24  60.4391   0.0000  -0.0000
    25  62.3263   0.0000  -0.0000
    26  63.2006   0.0000   0.0000
    27  66.5138   0.0000  -0.0000
    28  68.2495   0.0000  -0.0000
    29  70.2996   0.0000  -0.0000
    30  72.0671   0.0000  -0.0000
    31  73.5008   0.0000   0.0000
    32  77.0889   0.0000   0.0000
    33  77.6025   0.0000  -0.0000
    34  79.6753   0.0000   0.0000
    35  81.3526   0.0000   0.0000
    36  84.1691   0.0000   0.0000
    37  88.2229   0.0000   0.0000
    38  89.2625   0.0000   0.0000
    39  92.8731   0.0000   0.0000
    40  93.6668   0.0000  -0.0000
    41  95.8622   0.0000   0.0000
    42  96.2734   0.0000  -0.0000
    43 100.5103   0.0000  -0.0000
    44 102.2622   0.0000   0.0000
    45 105.0637   0.0000   0.0000
    46 107.8267   0.0000   0.0000
    47 108.5735   0.0000  -0.0000
    48 110.5944   0.0000   0.0000
    49 112.0839   0.0000  -0.0000
    50 113.4568   0.0000  -0.0000
    51 116.2851   0.0000   0.0000
    52 116.3579   0.0000  -0.0000
    53 118.2194   0.0000   0.0000
    54 119.4582   0.0000  -0.0000
    55 120.7615   0.0000   0.0000
    56 121.1672   0.0000  -0.0000
    57 124.5393   0.0000   0.0000
    58 124.5620   0.0000  -0.0000
    59 125.8086   0.0000   0.0000
    60 125.9878   0.0000   0.0000
  0.500000  0.375000  0.125000
  60
     1 -70.6410  -0.0000  -0.0000
     2 -35.7980  -0.0000   0.0000
     3 -35.7263  -0.0000  -0.0000
     4 -35.7084  -0.0000   0.0000
     5 -12.2517   0.0000  -0.0000
     6   0.7395   0.0000  -0.0000
     7   3.1256   0.0000  -0.0000
     8   3.6920   0.0000  -0.0000
     9  18.4925   0.0000  -0.0000
    10  20.3280   0.0000   0.0000
    11  23.1428   0.0000   0.0000
    12  28.3089   0.0000   0.0000
    13  29.9851   0.0000  -0.0000
    14  35.4640   0.0000  -0.0000
    15  40.1397   0.0000  -0.0000
    16  40.4049   0.0000  -0.0000
    17  41.6313   0.0000   0.0000
    18  45.5975   0.0000   0.0000
    19  46.0230   0.0000  -0.0000
    20  51.1101   0.0000   0.0000
    21  51.2892   0.0000  -0.0000
    22  55.7708   0.0000  -0.0000
    23  56.7339   0.0000   0.0000
    24  57.9967   0.0000   0.0000
    25  62.4014   0.0000  -0.0000
    26  64.3723   0.0000  -0.0000
    27  69.1784   0.0000   0.0000
    28  70.3375   0.0000  -0.0000
    29  70.5967   0.0000   0.0000
    30  71.8797   0.0000  -0.0000
    31  75.9410   0.0000   0.0000
    32  76.0904   0.0000  -0.0000
    33  78.7374   0.0000   0.0000
    34  79.5679   0.0000   0.0000
    35  82.3310   0.0000   0.0000
    36  83.3235   0.0000   0.0000
    37  90.1470   0.0000   0.0000
    38  91.0397   0.0000  -0.0000
    39  93.6073   0.0000   0.0000
    40  94.7740   0.0000   0.0000
    41  95.6864   0.0000   0.0000
    42  95.9549   0.0000   0.0000
    43  97.2142   0.0000  -0.0000
    44 100.9148   0.0000  -0.0000
    45 102.7756   0.0000  -0.0000
    46 104.5801   0.0000   0.0000
    47 107.6587   0.0000   0.0000
    48 109.4373   0.0000  -0.0000
    49 111.5297   0.0000   0.0000
    50 111.9377   0.0000   0.0000
    51 112.4876   0.0000  -0.0000
    52 115.8550   0.0000  -0.0000
    53 118.4372   0.0000   0.0000
    54 120.0201   0.0000  -0.0000
    55 122.2528   0.0000   0.0000
    56 123.4161   0.0000   0.0000
    57 127.4136   0.0000  -0.0000
    58 127.9744   0.0000  -0.0000
    59 129.4794   0.0000   0.0000
    60 129.7902   0.0000  -0.0000
 -0.375000  0.375000  0.125000
  60
     1 -70.6383  -0.0000  -0.0000
     2 -35.7937  -0.0000  -0.0000
     3 -35.7512  -0.0000   0.0000
     4 -35.7123  -0.0000   0.0000
     5 -11.9837   0.0000   0.0000
     6   0.8626   0.0000  -0.0000
     7   2.1285   0.0000   0.0000
     8   3.5181   0.0000  -0.0000
     9  19.2420   0.0000  -0.0000
    10  21.4026   0.0000   0.0000
    11  22.5617   0.0000  -0.0000
    12  27.4005   0.0000  -0.0000
    13  30.9613   0.0000   0.0000
    14  34.4098   0.0000   0.0000
    15  39.3337   0.0000   0.0000
    16  40.8538   0.0000   0.0000
    17  41.8734   0.0000   0.0000
    18  45.5576   0.0000   0.0000
    19  49.1127   0.0000   0.0000
    20  51.7602   0.0000   0.0000
    21  53.5010   0.0000  -0.0000
    22  55.1389   0.0000   0.0000
    23  57.3921   0.0000  -0.0000
    24  59.9225   0.0000  -0.0000
    25  60.5468   0.0000   0.0000
    26  62.4520   0.0000  -0.0000
    27  66.3905   0.0000  -0.0000
    28  67.9886   0.0000  -0.0000
    29  71.4230   0.0000  -0.0000
    30  71.9339   0.0000   0.0000
    31  72.6514   0.0000  -0.0000
    32  74.8291   0.0000  -0.0000
    33  76.0492   0.0000  -0.0000
    34  78.5315   0.0000  -0.0000
    35  80.1290   0.0000   0.0000
    36  83.9139   0.0000  -0.0000
    37  89.3590   0.0000   0.0000
    38  91.8391   0.0000  -0.0000
    39  94.0653   0.0000  -0.0000
    40  95.4202   0.0000  -0.0000
    41  97.5371   0.0000  -0.0000
    42 101.6836   0.0000  -0.0000
    43 101.8266   0.0000  -0.0000
    44 102.9250   0.0000   0.0000
    45 104.7319   0.0000  -0.0000
    46 105.1705   0.0000  -0.0000
    47 108.6059   0.0000   0.0000
    48 109.2201   0.0000   0.0000
    49 110.9936   0.0000  -0.0000
    50 111.8019   0.0000   0.0000
    51 115.2356   0.0000  -0.0000
    52 115.6283   0.0000  -0.0000
    53 117.9193   0.0000  -0.0000
    54 119.6274   0.0000  -0.0000
    55 120.7666   0.0000   0.0000
    56 122.4256   0.0000   0.0000
    57 124.5985   0.0000  -0.0000
    58 127.6087   0.0000   0.0000
    59 128.3792   0.0000   0.0000
    60 128.4418   0.0000   0.0000
 -0.250000  0.375000  0.125000
  60
     1 -70.6394  -0.0000  -0.0000
     2 -35.7895  -0.0000   0.0000
     3 -35.7580  -0.0000  -0.0000
     4 -35.7014  -0.0000  -0.0000
     5 -12.0405   0.0000  -0.0000
     6   1.0492   0.0000   0.0000
     7   1.8501   0.0000  -0.0000
     8   3.7384   0.0000  -0.0000
     9  19.9640   0.0000   0.0000
    10  20.7124   0.0000   0.0000
    11  23.1481   0.0000   0.0000
    12  27.3216   0.0000  -0.0000
    13  31.8010   0.0000   0.0000
    14  31.9938   0.0000  -0.0000
    15  40.0617   0.0000  -0.0000
    16  40.5452   0.0000   0.0000
    17  41.5227   0.0000   0.0000
    18  46.3310   0.0000  -0.0000
    19  46.6885   0.0000  -0.0000
    20  52.6152   0.0000   0.0000
    21  52.9930   0.0000  -0.0000
    22  55.9646   0.0000  -0.0000
    23  56.8836   0.0000  -0.0000
    24  60.2573   0.0000   0.0000
    25  62.1770   0.0000  -0.0000
    26  65.3834   0.0000  -0.0000
    27  66.7698   0.0000   0.0000
    28  67.8883   0.0000  -0.0000
    29  67.9466   0.0000  -0.0000
    30  72.7616   0.0000  -0.0000
    31  73.1229   0.0000  -0.0000
    32  76.0126   0.0000   0.0000
    33  76.4143   0.0000   0.0000
    34  77.3915   0.0000  -0.0000
    35  79.9313   0.0000  -0.0000
    36  84.4881   0.0000   0.0000
    37  88.2394   0.0000  -0.0000
    38  92.4584   0.0000  -0.0000
    39  95.4947   0.0000  -0.0000
    40  95.5739   0.0000   0.0000
    41  97.1646   0.0000  -0.0000
    42  99.3038   0.0000  -0.0000
    43 100.9613   0.0000  -0.0000
    44 103.7366   0.0000  -0.0000
    45 104.3742   0.0000  -0.0000
    46 106.1964   0.0000   0.0000
    47 106.5168   0.0000  -0.0000
    48 109.8180   0.0000  -0.0000
    49 110.7987   0.0000   0.0000
    50 111.3179   0.0000   0.0000
    51 114.1738   0.0000   0.0000
    52 114.7119   0.0000   0.0000
    53 119.7405   0.0000   0.0000
    54 121.1890   0.0000   0.0000
    55 122.0566   0.0000  -0.0000
    56 124.1335   0.0000   0.0000
    57 124.6131   0.0000  -0.0000
    58 125.8823   0.0000  -0.0000
    59 126.2326   0.0000  -0.0000
    60 127.7987   0.0000   0.0000
 -0.375000  0.500000  0.125000
  60
     1 -70.6371  -0.0000  -0.0000
     2 -35.8034  -0.0000   0.0000
     3 -35.7359  -0.0000   0.0000
     4 -35.7249  -0.0000   0.0000
     5 -11.9641   0.0000  -0.0000
     6   0.4978   0.0000   0.0000
     7   2.8691   0.0000  -0.0000
     8   3.3142   0.0000   0.0000
     9  18.0142   0.0000  -0.0000
    10  21.0509   0.0000   0.0000
    11  22.5525   0.0000   0.0000
    12  28.3902   0.0000   0.0000
    13  30.8377   0.0000   0.0000
    14  37.4118   0.0000  -0.0000
    15  38.2062   0.0000  -0.0000
    16  39.8119   0.0000   0.0000
    17  43.0413   0.0000   0.0000
    18  47.8736   0.0000  -0.0000
    19  49.0171   0.0000   0.0000
    20  51.5435   0.0000   0.0000
    21  52.7231   0.0000   0.0000
    22  54.3453   0.0000  -0.0000
    23  56.2267   0.0000  -0.0000
    24  57.4190   0.0000  -0.0000
    25  59.7905   0.0000   0.0000
    26  62.1517   0.0000  -0.0000
    27  63.3587   0.0000  -0.0000
    28  69.0287   0.0000   0.0000
    29  72.9408   0.0000  -0.0000
    30  73.6345   0.0000  -0.0000
    31  74.6819   0.0000   0.0000
    32  74.9670   0.0000  -0.0000
    33  78.2702   0.0000   0.0000
    34  78.8695   0.0000  -0.0000
    35  79.0096   0.0000  -0.0000
    36  83.0811   0.0000  -0.0000
    37  91.0898   0.0000   0.0000
    38  91.3692   0.0000  -0.0000
    39  92.7818   0.0000   0.0000
    40  93.7673   0.0000   0.0000
    41  96.4558   0.0000  -0.0000
    42  96.7895   0.0000   0.0000
    43  97.9935   0.0000   0.0000
    44 106.2117   0.0000  -0.0000
    45 106.6242   0.0000  -0.0000
    46 108.7420   0.0000  -0.0000
    47 108.9306   0.0000   0.0000
    48 109.2863   0.0000   0.0000
    49 112.7360  -0.0000   0.0000
    50 113.2578   0.0000  -0.0000
    51 114.8478   0.0000  -0.0000
    52 116.5790   0.0000  -0.0000
    53 118.7256   0.0000   0.0000
    54 120.1246   0.0000  -0.0000
    55 122.3038   0.0000   0.0000
    56 123.2731   0.0000  -0.0000
    57 124.1149   0.0000   0.0000
    58 124.7028   0.0000   0.0000
    59 127.0515   0.0000  -0.0000
    60 127.8998   0.0000  -0.0000
 -0.250000  0.500000  0.250000
  60
     1 -70.6372  -0.0000  -0.0000
     2 -35.7695  -0.0000  -0.0000
     3 -35.7695  -0.0000   0.0000
     4 -35.7276  -0.0000   0.0000
     5 -11.9024   0.0000  -0.0000
     6   1.5292   0.0000  -0.0000
     7   1.5292   0.0000   0.0000
     8   3.0571   0.0000  -0.0000
     9  20.6230   0.0000  -0.0000
    10  20.6230   0.0000  -0.0000
    11  22.5667   0.0000   0.0000
    12  26.2892   0.0000  -0.0000
    13  32.9424   0.0000  -0.0000
    14  32.9424   0.0000   0.0000
    15  38.3873   0.0000  -0.0000
    16  41.3815   0.0000  -0.0000
    17  43.8888   0.0000   0.0000
    18  46.1484   0.0000  -0.0000
    19  50.5398   0.0000   0.0000
    20  50.5398   0.0000   0.0000
    21  53.4951   0.0000   0.0000
    22  54.6661   0.0000   0.0000
    23  54.6661   0.0000   0.0000
    24  60.2832   0.0000  -0.0000
    25  64.7284   0.0000  -0.0000
    26  64.7284   0.0000   0.0000
    27  65.8093   0.0000   0.0000
    28  66.1018   0.0000  -0.0000
    29  69.1293   0.0000  -0.0000
    30  69.1293   0.0000   0.0000
    31  71.8714   0.0000  -0.0000
    32  73.5943   0.0000  -0.0000
    33  77.3618   0.0000  -0.0000
    34  77.3690   0.0000   0.0000
    35  77.3690   0.0000   0.0000
    36  84.7986   0.0000   0.0000
    37  92.8268   0.0000   0.0000
    38  93.1097   0.0000  -0.0000
    39  93.1097   0.0000   0.0000
    40 100.2792   0.0000  -0.0000
    41 100.2792   0.0000  -0.0000
    42 102.1718   0.0000  -0.0000
    43 103.6836   0.0000   0.0000
    44 103.9153   0.0000  -0.0000
    45 103.9779   0.0000   0.0000
    46 104.2488   0.0000   0.0000
    47 104.2488   0.0000  -0.0000
    48 104.9604   0.0000   0.0000
    49 112.5355   0.0000   0.0000
    50 112.5355   0.0000  -0.0000
    51 114.5370   0.0000   0.0000
    52 114.9270   0.0000   0.0000
    53 116.7226   0.0000   0.0000
    54 122.0746   0.0000  -0.0000
    55 122.9768   0.0000  -0.0000
    56 122.9768   0.0000  -0.0000
    57 123.5540   0.0000   0.0000
    58 125.1029   0.0000  -0.0000
    59 125.1029   0.0000  -0.0000
    60 131.5081   0.0000   0.0000
