          29           1
  0.000000  0.000000  0.000000
  60
     1 -62.7509  -6.4082   0.0000
     2 -27.4303  -3.9310   0.0000
     3 -27.4303  -3.9310   0.0000
     4 -27.4303  -3.9310   0.0000
     5 -11.0818  -3.3003   0.0000
     6  12.8306  -1.7186   0.0000
     7  12.8306  -1.7186   0.0000
     8  12.8306  -1.7186   0.0000
     9  32.2746   1.2778   0.0000
    10  35.8940   1.6971   0.0000
    11  35.8940   1.6971   0.0000
    12  35.8940   1.6971   0.0000
    13  42.2063   1.8327   0.0000
    14  45.8214   1.9057   0.0000
    15  45.8214   1.9057   0.0000
    16  60.3304   2.6328   0.0000
    17  60.3303   2.6328   0.0000
    18  60.3303   2.6328   0.0000
    19  80.7787   2.7846   0.0000
    20  80.7788   2.7846   0.0000
    21  80.7788   2.7846   0.0000
    22  88.3957   2.5845   0.0000
    23  95.4975   2.5119   0.0000
    24  95.4975   2.5119   0.0000
    25  95.4975   2.5119   0.0000
    26 103.6118   2.6191   0.0000
    27 103.6118   2.6191   0.0000
    28 104.7030   2.8496   0.0000
    29 104.7030   2.8496   0.0000
    30 104.7030   2.8496   0.0000
    31 122.4840   2.7118   0.0000
    32 122.4840   2.7118   0.0000
    33 131.2581   2.9916   0.0000
    34 134.8030   2.6114   0.0000
    35 134.8030   2.6114   0.0000
    36 134.8030   2.6114   0.0000
    37 139.0993   3.0328   0.0000
    38 139.0992   3.0327   0.0000
    39 139.0992   3.0327   0.0000
    40 143.6032   3.0698   0.0000
    41 143.6032   3.0698   0.0000
    42 143.6032   3.0698   0.0000
    43 145.7906   3.0209   0.0000
    44 145.7906   3.0209   0.0000
    45 145.7906   3.0209   0.0000
    46 148.1098   3.0426   0.0000
    47 148.1098   3.0426   0.0000
    48 148.1098   3.0426   0.0000
    49 148.9908   2.7324   0.0000
    50 152.8418   2.6793   0.0000
    51 152.8418   2.6793   0.0000
    52 152.8418   2.6793   0.0000
    53 153.9506   2.6111   0.0000
    54 153.9506   2.6111   0.0000
    55 154.9025   2.8168   0.0000
    56 154.9025   2.8168   0.0000
    57 154.9025   2.8168   0.0000
    58 156.8601   2.9733   0.0000
    59 163.6915   2.8854   0.0000
    60 178.6494   3.4687   0.0000
  0.125000  0.000000  0.000000
  60
     1 -62.7145  -6.4117   0.0000
     2 -27.6493  -3.9227   0.0000
     3 -27.4404  -3.9294   0.0000
     4 -27.4404  -3.9294   0.0000
     5 -10.5041  -3.2881   0.0000
     6  11.4405  -1.7353   0.0000
     7  12.4587  -1.7154   0.0000
     8  12.4587  -1.7154   0.0000
     9  32.5714   1.4033   0.0000
    10  34.0670   1.5014   0.0000
    11  36.8015   1.7184   0.0000
    12  36.8015   1.7184   0.0000
    13  45.9212   1.9256   0.0000
    14  45.9212   1.9256   0.0000
    15  46.8056   1.9335   0.0000
    16  59.5763   2.5782   0.0000
    17  61.5240   2.6313   0.0000
    18  61.5240   2.6313   0.0000
    19  78.0017   2.6666   0.0000
    20  79.3661   2.6924   0.0000
    21  79.3661   2.6924   0.0000
    22  89.9304   2.6101   0.0000
    23  90.7209   2.6097   0.0000
    24  90.7209   2.6097   0.0000
    25  98.6602   2.6508   0.0000
    26 100.6999   2.6128   0.0000
    27 100.6999   2.6128   0.0000
    28 105.3610   2.8548   0.0000
    29 115.6530   2.8377   0.0000
    30 115.6530   2.8377   0.0000
    31 120.5017   2.7543   0.0000
    32 120.5017   2.7543   0.0000
    33 127.6684   2.8048   0.0000
    34 129.0628   2.7492   0.0000
    35 130.0042   2.6999   0.0000
    36 130.0042   2.6999   0.0000
    37 134.8544   2.9340   0.0000
    38 135.7043   2.9254   0.0000
    39 135.7043   2.9254   0.0000
    40 137.0155   2.9907   0.0000
    41 138.3094   2.9308   0.0000
    42 138.3094   2.9308   0.0000
    43 144.0967   2.8186   0.0000
    44 144.3378   2.7072   0.0000
    45 144.3378   2.7072   0.0000
    46 147.4241   2.9276   0.0000
    47 149.5692   2.9721   0.0000
    48 151.8606   2.9173   0.0000
    49 151.8606   2.9173   0.0000
    50 156.3377   2.9515   0.0000
    51 156.3377   2.9515   0.0000
    52 156.9901   3.0301   0.0000
    53 156.9901   3.0301   0.0000
    54 158.1959   3.0721   0.0000
    55 162.0199   3.0634   0.0000
    56 162.8540   2.7707   0.0000
    57 167.6843   2.7576   0.0000
    58 167.6843   2.7576   0.0000
    59 168.0733   3.0279   0.0000
    60 177.1874   3.2996   0.0000
  0.250000  0.000000  0.000000
  60
     1 -62.6262  -6.4202   0.0000
     2 -28.1465  -3.9038   0.0000
     3 -27.4646  -3.9258   0.0000
     4 -27.4646  -3.9258   0.0000
     5  -8.9800  -3.2584   0.0000
     6   8.2450  -1.8117   0.0000
     7  11.6272  -1.7171   0.0000
     8  11.6272  -1.7171   0.0000
     9  30.6838   1.3920   0.0000
    10  35.7238   1.4897   0.0000
    11  38.9766   1.7666   0.0000
    12  38.9766   1.7666   0.0000
    13  46.5725   1.9930   0.0000
    14  46.5725   1.9930   0.0000
    15  53.4157   2.1704   0.0000
    16  59.3050   2.3913   0.0000
    17  64.5640   2.6427   0.0000
    18  64.5640   2.6427   0.0000
    19  73.7944   2.4419   0.0000
    20  73.7944   2.4419   0.0000
    21  74.2192   2.5082   0.0000
    22  87.0196   2.7128   0.0000
    23  87.0196   2.7128   0.0000
    24  92.4535   2.6096   0.0000
    25 102.2350   2.6069   0.0000
    26 102.2350   2.6069   0.0000
    27 104.3538   2.8736   0.0000
    28 107.3325   2.8710   0.0000
    29 112.7507   2.7821   0.0000
    30 112.7507   2.7821   0.0000
    31 116.1680   2.6828   0.0000
    32 119.9380   2.6741   0.0000
    33 122.3946   2.6989   0.0000
    34 122.3946   2.6989   0.0000
    35 128.0743   2.9707   0.0000
    36 128.0743   2.9707   0.0000
    37 128.4927   2.9498   0.0000
    38 132.2058   2.8081   0.0000
    39 132.2058   2.8081   0.0000
    40 132.4802   3.0234   0.0000
    41 137.2411   2.7852   0.0000
    42 137.2411   2.7852   0.0000
    43 141.4991   2.7901   0.0000
    44 141.8442   2.8044   0.0000
    45 141.8442   2.8044   0.0000
    46 147.0834   3.0001   0.0000
    47 154.7521   2.9784   0.0000
    48 157.3840   3.0877   0.0000
    49 157.3840   3.0877   0.0000
    50 161.0083   3.1971   0.0000
    51 161.6341   2.9613   0.0000
    52 161.6341   2.9613   0.0000
    53 168.5474   3.0498   0.0000
    54 168.5474   3.0498   0.0000
    55 170.6531   3.1103   0.0000
    56 174.2996   3.0830   0.0000
    57 176.0155   3.0053   0.0000
    58 176.0155   3.0053   0.0000
    59 178.7850   2.7360   0.0000
    60 185.5761   2.8667   0.0000
  0.375000  0.000000  0.000000
  60
     1 -62.5370  -6.4291   0.0000
     2 -28.6070  -3.8862   0.0000
     3 -27.4884  -3.9222   0.0000
     4 -27.4884  -3.9222   0.0000
     5  -7.0929  -3.2478   0.0000
     6   4.9719  -1.8912   0.0000
     7  10.8722  -1.7265   0.0000
     8  10.8722  -1.7265   0.0000
     9  29.6340   1.3006   0.0000
    10  37.6653   1.6280   0.0000
    11  40.9059   1.7923   0.0000
    12  40.9059   1.7923   0.0000
    13  48.5626   2.1335   0.0000
    14  48.5626   2.1335   0.0000
    15  54.0658   2.3345   0.0000
    16  63.9629   2.3155   0.0000
    17  66.6210   2.3525   0.0000
    18  66.6210   2.3525   0.0000
    19  67.9035   2.5587   0.0000
    20  67.9035   2.5587   0.0000
    21  74.5673   2.3512   0.0000
    22  87.8230   2.7225   0.0000
    23  87.8230   2.7225   0.0000
    24  93.5262   2.4937   0.0000
    25 101.0969   2.7281   0.0000
    26 103.0824   2.7360   0.0000
    27 103.0824   2.7360   0.0000
    28 105.4028   2.6224   0.0000
    29 105.4028   2.6224   0.0000
    30 110.1145   2.9100   0.0000
    31 110.6004   2.9044   0.0000
    32 115.5695   2.6668   0.0000
    33 115.5695   2.6668   0.0000
    34 116.0484   2.8229   0.0000
    35 121.2839   2.9014   0.0000
    36 128.2425   2.8760   0.0000
    37 128.2425   2.8760   0.0000
    38 131.2373   3.0339   0.0000
    39 134.6617   2.7783   0.0000
    40 134.6617   2.7783   0.0000
    41 141.0412   2.8837   0.0000
    42 143.2668   2.9359   0.0000
    43 143.2668   2.9359   0.0000
    44 145.5210   2.9069   0.0000
    45 146.0799   2.9746   0.0000
    46 146.0799   2.9746   0.0000
    47 155.8998   3.0568   0.0000
    48 155.8998   3.0568   0.0000
    49 157.3847   3.1242   0.0000
    50 165.8101   3.0280   0.0000
    51 171.8108   3.0253   0.0000
    52 171.8108   3.0253   0.0000
    53 177.2194   3.0154   0.0000
    54 179.2221   3.1178   0.0000
    55 179.2221   3.1178   0.0000
    56 181.7872   3.0565   0.0000
    57 181.7872   3.0565   0.0000
    58 182.0280   2.9317   0.0000
    59 182.0280   2.9317   0.0000
    60 184.4685   3.1210   0.0000
  0.500000  0.000000  0.000000
  60
     1 -62.4998  -6.4328   0.0000
     2 -28.7887  -3.8790   0.0000
     3 -27.4982  -3.9207   0.0000
     4 -27.4982  -3.9207   0.0000
     5  -6.0753  -3.2800   0.0000
     6   3.4415  -1.8904   0.0000
     7  10.5779  -1.7316   0.0000
     8  10.5779  -1.7316   0.0000
     9  29.3695   1.2672   0.0000
    10  38.4216   1.6929   0.0000
    11  41.5252   1.7963   0.0000
    12  41.5252   1.7963   0.0000
    13  50.4294   2.2567   0.0000
    14  50.4294   2.2567   0.0000
    15  53.6907   2.3407   0.0000
    16  62.9140   2.1323   0.0000
    17  62.9140   2.1323   0.0000
    18  64.8993   2.3062   0.0000
    19  69.3501   2.6682   0.0000
    20  69.3501   2.6682   0.0000
    21  82.4983   2.4357   0.0000
    22  85.1572   2.3147   0.0000
    23  90.2776   2.7371   0.0000
    24  90.2776   2.7371   0.0000
    25  97.3155   2.6793   0.0000
    26  97.3155   2.6793   0.0000
    27 101.2344   2.6650   0.0000
    28 106.2306   2.8929   0.0000
    29 109.1681   2.7078   0.0000
    30 109.1681   2.7078   0.0000
    31 110.5331   2.5826   0.0000
    32 110.5331   2.5826   0.0000
    33 114.4304   3.0534   0.0000
    34 116.1394   2.7474   0.0000
    35 117.9646   3.0554   0.0000
    36 127.7300   2.8704   0.0000
    37 127.7300   2.8704   0.0000
    38 130.5435   3.0172   0.0000
    39 134.2278   2.7480   0.0000
    40 134.2278   2.7480   0.0000
    41 141.6178   2.9836   0.0000
    42 144.0624   2.8239   0.0000
    43 145.5687   3.0514   0.0000
    44 145.5687   3.0514   0.0000
    45 150.0749   3.0298   0.0000
    46 150.0749   3.0298   0.0000
    47 157.9035   3.0475   0.0000
    48 163.8980   3.1594   0.0000
    49 163.8980   3.1594   0.0000
    50 165.3423   2.9269   0.0000
    51 165.3423   2.9269   0.0000
    52 171.9587   3.1265   0.0000
    53 176.5391   3.0421   0.0000
    54 178.3577   2.8262   0.0000
    55 180.8602   3.0808   0.0000
    56 180.8602   3.0808   0.0000
    57 186.3092   2.9157   0.0000
    58 186.3092   2.9157   0.0000
    59 190.5235   3.0036   0.0000
    60 190.5233   3.0034   0.0000
  0.125000  0.125000  0.000000
  60
     1 -62.7025  -6.4128   0.0000
     2 -27.6378  -3.9229   0.0000
     3 -27.4829  -3.9273   0.0000
     4 -27.4829  -3.9273   0.0000
     5 -10.3360  -3.2852   0.0000
     6  11.1979  -1.7471   0.0000
     7  12.2926  -1.7159   0.0000
     8  12.2926  -1.7159   0.0000
     9  32.0735   1.5791   0.0000
    10  33.2620   1.3201   0.0000
    11  37.8041   1.7308   0.0000
    12  37.8041   1.7308   0.0000
    13  45.0590   1.9223   0.0000
    14  46.6504   1.9277   0.0000
    15  47.7711   1.9484   0.0000
    16  60.6881   2.6268   0.0000
    17  60.6881   2.6268   0.0000
    18  61.8398   2.5841   0.0000
    19  78.1702   2.6494   0.0000
    20  78.4197   2.6549   0.0000
    21  78.4197   2.6549   0.0000
    22  90.8173   2.6462   0.0000
    23  91.0820   2.6300   0.0000
    24  92.5610   2.6627   0.0000
    25  92.5610   2.6627   0.0000
    26  96.2234   2.5192   0.0000
    27 105.3646   2.6880   0.0000
    28 112.1916   2.8508   0.0000
    29 112.1916   2.8508   0.0000
    30 119.0046   2.8287   0.0000
    31 120.2479   2.7793   0.0000
    32 121.3107   2.7106   0.0000
    33 123.6501   2.8017   0.0000
    34 123.6501   2.8017   0.0000
    35 129.3359   2.9633   0.0000
    36 129.8042   2.5375   0.0000
    37 134.4813   2.8545   0.0000
    38 134.4813   2.8545   0.0000
    39 135.8069   2.6533   0.0000
    40 140.1627   2.9713   0.0000
    41 140.8560   2.9256   0.0000
    42 140.8560   2.9256   0.0000
    43 142.3801   2.8377   0.0000
    44 142.3801   2.8377   0.0000
    45 142.8187   2.9226   0.0000
    46 144.2901   2.9027   0.0000
    47 148.7216   3.0303   0.0000
    48 149.2334   3.1430   0.0000
    49 154.1963   2.6120   0.0000
    50 157.1920   2.9235   0.0000
    51 157.1920   2.9235   0.0000
    52 158.9123   3.0024   0.0000
    53 158.9123   3.0024   0.0000
    54 159.5234   2.7540   0.0000
    55 159.8987   3.0966   0.0000
    56 166.0913   3.0823   0.0000
    57 166.0913   3.0823   0.0000
    58 170.3450   3.0441   0.0000
    59 174.7423   2.6512   0.0000
    60 177.4934   2.9947   0.0000
  0.250000  0.125000  0.000000
  60
     1 -62.6317  -6.4197   0.0000
     2 -27.9968  -3.9083   0.0000
     3 -27.5306  -3.9232   0.0000
     4 -27.5048  -3.9239   0.0000
     5  -9.1952  -3.2638   0.0000
     6   8.9765  -1.8067   0.0000
     7  11.4727  -1.7065   0.0000
     8  11.6328  -1.7230   0.0000
     9  30.3635   1.4619   0.0000
    10  34.3318   1.4050   0.0000
    11  39.8063   1.7795   0.0000
    12  40.0267   1.7855   0.0000
    13  44.5529   1.9404   0.0000
    14  47.7103   1.9843   0.0000
    15  53.5676   2.0875   0.0000
    16  60.1540   2.5086   0.0000
    17  62.1870   2.6054   0.0000
    18  64.7239   2.6372   0.0000
    19  73.8120   2.4827   0.0000
    20  73.8604   2.4793   0.0000
    21  77.9404   2.5690   0.0000
    22  85.9275   2.6825   0.0000
    23  86.4125   2.5691   0.0000
    24  93.8585   2.6841   0.0000
    25  93.9367   2.6791   0.0000
    26 101.0749   2.7291   0.0000
    27 105.8055   2.7544   0.0000
    28 112.2952   2.7425   0.0000
    29 114.4764   2.7609   0.0000
    30 115.6296   2.8648   0.0000
    31 118.8382   2.8205   0.0000
    32 119.6426   2.7712   0.0000
    33 120.8763   2.7432   0.0000
    34 123.2814   2.8421   0.0000
    35 123.8972   2.6165   0.0000
    36 128.3575   2.7037   0.0000
    37 129.3638   2.9144   0.0000
    38 130.1912   2.9261   0.0000
    39 131.8911   2.8626   0.0000
    40 132.7856   2.7445   0.0000
    41 138.2750   2.8776   0.0000
    42 139.2916   2.9759   0.0000
    43 140.4714   2.8955   0.0000
    44 143.1084   2.9858   0.0000
    45 146.2142   2.8069   0.0000
    46 150.6264   2.8110   0.0000
    47 152.2297   2.8282   0.0000
    48 152.7491   2.9224   0.0000
    49 155.5113   3.0784   0.0000
    50 158.2526   3.0985   0.0000
    51 158.2565   3.0530   0.0000
    52 160.6850   3.0489   0.0000
    53 161.3408   3.2023   0.0000
    54 169.6738   2.8559   0.0000
    55 173.2380   3.1270   0.0000
    56 175.4274   2.8661   0.0000
    57 176.7617   3.0345   0.0000
    58 177.6099   3.1312   0.0000
    59 178.7234   2.9787   0.0000
    60 184.0310   3.0628   0.0000
  0.375000  0.125000  0.000000
  60
     1 -62.5429  -6.4284   0.0000
     2 -28.4326  -3.8908   0.0000
     3 -27.5553  -3.9198   0.0000
     4 -27.5487  -3.9188   0.0000
     5  -7.5090  -3.2458   0.0000
     6   6.0851  -1.8740   0.0000
     7  10.4179  -1.7136   0.0000
     8  10.9129  -1.7352   0.0000
     9  29.9499   1.3435   0.0000
    10  35.7116   1.5260   0.0000
    11  41.3505   1.8112   0.0000
    12  41.9143   1.8264   0.0000
    13  45.7578   2.0322   0.0000
    14  49.7870   2.1324   0.0000
    15  56.1386   2.3641   0.0000
    16  63.5591   2.3010   0.0000
    17  64.1289   2.3895   0.0000
    18  66.3796   2.5999   0.0000
    19  68.0192   2.4969   0.0000
    20  71.9734   2.3961   0.0000
    21  75.7891   2.4173   0.0000
    22  84.0148   2.5658   0.0000
    23  85.8198   2.6951   0.0000
    24  96.0379   2.6324   0.0000
    25  96.3907   2.7033   0.0000
    26 100.4006   2.6696   0.0000
    27 104.7866   2.8069   0.0000
    28 105.5671   2.7113   0.0000
    29 106.9790   2.7320   0.0000
    30 111.3764   2.8818   0.0000
    31 113.2682   2.7574   0.0000
    32 116.2259   2.7039   0.0000
    33 117.9805   2.6791   0.0000
    34 118.8403   2.9071   0.0000
    35 123.5571   2.6801   0.0000
    36 126.8042   2.7801   0.0000
    37 127.7814   2.9529   0.0000
    38 129.8457   2.8135   0.0000
    39 133.4101   3.0687   0.0000
    40 133.5058   2.8544   0.0000
    41 139.3763   2.9394   0.0000
    42 141.5098   2.9673   0.0000
    43 144.8692   2.9854   0.0000
    44 145.1731   3.0489   0.0000
    45 148.8896   2.7851   0.0000
    46 149.7264   2.8035   0.0000
    47 155.0946   3.0253   0.0000
    48 156.7862   2.9230   0.0000
    49 159.2630   3.1996   0.0000
    50 161.6187   2.8493   0.0000
    51 164.5570   2.9342   0.0000
    52 167.6031   3.1941   0.0000
    53 170.5931   3.1014   0.0000
    54 171.8842   3.0520   0.0000
    55 180.4929   3.0476   0.0000
    56 181.0024   3.1746   0.0000
    57 182.6601   3.1523   0.0000
    58 185.9297   2.9311   0.0000
    59 187.6846   2.9622   0.0000
    60 189.3740   3.0122   0.0000
  0.500000  0.125000  0.000000
  60
     1 -62.4883  -6.4339   0.0000
     2 -28.6820  -3.8807   0.0000
     3 -27.6074  -3.9142   0.0000
     4 -27.5427  -3.9189   0.0000
     5  -6.1721  -3.2693   0.0000
     6   4.0673  -1.8840   0.0000
     7   9.7777  -1.7321   0.0000
     8  10.5132  -1.7410   0.0000
     9  30.1422   1.2865   0.0000
    10  36.5629   1.6103   0.0000
    11  41.8760   1.8275   0.0000
    12  42.5414   1.8368   0.0000
    13  48.6697   2.1634   0.0000
    14  51.0515   2.2615   0.0000
    15  55.7141   2.3803   0.0000
    16  62.0357   2.1518   0.0000
    17  63.5669   2.2560   0.0000
    18  66.1495   2.4194   0.0000
    19  69.6186   2.6263   0.0000
    20  71.1987   2.5318   0.0000
    21  80.5302   2.3609   0.0000
    22  86.9790   2.4761   0.0000
    23  88.8272   2.7079   0.0000
    24  89.0296   2.5455   0.0000
    25  94.4774   2.6517   0.0000
    26  96.9526   2.6184   0.0000
    27  99.9274   2.7572   0.0000
    28 102.7098   2.7487   0.0000
    29 106.9955   2.7081   0.0000
    30 107.5311   2.8251   0.0000
    31 109.6184   2.7997   0.0000
    32 113.4500   2.6984   0.0000
    33 117.8853   2.9927   0.0000
    34 121.3275   2.7038   0.0000
    35 122.0727   2.9921   0.0000
    36 125.6364   2.7611   0.0000
    37 127.2465   2.7453   0.0000
    38 127.8774   2.9152   0.0000
    39 132.6775   2.8852   0.0000
    40 134.4363   3.0409   0.0000
    41 136.7630   2.9561   0.0000
    42 143.8302   2.9690   0.0000
    43 149.6223   2.8327   0.0000
    44 151.3314   3.2485   0.0000
    45 151.0911   2.9092   0.0000
    46 155.7065   2.9915   0.0000
    47 156.4976   2.9885   0.0000
    48 162.1714   2.9657   0.0000
    49 165.2280   3.1459   0.0000
    50 165.7310   2.9398   0.0000
    51 166.4328   2.9953   0.0000
    52 169.7139   3.0221   0.0000
    53 174.5901   2.9553   0.0000
    54 176.9840   3.0285   0.0000
    55 176.9160   2.9210   0.0000
    56 178.8898   3.0539   0.0000
    57 182.3008   3.1734   0.0000
    58 183.6863   3.0521   0.0000
    59 185.2738   3.0271   0.0000
    60 187.9587   2.9397   0.0000
 -0.375000  0.125000  0.000000
  60
     1 -62.5006  -6.4327   0.0000
     2 -28.6270  -3.8834   0.0000
     3 -27.6425  -3.9130   0.0000
     4 -27.5003  -3.9210   0.0000
     5  -6.4653  -3.2589   0.0000
     6   4.5312  -1.8849   0.0000
     7   9.7870  -1.7305   0.0000
     8  10.6258  -1.7349   0.0000
     9  30.4487   1.2944   0.0000
    10  36.3639   1.5895   0.0000
    11  41.8746   1.8245   0.0000
    12  42.0570   1.8345   0.0000
    13  48.0899   2.1250   0.0000
    14  49.9631   2.2147   0.0000
    15  55.9714   2.3815   0.0000
    16  62.5732   2.1899   0.0000
    17  65.3292   2.4343   0.0000
    18  66.1542   2.3713   0.0000
    19  68.4856   2.5689   0.0000
    20  71.5342   2.4957   0.0000
    21  77.5773   2.3433   0.0000
    22  84.9092   2.6023   0.0000
    23  88.2361   2.6367   0.0000
    24  92.5738   2.4894   0.0000
    25  96.5593   2.7044   0.0000
    26  99.0748   2.6553   0.0000
    27 101.4559   2.7414   0.0000
    28 102.4514   2.8057   0.0000
    29 106.0680   2.6908   0.0000
    30 107.0748   2.7126   0.0000
    31 109.6893   2.8491   0.0000
    32 114.6163   2.7570   0.0000
    33 117.3590   2.9368   0.0000
    34 121.0580   2.9398   0.0000
    35 120.8534   2.7164   0.0000
    36 126.8237   2.7752   0.0000
    37 128.4779   2.7455   0.0000
    38 129.9129   2.8688   0.0000
    39 133.3907   2.8904   0.0000
    40 133.8130   2.9852   0.0000
    41 134.5743   2.9916   0.0000
    42 145.5122   3.0893   0.0000
    43 147.6808   3.0766   0.0000
    44 149.1337   2.9400   0.0000
    45 151.8630   2.9918   0.0000
    46 153.7303   2.9279   0.0000
    47 154.6212   2.8662   0.0000
    48 160.9647   2.9775   0.0000
    49 162.3782   3.0021   0.0000
    50 165.0335   3.0283   0.0000
    51 169.7830   3.1520   0.0000
    52 170.7171   3.0573   0.0000
    53 174.5223   2.9654   0.0000
    54 174.6112   2.9701   0.0000
    55 176.8798   3.0423   0.0000
    56 180.9320   3.0706   0.0000
    57 181.4532   2.8484   0.0000
    58 183.2566   3.0781   0.0000
    59 185.1512   3.0028   0.0000
    60 188.7502   3.1117   0.0000
 -0.250000  0.125000  0.000000
  60
     1 -62.5724  -6.4255   0.0000
     2 -28.3026  -3.8973   0.0000
     3 -27.6240  -3.9161   0.0000
     4 -27.4528  -3.9250   0.0000
     5  -8.0502  -3.2481   0.0000
     6   7.0666  -1.8532   0.0000
     7  10.4458  -1.7056   0.0000
     8  11.2153  -1.7224   0.0000
     9  30.9549   1.3664   0.0000
    10  35.0806   1.4777   0.0000
    11  40.0450   1.8141   0.0000
    12  41.2595   1.8013   0.0000
    13  45.8560   1.9927   0.0000
    14  48.2083   2.0935   0.0000
    15  56.1477   2.3135   0.0000
    16  61.3419   2.3495   0.0000
    17  64.4826   2.5119   0.0000
    18  66.8539   2.6896   0.0000
    19  68.0760   2.3513   0.0000
    20  74.6316   2.4657   0.0000
    21  75.3876   2.4040   0.0000
    22  83.3268   2.6352   0.0000
    23  84.7375   2.5745   0.0000
    24  95.8176   2.6875   0.0000
    25  97.4806   2.7489   0.0000
    26 104.0100   2.6820   0.0000
    27 105.0027   2.8330   0.0000
    28 107.1600   2.7633   0.0000
    29 109.9651   2.7703   0.0000
    30 111.8959   2.7232   0.0000
    31 113.1853   2.7423   0.0000
    32 116.6906   2.6725   0.0000
    33 118.2116   2.8810   0.0000
    34 118.5829   2.7181   0.0000
    35 123.1979   2.7848   0.0000
    36 128.2603   2.9645   0.0000
    37 130.6855   2.6550   0.0000
    38 132.3361   2.8235   0.0000
    39 133.3237   2.9225   0.0000
    40 133.3810   2.8948   0.0000
    41 134.9047   2.8813   0.0000
    42 139.5779   2.9117   0.0000
    43 141.4949   3.0552   0.0000
    44 144.3492   2.9782   0.0000
    45 147.8141   2.9859   0.0000
    46 151.3447   2.8528   0.0000
    47 156.6695   3.1275   0.0000
    48 157.4899   2.9906   0.0000
    49 158.0260   2.9802   0.0000
    50 158.6482   2.8962   0.0000
    51 162.1028   2.9830   0.0000
    52 168.3478   2.9420   0.0000
    53 168.8328   3.0006   0.0000
    54 173.0561   2.9682   0.0000
    55 174.0671   3.2298   0.0000
    56 174.7016   3.1122   0.0000
    57 180.3015   2.8666   0.0000
    58 183.5991   3.0925   0.0000
    59 186.3249   3.1556   0.0000
    60 186.8239   3.0332   0.0000
 -0.125000  0.125000  0.000000
  60
     1 -62.6609  -6.4168   0.0000
     2 -27.8942  -3.9135   0.0000
     3 -27.5418  -3.9229   0.0000
     4 -27.4280  -3.9285   0.0000
     5  -9.6363  -3.2710   0.0000
     6   9.8286  -1.7866   0.0000
     7  11.5902  -1.6950   0.0000
     8  11.9878  -1.7155   0.0000
     9  32.0322   1.4979   0.0000
    10  33.5979   1.3628   0.0000
    11  37.6910   1.7555   0.0000
    12  39.3642   1.7554   0.0000
    13  45.5027   1.9430   0.0000
    14  46.6925   1.9718   0.0000
    15  51.4925   2.0353   0.0000
    16  59.9734   2.5092   0.0000
    17  61.3135   2.6097   0.0000
    18  64.2022   2.6556   0.0000
    19  73.6052   2.4949   0.0000
    20  77.4900   2.6152   0.0000
    21  78.9337   2.6257   0.0000
    22  85.4587   2.6244   0.0000
    23  87.1667   2.5101   0.0000
    24  93.2549   2.7128   0.0000
    25  97.2807   2.7316   0.0000
    26 101.2347   2.7298   0.0000
    27 101.6678   2.6450   0.0000
    28 114.6824   2.8388   0.0000
    29 116.3414   2.8621   0.0000
    30 117.1393   2.8264   0.0000
    31 119.0136   2.7472   0.0000
    32 120.3960   2.7229   0.0000
    33 121.0440   2.7365   0.0000
    34 122.9236   2.7165   0.0000
    35 125.6376   2.8522   0.0000
    36 126.8093   2.7410   0.0000
    37 127.4502   2.9019   0.0000
    38 133.7442   2.9680   0.0000
    39 134.6679   2.5591   0.0000
    40 135.6001   2.8311   0.0000
    41 135.8376   2.9700   0.0000
    42 138.8399   2.6834   0.0000
    43 140.8223   2.9606   0.0000
    44 144.3781   2.8936   0.0000
    45 144.8059   2.8938   0.0000
    46 147.7981   3.0835   0.0000
    47 148.3911   3.0701   0.0000
    48 156.2708   3.0868   0.0000
    49 156.6411   2.8479   0.0000
    50 158.3342   2.7655   0.0000
    51 159.8988   3.1397   0.0000
    52 160.7656   2.8699   0.0000
    53 163.0500   2.9600   0.0000
    54 163.8024   2.9677   0.0000
    55 165.4309   2.9398   0.0000
    56 170.6987   3.2004   0.0000
    57 171.7822   3.3508   0.0000
    58 172.4822   3.0856   0.0000
    59 177.9477   2.7756   0.0000
    60 180.7928   2.7768   0.0000
  0.250000  0.250000  0.000000
  60
     1 -62.5858  -6.4241   0.0000
     2 -28.0492  -3.9017   0.0000
     3 -27.6119  -3.9189   0.0000
     4 -27.6119  -3.9189   0.0000
     5  -8.6222  -3.2569   0.0000
     6   8.0296  -1.8427   0.0000
     7  11.2511  -1.7382   0.0000
     8  11.2511  -1.7382   0.0000
     9  27.8488   1.4352   0.0000
    10  35.3310   1.4451   0.0000
    11  42.5260   1.8660   0.0000
    12  42.5260   1.8660   0.0000
    13  42.5808   1.8849   0.0000
    14  49.0710   1.9881   0.0000
    15  57.2365   2.0951   0.0000
    16  61.7821   2.5928   0.0000
    17  61.7821   2.5928   0.0000
    18  64.9993   2.5933   0.0000
    19  73.3485   2.4461   0.0000
    20  73.3485   2.4461   0.0000
    21  75.1211   2.4367   0.0000
    22  79.9198   2.5246   0.0000
    23  91.0546   2.8000   0.0000
    24  91.0546   2.8000   0.0000
    25  95.7401   2.6981   0.0000
    26  98.2809   2.5390   0.0000
    27 107.6427   2.8575   0.0000
    28 108.0385   2.7784   0.0000
    29 108.0385   2.7784   0.0000
    30 113.1530   2.4882   0.0000
    31 119.0106   2.7748   0.0000
    32 118.9985   2.7009   0.0000
    33 123.8505   2.9909   0.0000
    34 123.8505   2.9909   0.0000
    35 126.6750   2.9857   0.0000
    36 128.5860   2.6815   0.0000
    37 128.5860   2.6815   0.0000
    38 130.8994   2.6690   0.0000
    39 132.2399   2.7960   0.0000
    40 135.6485   2.9104   0.0000
    41 137.4168   2.9004   0.0000
    42 137.4168   2.9004   0.0000
    43 140.1630   2.8519   0.0000
    44 140.5954   2.9903   0.0000
    45 145.4567   2.8592   0.0000
    46 145.4567   2.8592   0.0000
    47 146.4958   3.0349   0.0000
    48 156.1924   3.0606   0.0000
    49 162.6229   3.1600   0.0000
    50 162.8778   3.3787   0.0000
    51 162.8778   3.3787   0.0000
    52 162.5094   2.6627   0.0000
    53 166.9187   2.8723   0.0000
    54 166.9187   2.8723   0.0000
    55 168.9093   2.8140   0.0000
    56 178.9039   2.9693   0.0000
    57 186.8614   3.1081   0.0000
    58 187.1771   3.1783   0.0000
    59 187.1771   3.1783   0.0000
    60 189.9417   3.0421   0.0000
  0.375000  0.250000  0.000000
  60
     1 -62.5148  -6.4312   0.0000
     2 -28.2932  -3.8887   0.0000
     3 -27.6916  -3.9125   0.0000
     4 -27.6608  -3.9152   0.0000
     5  -7.4968  -3.2457   0.0000
     6   6.4636  -1.8921   0.0000
     7  10.1569  -1.7248   0.0000
     8  10.7362  -1.7551   0.0000
     9  27.4675   1.3526   0.0000
    10  36.2122   1.5103   0.0000
    11  41.0240   1.8226   0.0000
    12  44.6755   1.9387   0.0000
    13  45.5753   2.0077   0.0000
    14  51.2986   2.0977   0.0000
    15  60.3356   2.4399   0.0000
    16  62.3243   2.4340   0.0000
    17  64.4651   2.2976   0.0000
    18  65.1302   2.4917   0.0000
    19  69.1564   2.4399   0.0000
    20  71.7318   2.3920   0.0000
    21  77.7985   2.4637   0.0000
    22  78.9313   2.4977   0.0000
    23  85.5310   2.6443   0.0000
    24  91.2160   2.8179   0.0000
    25  97.5139   2.6855   0.0000
    26  99.2051   2.6539   0.0000
    27 101.1884   2.7499   0.0000
    28 104.2482   2.7510   0.0000
    29 106.9385   2.7466   0.0000
    30 108.7404   2.7134   0.0000
    31 114.2687   2.7120   0.0000
    32 116.5022   2.7395   0.0000
    33 120.6478   2.8019   0.0000
    34 123.8740   2.7334   0.0000
    35 124.0588   2.7115   0.0000
    36 125.9154   2.9461   0.0000
    37 128.6879   2.8556   0.0000
    38 130.8979   2.9044   0.0000
    39 133.0008   3.0716   0.0000
    40 134.1886   2.9796   0.0000
    41 140.5295   2.8732   0.0000
    42 142.6244   2.8547   0.0000
    43 143.9358   2.8784   0.0000
    44 144.5474   2.8999   0.0000
    45 147.4394   3.0527   0.0000
    46 147.9804   2.8565   0.0000
    47 149.6219   2.8965   0.0000
    48 158.6345   3.0223   0.0000
    49 161.7828   2.9251   0.0000
    50 163.9240   3.1954   0.0000
    51 164.0019   3.1251   0.0000
    52 168.6516   3.0537   0.0000
    53 171.0871   3.1186   0.0000
    54 175.9283   3.0279   0.0000
    55 179.8813   2.9181   0.0000
    56 181.6643   3.1584   0.0000
    57 183.0603   3.0322   0.0000
    58 185.7273   2.8980   0.0000
    59 186.8762   3.0887   0.0000
    60 193.3852   3.2246   0.0000
  0.500000  0.250000  0.000000
  60
     1 -62.4605  -6.4366   0.0000
     2 -28.4545  -3.8818   0.0000
     3 -27.8308  -3.9031   0.0000
     4 -27.6493  -3.9145   0.0000
     5  -6.3603  -3.2526   0.0000
     6   5.3182  -1.8855   0.0000
     7   8.5752  -1.7477   0.0000
     8  10.3686  -1.7627   0.0000
     9  29.1377   1.3296   0.0000
    10  36.1730   1.5393   0.0000
    11  40.6925   1.7982   0.0000
    12  45.2559   1.9562   0.0000
    13  47.7984   2.1179   0.0000
    14  52.9557   2.2648   0.0000
    15  59.9640   2.4736   0.0000
    16  60.0503   2.1707   0.0000
    17  63.5245   2.3454   0.0000
    18  67.1648   2.3776   0.0000
    19  70.2860   2.5411   0.0000
    20  76.9165   2.5171   0.0000
    21  78.8223   2.3304   0.0000
    22  82.4573   2.4969   0.0000
    23  83.6619   2.5393   0.0000
    24  89.0842   2.5810   0.0000
    25  91.4701   2.7956   0.0000
    26  95.3977   2.7163   0.0000
    27  97.2584   2.5747   0.0000
    28 103.7657   2.6232   0.0000
    29 104.6892   2.7108   0.0000
    30 109.4254   2.8333   0.0000
    31 110.3086   2.7515   0.0000
    32 112.1889   2.9970   0.0000
    33 116.9226   2.6933   0.0000
    34 122.4359   3.0043   0.0000
    35 122.5485   2.6618   0.0000
    36 124.7458   2.9284   0.0000
    37 126.5388   2.8902   0.0000
    38 129.2927   2.8946   0.0000
    39 134.6406   2.9965   0.0000
    40 136.9696   2.9708   0.0000
    41 142.1141   2.8770   0.0000
    42 144.9061   2.9865   0.0000
    43 150.0041   2.7868   0.0000
    44 151.8906   3.0706   0.0000
    45 153.5267   3.2731   0.0000
    46 153.4479   2.7993   0.0000
    47 159.6360   2.8952   0.0000
    48 161.8198   2.9461   0.0000
    49 162.3539   2.9340   0.0000
    50 164.2964   3.0182   0.0000
    51 166.6779   2.9440   0.0000
    52 168.2912   3.1401   0.0000
    53 169.5289   2.9111   0.0000
    54 176.0966   3.1139   0.0000
    55 179.5538   3.0429   0.0000
    56 180.9165   3.1457   0.0000
    57 181.7541   3.1451   0.0000
    58 182.8674   3.0848   0.0000
    59 185.9582   2.9199   0.0000
    60 188.9322   3.1189   0.0000
 -0.375000  0.250000  0.000000
  60
     1 -62.4549  -6.4372   0.0000
     2 -28.4483  -3.8855   0.0000
     3 -27.9481  -3.8958   0.0000
     4 -27.5838  -3.9170   0.0000
     5  -6.0281  -3.2633   0.0000
     6   5.2394  -1.8474   0.0000
     7   7.7622  -1.7830   0.0000
     8  10.3364  -1.7556   0.0000
     9  31.4789   1.3664   0.0000
    10  34.7600   1.4961   0.0000
    11  41.4930   1.8249   0.0000
    12  45.0796   1.9524   0.0000
    13  48.6033   2.1052   0.0000
    14  48.8574   2.1513   0.0000
    15  60.0514   2.4953   0.0000
    16  62.5461   2.3473   0.0000
    17  63.2319   2.4094   0.0000
    18  67.8273   2.3627   0.0000
    19  71.2456   2.4278   0.0000
    20  73.9565   2.4594   0.0000
    21  81.0867   2.4783   0.0000
    22  82.8840   2.3459   0.0000
    23  86.7155   2.6076   0.0000
    24  89.4454   2.5648   0.0000
    25  91.1081   2.4938   0.0000
    26  94.5328   2.7148   0.0000
    27  95.2226   2.8223   0.0000
    28 101.9518   2.6494   0.0000
    29 104.5082   2.7310   0.0000
    30 107.8603   2.7335   0.0000
    31 109.6877   2.6713   0.0000
    32 112.4210   2.9933   0.0000
    33 115.5787   2.8359   0.0000
    34 118.9561   3.0644   0.0000
    35 123.2736   2.6210   0.0000
    36 126.3198   2.7495   0.0000
    37 127.0987   3.0296   0.0000
    38 129.1678   3.0569   0.0000
    39 137.0618   2.8450   0.0000
    40 138.9932   3.0261   0.0000
    41 139.4525   2.9025   0.0000
    42 145.5370   3.0553   0.0000
    43 150.2488   3.0096   0.0000
    44 153.3899   3.0811   0.0000
    45 155.8229   2.9295   0.0000
    46 156.7142   2.9046   0.0000
    47 159.6203   2.8316   0.0000
    48 163.1211   2.9587   0.0000
    49 163.8695   2.9417   0.0000
    50 164.7921   2.9027   0.0000
    51 167.3435   3.1108   0.0000
    52 168.5364   3.0683   0.0000
    53 172.0380   2.9113   0.0000
    54 174.8867   3.0165   0.0000
    55 176.2903   3.0544   0.0000
    56 176.6503   2.9661   0.0000
    57 178.5413   2.9742   0.0000
    58 182.3393   3.0969   0.0000
    59 184.7565   3.2106   0.0000
    60 190.2703   2.9852   0.0000
 -0.250000  0.250000  0.000000
  60
     1 -62.5015  -6.4325   0.0000
     2 -28.3858  -3.8924   0.0000
     3 -27.8662  -3.9007   0.0000
     4 -27.5024  -3.9213   0.0000
     5  -6.8168  -3.2491   0.0000
     6   6.0812  -1.8670   0.0000
     7   8.4985  -1.7340   0.0000
     8  10.6742  -1.7383   0.0000
     9  32.5615   1.3951   0.0000
    10  33.7852   1.4338   0.0000
    11  41.7485   1.8243   0.0000
    12  43.0481   1.9057   0.0000
    13  45.7704   2.0032   0.0000
    14  49.4575   2.1845   0.0000
    15  59.6922   2.4764   0.0000
    16  61.3085   2.3191   0.0000
    17  66.3964   2.6102   0.0000
    18  66.3555   2.3489   0.0000
    19  68.6386   2.4089   0.0000
    20  75.8189   2.3474   0.0000
    21  78.7585   2.4272   0.0000
    22  79.9009   2.5476   0.0000
    23  80.6749   2.4988   0.0000
    24  95.8423   2.8458   0.0000
    25  98.2173   2.6345   0.0000
    26  99.4391   2.6069   0.0000
    27 100.6523   2.6924   0.0000
    28 103.8270   2.7572   0.0000
    29 105.8324   2.7133   0.0000
    30 106.0029   2.7712   0.0000
    31 113.0474   2.8605   0.0000
    32 113.8233   2.6666   0.0000
    33 114.1479   2.8780   0.0000
    34 116.5535   2.8140   0.0000
    35 126.0212   2.5689   0.0000
    36 126.6375   3.1094   0.0000
    37 127.4725   2.7313   0.0000
    38 132.8220   3.1409   0.0000
    39 134.5066   2.9648   0.0000
    40 136.8432   2.7583   0.0000
    41 138.4013   2.9213   0.0000
    42 142.5272   2.9698   0.0000
    43 144.9625   3.1412   0.0000
    44 149.0338   2.9003   0.0000
    45 152.3664   2.9163   0.0000
    46 153.6795   3.0407   0.0000
    47 157.3398   3.1362   0.0000
    48 160.1560   2.9082   0.0000
    49 162.4863   2.8588   0.0000
    50 162.6423   2.8930   0.0000
    51 163.2231   2.8685   0.0000
    52 170.1986   3.1204   0.0000
    53 172.4505   3.1475   0.0000
    54 176.6401   3.0072   0.0000
    55 176.7016   2.8324   0.0000
    56 179.8473   3.0100   0.0000
    57 180.1772   3.1812   0.0000
    58 182.2869   2.9607   0.0000
    59 183.2905   2.9642   0.0000
    60 188.8441   3.1503   0.0000
  0.375000  0.375000  0.000000
  60
     1 -62.4690  -6.4357   0.0000
     2 -28.3564  -3.8773   0.0000
     3 -27.7431  -3.9112   0.0000
     4 -27.7431  -3.9112   0.0000
     5  -7.0882  -3.2415   0.0000
     6   5.6794  -1.9327   0.0000
     7  10.4621  -1.7743   0.0000
     8  10.4621  -1.7743   0.0000
     9  25.2104   1.3362   0.0000
    10  37.2037   1.5959   0.0000
    11  39.9674   1.7865   0.0000
    12  47.7764   2.0970   0.0000
    13  47.7764   2.0970   0.0000
    14  52.7040   2.0671   0.0000
    15  62.6995   2.4420   0.0000
    16  62.6995   2.4420   0.0000
    17  63.7362   2.4367   0.0000
    18  68.6258   2.2221   0.0000
    19  70.5493   2.3280   0.0000
    20  70.5493   2.3280   0.0000
    21  71.0407   2.4232   0.0000
    22  78.2869   2.5703   0.0000
    23  88.5070   2.8085   0.0000
    24  88.5070   2.8085   0.0000
    25  96.6541   2.4296   0.0000
    26  97.6883   2.8420   0.0000
    27  97.6883   2.8420   0.0000
    28 101.1313   2.5492   0.0000
    29 102.5290   2.6880   0.0000
    30 106.0455   2.8683   0.0000
    31 117.2222   2.6905   0.0000
    32 121.0671   2.6283   0.0000
    33 121.0671   2.6283   0.0000
    34 122.3986   2.8651   0.0000
    35 124.0179   2.8217   0.0000
    36 125.3252   3.0425   0.0000
    37 128.7271   2.5751   0.0000
    38 129.7124   2.9595   0.0000
    39 134.9505   2.8780   0.0000
    40 134.9505   2.8780   0.0000
    41 137.6047   2.8324   0.0000
    42 138.7897   3.2041   0.0000
    43 138.7897   3.2041   0.0000
    44 144.2187   2.8824   0.0000
    45 151.9956   2.9292   0.0000
    46 151.9956   2.9292   0.0000
    47 153.9667   2.9879   0.0000
    48 165.8095   3.2404   0.0000
    49 165.8095   3.2404   0.0000
    50 166.6067   3.1016   0.0000
    51 168.7915   3.0268   0.0000
    52 173.3121   2.7012   0.0000
    53 177.6526   3.0028   0.0000
    54 177.6526   3.0028   0.0000
    55 179.7031   3.0252   0.0000
    56 179.7031   3.0252   0.0000
    57 180.0486   3.1718   0.0000
    58 180.2304   2.8490   0.0000
    59 191.8536   3.1408   0.0000
    60 191.8669   3.1424   0.0000
  0.500000  0.375000  0.000000
  60
     1 -62.4324  -6.4394   0.0000
     2 -28.4000  -3.8717   0.0000
     3 -27.8670  -3.9054   0.0000
     4 -27.7547  -3.9101   0.0000
     5  -6.4999  -3.2410   0.0000
     6   5.2909  -1.9413   0.0000
     7   9.3021  -1.7481   0.0000
     8  10.2390  -1.7825   0.0000
     9  25.8924   1.2854   0.0000
    10  37.8582   1.6463   0.0000
    11  38.9703   1.7269   0.0000
    12  48.5460   2.1355   0.0000
    13  49.2512   2.1890   0.0000
    14  55.5141   2.2102   0.0000
    15  58.9139   2.2041   0.0000
    16  62.1349   2.3681   0.0000
    17  63.0109   2.4160   0.0000
    18  69.5556   2.2457   0.0000
    19  70.9608   2.4976   0.0000
    20  73.5434   2.2798   0.0000
    21  77.4895   2.2865   0.0000
    22  81.5476   2.6463   0.0000
    23  82.4378   2.6902   0.0000
    24  86.0371   2.8010   0.0000
    25  89.4762   2.5689   0.0000
    26  94.3760   2.6008   0.0000
    27  95.5723   2.8658   0.0000
    28 104.9311   2.6638   0.0000
    29 105.4851   2.7366   0.0000
    30 106.9254   2.8124   0.0000
    31 110.6679   2.7281   0.0000
    32 115.3816   2.7309   0.0000
    33 120.0310   2.5815   0.0000
    34 122.4245   2.7169   0.0000
    35 122.9297   2.8514   0.0000
    36 123.8808   3.1219   0.0000
    37 124.6946   2.9131   0.0000
    38 127.1527   2.8262   0.0000
    39 134.2800   2.7369   0.0000
    40 140.4446   2.9234   0.0000
    41 142.2953   3.3254   0.0000
    42 142.8840   3.0177   0.0000
    43 146.0085   3.0563   0.0000
    44 147.8976   2.8946   0.0000
    45 154.0084   2.9133   0.0000
    46 156.9922   2.9441   0.0000
    47 160.7749   3.1740   0.0000
    48 164.7818   2.9929   0.0000
    49 166.2970   2.9179   0.0000
    50 168.0340   2.9850   0.0000
    51 169.1210   3.0764   0.0000
    52 172.6084   3.0753   0.0000
    53 172.5610   2.8763   0.0000
    54 174.5211   2.8625   0.0000
    55 179.3748   3.0354   0.0000
    56 181.0676   3.2620   0.0000
    57 182.8821   3.2398   0.0000
    58 185.9220   3.0104   0.0000
    59 188.0679   3.0455   0.0000
    60 188.6486   3.0876   0.0000
 -0.375000  0.375000  0.000000
  60
     1 -62.4266  -6.4400   0.0000
     2 -28.2685  -3.8764   0.0000
     3 -28.1252  -3.8970   0.0000
     4 -27.6891  -3.9125   0.0000
     5  -6.0550  -3.2515   0.0000
     6   5.8711  -1.8919   0.0000
     7   7.2382  -1.7683   0.0000
     8  10.1829  -1.7753   0.0000
     9  28.7035   1.3251   0.0000
    10  36.6972   1.5633   0.0000
    11  39.8197   1.7675   0.0000
    12  47.6601   2.1038   0.0000
    13  48.8159   2.1529   0.0000
    14  51.8618   2.0990   0.0000
    15  60.1799   2.3279   0.0000
    16  62.2936   2.5154   0.0000
    17  62.7634   2.4066   0.0000
    18  69.5303   2.1950   0.0000
    19  73.5629   2.3825   0.0000
    20  74.6872   2.4959   0.0000
    21  80.4863   2.4252   0.0000
    22  82.1070   2.5089   0.0000
    23  84.7832   2.5255   0.0000
    24  85.0573   2.7730   0.0000
    25  90.4914   2.5055   0.0000
    26  92.9689   2.5021   0.0000
    27  94.2069   2.8344   0.0000
    28  96.4887   2.6367   0.0000
    29 107.4313   2.8306   0.0000
    30 108.6034   2.7534   0.0000
    31 109.6845   2.7500   0.0000
    32 112.8298   2.8681   0.0000
    33 116.9371   2.7153   0.0000
    34 120.4718   3.2450   0.0000
    35 120.7723   2.5668   0.0000
    36 122.9848   2.7826   0.0000
    37 125.7499   2.9211   0.0000
    38 126.8777   2.9909   0.0000
    39 141.0605   2.8408   0.0000
    40 143.1628   3.2838   0.0000
    41 143.7516   3.0966   0.0000
    42 148.8652   2.7164   0.0000
    43 152.0879   2.9369   0.0000
    44 152.8658   2.9202   0.0000
    45 154.6531   3.0684   0.0000
    46 157.3664   2.9327   0.0000
    47 159.7712   2.8717   0.0000
    48 161.4337   2.9255   0.0000
    49 161.8223   3.0319   0.0000
    50 163.5110   2.9832   0.0000
    51 167.3048   3.0609   0.0000
    52 171.5605   3.0757   0.0000
    53 172.2015   3.0588   0.0000
    54 173.0052   2.8741   0.0000
    55 173.5707   2.8501   0.0000
    56 179.6870   3.1797   0.0000
    57 184.8049   3.2182   0.0000
    58 184.6903   3.0969   0.0000
    59 185.9364   3.0641   0.0000
    60 188.5985   3.2210   0.0000
  0.500000  0.500000  0.000000
  60
     1 -62.4206  -6.4406   0.0000
     2 -28.4573  -3.8663   0.0000
     3 -27.7981  -3.9083   0.0000
     4 -27.7980  -3.9083   0.0000
     5  -6.5467  -3.2364   0.0000
     6   4.9443  -1.9692   0.0000
     7  10.1892  -1.7902   0.0000
     8  10.1892  -1.7902   0.0000
     9  24.3218   1.3012   0.0000
    10  37.4777   1.6943   0.0000
    11  39.4384   1.7126   0.0000
    12  50.3201   2.2598   0.0000
    13  50.3201   2.2598   0.0000
    14  55.2808   2.1120   0.0000
    15  62.0931   2.2738   0.0000
    16  62.0931   2.2738   0.0000
    17  62.1776   2.3381   0.0000
    18  66.7154   2.3720   0.0000
    19  71.9554   2.2528   0.0000
    20  71.9554   2.2528   0.0000
    21  81.0828   2.7116   0.0000
    22  81.3509   2.2431   0.0000
    23  82.2316   2.4210   0.0000
    24  83.9111   2.8340   0.0000
    25  83.9111   2.8340   0.0000
    26  95.9257   2.9225   0.0000
    27  95.9257   2.9225   0.0000
    28 102.7565   2.5642   0.0000
    29 104.5451   2.8141   0.0000
    30 109.0511   2.6288   0.0000
    31 116.5795   2.6863   0.0000
    32 119.0177   2.5638   0.0000
    33 119.0177   2.5638   0.0000
    34 119.6554   2.8921   0.0000
    35 120.6536   2.8045   0.0000
    36 124.8013   3.1713   0.0000
    37 124.7564   2.8694   0.0000
    38 127.9165   2.5688   0.0000
    39 134.1120   2.8702   0.0000
    40 134.1120   2.8702   0.0000
    41 136.7455   2.8268   0.0000
    42 144.4062   3.4664   0.0000
    43 144.4062   3.4664   0.0000
    44 146.9282   2.9290   0.0000
    45 161.3975   2.9799   0.0000
    46 161.3975   2.9799   0.0000
    47 163.6678   2.8630   0.0000
    48 165.2659   2.9586   0.0000
    49 165.2659   2.9586   0.0000
    50 170.3753   2.9577   0.0000
    51 170.3753   2.9577   0.0000
    52 173.5128   3.0366   0.0000
    53 174.1956   3.1507   0.0000
    54 178.5703   3.0229   0.0000
    55 180.2591   3.2063   0.0000
    56 184.0992   3.3891   0.0000
    57 184.0992   3.3891   0.0000
    58 184.7085   3.1788   0.0000
    59 184.7165   2.5929   0.0000
    60 187.6305   2.9287   0.0000
  0.375000  0.250000  0.125000
  60
     1 -62.5608  -6.4266   0.0000
     2 -28.2199  -3.8979   0.0000
     3 -27.6857  -3.9132   0.0000
     4 -27.5209  -3.9217   0.0000
     5  -8.0408  -3.2492   0.0000
     6   7.3522  -1.8618   0.0000
     7  10.2571  -1.7013   0.0000
     8  11.0430  -1.7312   0.0000
     9  29.7673   1.3928   0.0000
    10  34.9176   1.4418   0.0000
    11  41.5862   1.8159   0.0000
    12  41.9163   1.8592   0.0000
    13  44.5303   1.9631   0.0000
    14  49.3556   2.0797   0.0000
    15  58.1221   2.2954   0.0000
    16  60.9838   2.4455   0.0000
    17  63.9465   2.4573   0.0000
    18  65.9776   2.5863   0.0000
    19  68.9274   2.4313   0.0000
    20  73.8688   2.4310   0.0000
    21  76.9347   2.4561   0.0000
    22  82.8484   2.6294   0.0000
    23  84.8809   2.5623   0.0000
    24  90.3224   2.6205   0.0000
    25  98.2309   2.8148   0.0000
    26 102.6959   2.7399   0.0000
    27 105.4036   2.7874   0.0000
    28 106.4040   2.7806   0.0000
    29 108.1118   2.7746   0.0000
    30 115.4380   2.7486   0.0000
    31 115.7906   2.6376   0.0000
    32 117.5200   2.6339   0.0000
    33 118.9248   2.7522   0.0000
    34 119.5658   2.8365   0.0000
    35 119.6889   2.6951   0.0000
    36 125.4766   2.9377   0.0000
    37 127.4026   2.9515   0.0000
    38 131.5182   3.0043   0.0000
    39 135.1687   2.7653   0.0000
    40 138.7888   2.9679   0.0000
    41 141.2273   3.0388   0.0000
    42 141.7837   2.9115   0.0000
    43 141.8721   2.8062   0.0000
    44 142.9998   2.9583   0.0000
    45 143.7485   2.7672   0.0000
    46 149.8295   2.9428   0.0000
    47 150.0215   2.8910   0.0000
    48 156.2139   3.0063   0.0000
    49 158.3458   2.9129   0.0000
    50 160.9935   3.2194   0.0000
    51 162.0763   3.2167   0.0000
    52 168.0943   3.0333   0.0000
    53 168.4186   2.8036   0.0000
    54 173.1660   2.9443   0.0000
    55 174.9955   2.9876   0.0000
    56 178.3682   3.1253   0.0000
    57 182.7647   3.1729   0.0000
    58 185.2887   3.1677   0.0000
    59 187.0047   3.0763   0.0000
    60 188.2461   2.8826   0.0000
  0.500000  0.250000  0.125000
  60
     1 -62.4895  -6.4337   0.0000
     2 -28.4432  -3.8871   0.0000
     3 -27.7912  -3.9050   0.0000
     4 -27.5720  -3.9181   0.0000
     5  -6.6805  -3.2502   0.0000
     6   5.6134  -1.8768   0.0000
     7   8.9752  -1.7335   0.0000
     8  10.4288  -1.7451   0.0000
     9  30.6626   1.3480   0.0000
    10  35.0169   1.4949   0.0000
    11  41.4400   1.8169   0.0000
    12  44.0259   1.9136   0.0000
    13  46.2829   2.0494   0.0000
    14  51.0140   2.2109   0.0000
    15  59.0724   2.4438   0.0000
    16  61.4588   2.2544   0.0000
    17  65.1398   2.4794   0.0000
    18  66.9052   2.3717   0.0000
    19  68.4712   2.5008   0.0000
    20  75.1131   2.3921   0.0000
    21  77.9248   2.4259   0.0000
    22  80.3832   2.5260   0.0000
    23  85.8325   2.6091   0.0000
    24  92.0876   2.6659   0.0000
    25  94.0089   2.6044   0.0000
    26  97.5837   2.6545   0.0000
    27 100.1758   2.6791   0.0000
    28 104.9408   2.8261   0.0000
    29 106.4317   2.6849   0.0000
    30 108.6159   2.8398   0.0000
    31 111.8657   2.8621   0.0000
    32 114.0129   2.7024   0.0000
    33 115.6775   2.7302   0.0000
    34 117.9912   2.8152   0.0000
    35 118.8361   2.7873   0.0000
    36 127.0915   2.9948   0.0000
    37 129.5437   2.9843   0.0000
    38 132.8004   2.8646   0.0000
    39 135.4468   3.0273   0.0000
    40 138.9282   2.8818   0.0000
    41 140.8448   2.8353   0.0000
    42 141.9639   2.8533   0.0000
    43 145.1427   2.9296   0.0000
    44 148.7108   2.9612   0.0000
    45 149.6620   3.0833   0.0000
    46 152.1864   2.9238   0.0000
    47 155.2888   2.9839   0.0000
    48 162.1893   3.0242   0.0000
    49 162.7937   2.9862   0.0000
    50 165.2519   3.0529   0.0000
    51 168.1452   2.8858   0.0000
    52 169.8393   2.9680   0.0000
    53 171.2868   3.0035   0.0000
    54 172.7158   3.1641   0.0000
    55 176.4836   2.9764   0.0000
    56 178.7275   3.0689   0.0000
    57 182.2409   3.0661   0.0000
    58 185.5372   2.9742   0.0000
    59 187.3142   3.2037   0.0000
    60 189.9173   2.9446   0.0000
 -0.375000  0.250000  0.125000
  60
     1 -62.4598  -6.4367   0.0000
     2 -28.5370  -3.8823   0.0000
     3 -27.8161  -3.9022   0.0000
     4 -27.6067  -3.9163   0.0000
     5  -6.0115  -3.2667   0.0000
     6   4.7469  -1.8620   0.0000
     7   8.5095  -1.7610   0.0000
     8  10.1837  -1.7521   0.0000
     9  31.3992   1.3261   0.0000
    10  34.7109   1.5352   0.0000
    11  41.6191   1.8275   0.0000
    12  44.3807   1.9238   0.0000
    13  48.4100   2.1197   0.0000
    14  50.6790   2.2275   0.0000
    15  58.8892   2.4471   0.0000
    16  61.7415   2.2376   0.0000
    17  63.2118   2.3593   0.0000
    18  66.9285   2.3911   0.0000
    19  71.7809   2.5325   0.0000
    20  72.8468   2.4783   0.0000
    21  83.1173   2.3128   0.0000
    22  83.4863   2.5158   0.0000
    23  87.1638   2.5245   0.0000
    24  89.4294   2.6076   0.0000
    25  91.9200   2.7128   0.0000
    26  92.3000   2.6467   0.0000
    27  97.4985   2.6294   0.0000
    28 100.0276   2.6459   0.0000
    29 105.0008   2.7692   0.0000
    30 108.3331   2.8530   0.0000
    31 110.9942   2.8193   0.0000
    32 114.9312   2.6546   0.0000
    33 115.5019   2.9463   0.0000
    34 117.0895   2.8224   0.0000
    35 120.3557   2.9259   0.0000
    36 124.9503   2.9477   0.0000
    37 131.2632   3.0996   0.0000
    38 131.5051   2.8448   0.0000
    39 136.7058   2.9136   0.0000
    40 137.0428   2.9287   0.0000
    41 139.7255   2.8208   0.0000
    42 140.7199   2.7434   0.0000
    43 150.3640   3.1209   0.0000
    44 151.1793   3.1227   0.0000
    45 155.9203   2.9550   0.0000
    46 158.1719   3.0816   0.0000
    47 159.4340   3.1007   0.0000
    48 162.1475   2.8761   0.0000
    49 164.3791   2.7993   0.0000
    50 165.6054   2.9086   0.0000
    51 169.1978   3.0340   0.0000
    52 169.3549   2.8630   0.0000
    53 172.6040   3.0332   0.0000
    54 174.7621   3.0661   0.0000
    55 176.4503   3.0591   0.0000
    56 178.7242   3.0276   0.0000
    57 180.8991   3.0340   0.0000
    58 181.6680   3.1651   0.0000
    59 182.6967   2.9799   0.0000
    60 183.1089   3.0560   0.0000
  0.500000  0.375000  0.125000
  60
     1 -62.4612  -6.4365   0.0000
     2 -28.3616  -3.8809   0.0000
     3 -27.8321  -3.9044   0.0000
     4 -27.7155  -3.9127   0.0000
     5  -6.6832  -3.2448   0.0000
     6   5.7449  -1.9093   0.0000
     7   9.2537  -1.7302   0.0000
     8  10.0535  -1.7636   0.0000
     9  27.7306   1.3081   0.0000
    10  36.6742   1.5485   0.0000
    11  39.9231   1.7815   0.0000
    12  46.4703   2.0433   0.0000
    13  47.6564   2.0826   0.0000
    14  53.2680   2.2047   0.0000
    15  59.8839   2.2661   0.0000
    16  62.5070   2.4840   0.0000
    17  63.9867   2.4488   0.0000
    18  67.2294   2.2229   0.0000
    19  69.2544   2.4656   0.0000
    20  74.8517   2.3120   0.0000
    21  76.5466   2.4966   0.0000
    22  82.4838   2.5311   0.0000
    23  84.1555   2.6320   0.0000
    24  87.0542   2.7289   0.0000
    25  91.7647   2.6525   0.0000
    26  94.7826   2.6848   0.0000
    27 102.1415   2.5266   0.0000
    28 103.2860   2.6988   0.0000
    29 107.0490   2.8470   0.0000
    30 107.9368   2.9380   0.0000
    31 110.8056   2.6314   0.0000
    32 114.0065   2.7955   0.0000
    33 115.3308   2.7171   0.0000
    34 115.8929   2.7403   0.0000
    35 122.8811   2.8860   0.0000
    36 126.2417   3.1429   0.0000
    37 132.9587   2.7756   0.0000
    38 134.7370   3.0323   0.0000
    39 136.8060   2.8595   0.0000
    40 137.9507   2.7440   0.0000
    41 139.8297   2.8916   0.0000
    42 140.8588   3.0548   0.0000
    43 144.3415   2.9484   0.0000
    44 147.9114   2.9440   0.0000
    45 149.8678   2.8487   0.0000
    46 155.3221   3.2698   0.0000
    47 156.0710   2.8573   0.0000
    48 159.9107   2.9094   0.0000
    49 164.0343   2.9686   0.0000
    50 165.4928   3.1914   0.0000
    51 166.5255   3.0594   0.0000
    52 170.6979   2.9189   0.0000
    53 173.9609   3.1436   0.0000
    54 176.2077   3.0722   0.0000
    55 179.3143   2.7656   0.0000
    56 180.0116   3.1976   0.0000
    57 185.5113   3.0642   0.0000
    58 186.9366   3.1955   0.0000
    59 187.8089   2.9677   0.0000
    60 189.8867   3.0179   0.0000
 -0.375000  0.375000  0.125000
  60
     1 -62.4315  -6.4395   0.0000
     2 -28.3159  -3.8816   0.0000
     3 -28.0085  -3.8943   0.0000
     4 -27.7429  -3.9118   0.0000
     5  -6.0573  -3.2531   0.0000
     6   5.8279  -1.8697   0.0000
     7   7.6334  -1.7762   0.0000
     8   9.6997  -1.7655   0.0000
     9  30.0298   1.3427   0.0000
    10  35.3435   1.5114   0.0000
    11  40.2730   1.7845   0.0000
    12  46.0765   2.0329   0.0000
    13  49.4196   2.1541   0.0000
    14  52.2847   2.2211   0.0000
    15  59.9195   2.2571   0.0000
    16  62.5697   2.4813   0.0000
    17  63.3567   2.4446   0.0000
    18  67.1944   2.1836   0.0000
    19  72.9041   2.4686   0.0000
    20  77.0043   2.5018   0.0000
    21  79.3249   2.4796   0.0000
    22  81.3595   2.4701   0.0000
    23  85.7076   2.6941   0.0000
    24  88.1668   2.5443   0.0000
    25  88.7587   2.5420   0.0000
    26  92.1210   2.6718   0.0000
    27  97.0362   2.6188   0.0000
    28  99.1014   2.5032   0.0000
    29 105.1939   2.6756   0.0000
    30 107.2423   2.6963   0.0000
    31 109.1369   2.9864   0.0000
    32 111.7898   2.7400   0.0000
    33 114.0402   2.9308   0.0000
    34 116.3040   2.8690   0.0000
    35 121.1993   3.1611   0.0000
    36 125.0706   2.9303   0.0000
    37 131.2689   2.8514   0.0000
    38 135.0949   2.7763   0.0000
    39 137.8100   2.8256   0.0000
    40 141.6404   3.1102   0.0000
    41 145.4027   3.0488   0.0000
    42 148.4385   2.9141   0.0000
    43 149.1446   2.8285   0.0000
    44 150.4135   2.9261   0.0000
    45 152.9114   2.9071   0.0000
    46 155.1108   3.0951   0.0000
    47 159.8535   3.0234   0.0000
    48 160.3475   2.9035   0.0000
    49 162.5565   3.0476   0.0000
    50 164.3105   2.9182   0.0000
    51 167.7158   2.9070   0.0000
    52 169.0035   3.0517   0.0000
    53 172.8270   3.0225   0.0000
    54 174.9232   3.0617   0.0000
    55 176.4733   3.0241   0.0000
    56 179.3643   3.1303   0.0000
    57 182.6169   3.1273   0.0000
    58 186.9292   3.0749   0.0000
    59 187.7803   3.0578   0.0000
    60 188.7938   3.1784   0.0000
 -0.250000  0.375000  0.125000
  60
     1 -62.4432  -6.4384   0.0000
     2 -28.3123  -3.8889   0.0000
     3 -28.0492  -3.8895   0.0000
     4 -27.6648  -3.9142   0.0000
     5  -6.0521  -3.2573   0.0000
     6   5.9969  -1.8370   0.0000
     7   7.2433  -1.7980   0.0000
     8   9.8950  -1.7585   0.0000
     9  32.8755   1.4273   0.0000
    10  32.8914   1.4170   0.0000
    11  41.0895   1.8116   0.0000
    12  45.7272   2.0235   0.0000
    13  48.2512   2.0655   0.0000
    14  50.3036   2.1822   0.0000
    15  61.2759   2.3318   0.0000
    16  62.1393   2.5317   0.0000
    17  63.6696   2.4631   0.0000
    18  67.9498   2.2112   0.0000
    19  70.4539   2.4361   0.0000
    20  77.6757   2.4708   0.0000
    21  79.4617   2.5394   0.0000
    22  81.3568   2.3306   0.0000
    23  84.4883   2.6484   0.0000
    24  88.3276   2.5933   0.0000
    25  92.2435   2.7465   0.0000
    26  95.6092   2.4635   0.0000
    27  97.8318   2.6087   0.0000
    28  98.9838   2.6405   0.0000
    29 100.2138   2.6485   0.0000
    30 109.4216   2.8927   0.0000
    31 111.4311   2.9639   0.0000
    32 111.3552   2.6055   0.0000
    33 113.7262   2.7889   0.0000
    34 116.8023   3.1160   0.0000
    35 118.3188   2.8887   0.0000
    36 126.1224   2.9946   0.0000
    37 131.5605   3.0206   0.0000
    38 135.0285   2.7585   0.0000
    39 138.8294   2.6996   0.0000
    40 142.3040   3.0906   0.0000
    41 145.3108   3.0207   0.0000
    42 145.7731   3.1062   0.0000
    43 147.3132   2.9217   0.0000
    44 151.8429   2.8706   0.0000
    45 152.3756   2.8403   0.0000
    46 154.9348   2.9280   0.0000
    47 156.0216   2.9690   0.0000
    48 160.9499   2.9360   0.0000
    49 162.5925   2.8425   0.0000
    50 164.7540   3.0773   0.0000
    51 167.7420   3.1373   0.0000
    52 168.3341   3.0894   0.0000
    53 175.2487   3.0672   0.0000
    54 176.9777   3.0163   0.0000
    55 178.1742   3.0148   0.0000
    56 180.3302   2.9652   0.0000
    57 181.3967   2.9687   0.0000
    58 183.5030   3.0909   0.0000
    59 185.7624   3.0689   0.0000
    60 187.5125   3.1528   0.0000
 -0.375000  0.500000  0.125000
  60
     1 -62.4200  -6.4407   0.0000
     2 -28.3599  -3.8715   0.0000
     3 -27.8934  -3.9010   0.0000
     4 -27.8353  -3.9102   0.0000
     5  -6.2503  -3.2429   0.0000
     6   5.4115  -1.9289   0.0000
     7   8.9044  -1.7433   0.0000
     8   9.5824  -1.7773   0.0000
     9  27.0056   1.2754   0.0000
    10  37.6912   1.6184   0.0000
    11  38.6890   1.7306   0.0000
    12  47.7119   2.1088   0.0000
    13  50.5122   2.2566   0.0000
    14  55.6844   2.2436   0.0000
    15  57.6971   2.2096   0.0000
    16  62.7369   2.3996   0.0000
    17  62.8920   2.3153   0.0000
    18  69.2399   2.1913   0.0000
    19  72.4318   2.5122   0.0000
    20  75.2424   2.3023   0.0000
    21  78.7237   2.5092   0.0000
    22  82.4980   2.7439   0.0000
    23  84.0945   2.6217   0.0000
    24  85.0498   2.5831   0.0000
    25  86.7227   2.4617   0.0000
    26  92.8667   2.7772   0.0000
    27  93.0012   2.6406   0.0000
    28 106.4469   2.8713   0.0000
    29 106.8103   2.6060   0.0000
    30 108.5372   2.5908   0.0000
    31 109.0479   2.8537   0.0000
    32 110.6676   2.7363   0.0000
    33 114.5298   2.7154   0.0000
    34 115.6070   2.7413   0.0000
    35 121.9237   3.3614   0.0000
    36 125.4096   2.9216   0.0000
    37 132.5843   2.7256   0.0000
    38 133.3648   2.6593   0.0000
    39 134.5804   2.7537   0.0000
    40 138.7276   2.9677   0.0000
    41 143.3906   3.2133   0.0000
    42 143.9302   2.8380   0.0000
    43 145.7568   3.3562   0.0000
    44 155.0682   2.9610   0.0000
    45 156.8732   2.9768   0.0000
    46 160.2425   3.0909   0.0000
    47 160.0304   2.8723   0.0000
    48 161.8544   2.9459   0.0000
    49 164.6584   3.0439   0.0000
    50 165.8867   2.8592   0.0000
    51 166.2052   2.9564   0.0000
    52 171.9250   3.1377   0.0000
    53 172.2971   2.8093   0.0000
    54 174.1003   3.0326   0.0000
    55 178.7941   3.0111   0.0000
    56 181.2679   3.1433   0.0000
    57 182.6831   3.2135   0.0000
    58 183.8325   3.3225   0.0000
    59 184.3158   3.0611   0.0000
    60 188.6545   3.1606   0.0000
 -0.250000  0.500000  0.250000
  60
     1 -62.4194  -6.4407   0.0000
     2 -28.1256  -3.8852   0.0000
     3 -28.1256  -3.8852   0.0000
     4 -27.8723  -3.9121   0.0000
     5  -5.9382  -3.2523   0.0000
     6   6.8153  -1.8248   0.0000
     7   6.8153  -1.8248   0.0000
     8   8.9749  -1.7645   0.0000
     9  32.6828   1.4178   0.0000
    10  32.6828   1.4178   0.0000
    11  40.3895   1.7916   0.0000
    12  45.3170   2.0011   0.0000
    13  51.6741   2.2507   0.0000
    14  51.6741   2.2507   0.0000
    15  59.4411   2.2320   0.0000
    16  63.3708   2.4797   0.0000
    17  64.6046   2.5273   0.0000
    18  66.2514   1.9646   0.0000
    19  75.4797   2.5263   0.0000
    20  75.4797   2.5263   0.0000
    21  80.8686   2.5213   0.0000
    22  80.8686   2.5213   0.0000
    23  81.1987   2.6691   0.0000
    24  90.2191   2.6656   0.0000
    25  94.0123   2.4321   0.0000
    26  94.0123   2.4321   0.0000
    27  95.4545   2.5806   0.0000
    28  95.8815   2.4869   0.0000
    29 101.3969   2.7283   0.0000
    30 101.3969   2.7283   0.0000
    31 109.2081   2.6734   0.0000
    32 110.0620   3.0927   0.0000
    33 115.7607   2.7431   0.0000
    34 117.6838   3.1722   0.0000
    35 117.6838   3.1722   0.0000
    36 126.1712   2.9691   0.0000
    37 136.1464   2.7816   0.0000
    38 136.1464   2.7816   0.0000
    39 140.0139   3.1260   0.0000
    40 147.4369   2.7776   0.0000
    41 147.4369   2.7776   0.0000
    42 149.2348   2.9160   0.0000
    43 150.6174   2.8936   0.0000
    44 150.9133   2.7013   0.0000
    45 153.5007   3.1735   0.0000
    46 153.5007   3.1735   0.0000
    47 153.9508   3.0627   0.0000
    48 154.1341   2.9565   0.0000
    49 164.2038   2.9835   0.0000
    50 164.2038   2.9835   0.0000
    51 168.0885   2.9366   0.0000
    52 168.7878   3.0662   0.0000
    53 170.2932   3.0524   0.0000
    54 178.3402   2.9364   0.0000
    55 178.3402   2.9364   0.0000
    56 179.5595   3.0181   0.0000
    57 183.5382   3.3081   0.0000
    58 183.8374   3.2285   0.0000
    59 183.8374   3.2285   0.0000
    60 192.5922   3.1250   0.0000
