          29           1
  0.000000  0.000000  0.000000
  60
     1 -64.7365  -6.4200   0.0000
     2 -29.5343  -3.9311   0.0000
     3 -29.5343  -3.9311   0.0000
     4 -29.5343  -3.9311   0.0000
     5 -12.1910  -3.2132   0.0000
     6  10.6256  -1.6821   0.0000
     7  10.6256  -1.6821   0.0000
     8  10.6256  -1.6821   0.0000
     9  27.3092   1.1813   0.0000
    10  33.0283   1.6484   0.0000
    11  33.0283   1.6484   0.0000
    12  33.0283   1.6484   0.0000
    13  38.8568   1.7433   0.0000
    14  42.1356   1.8528   0.0000
    15  42.1356   1.8528   0.0000
    16  54.0542   2.5132   0.0000
    17  54.0543   2.5133   0.0000
    18  54.0542   2.5132   0.0000
    19  73.1797   2.6286   0.0000
    20  73.1797   2.6286   0.0000
    21  73.1797   2.6286   0.0000
    22  79.3494   2.4598   0.0000
    23  87.6818   2.4310   0.0000
    24  87.6818   2.4310   0.0000
    25  87.6818   2.4310   0.0000
    26  95.2804   2.4891   0.0000
    27  95.2804   2.4891   0.0000
    28  96.3567   2.7075   0.0000
    29  96.3567   2.7075   0.0000
    30  96.3567   2.7075   0.0000
    31 112.2732   2.6291   0.0000
    32 112.2732   2.6291   0.0000
    33 117.7855   2.8358   0.0000
    34 123.7086   2.5063   0.0000
    35 123.7086   2.5063   0.0000
    36 123.7086   2.5063   0.0000
    37 126.9104   2.8897   0.0000
    38 126.9106   2.8899   0.0000
    39 126.9105   2.8898   0.0000
    40 132.0707   2.9341   0.0000
    41 132.0708   2.9341   0.0000
    42 132.0707   2.9341   0.0000
    43 134.1508   2.8721   0.0000
    44 134.1508   2.8721   0.0000
    45 134.1508   2.8721   0.0000
    46 136.3342   2.8741   0.0000
    47 136.3342   2.8741   0.0000
    48 136.3342   2.8741   0.0000
    49 137.0502   2.6040   0.0000
    50 140.6331   2.5250   0.0000
    51 140.6331   2.5250   0.0000
    52 140.6331   2.5250   0.0000
    53 141.7000   2.4537   0.0000
    54 141.7000   2.4537   0.0000
    55 142.4389   2.6651   0.0000
    56 142.4389   2.6651   0.0000
    57 142.4389   2.6651   0.0000
    58 144.3362   2.8357   0.0000
    59 149.6932   2.6926   0.0000
    60 162.9830   3.2906   0.0000
  0.125000  0.000000  0.000000
  60
     1 -64.7146  -6.4223   0.0000
     2 -29.6762  -3.9243   0.0000
     3 -29.5417  -3.9298   0.0000
     4 -29.5417  -3.9298   0.0000
     5 -11.7130  -3.2058   0.0000
     6   9.3387  -1.6876   0.0000
     7  10.3247  -1.6791   0.0000
     8  10.3247  -1.6791   0.0000
     9  27.9584   1.2205   0.0000
    10  30.9933   1.5341   0.0000
    11  33.8275   1.6676   0.0000
    12  33.8275   1.6676   0.0000
    13  42.0297   1.8733   0.0000
    14  42.0297   1.8733   0.0000
    15  43.0268   1.8438   0.0000
    16  53.4418   2.4633   0.0000
    17  55.3270   2.5132   0.0000
    18  55.3270   2.5132   0.0000
    19  70.5678   2.5196   0.0000
    20  72.0646   2.5483   0.0000
    21  72.0646   2.5483   0.0000
    22  80.9962   2.4913   0.0000
    23  83.2571   2.4977   0.0000
    24  83.2571   2.4977   0.0000
    25  90.3412   2.5517   0.0000
    26  92.5593   2.4991   0.0000
    27  92.5593   2.4991   0.0000
    28  96.9620   2.7123   0.0000
    29 106.3117   2.7048   0.0000
    30 106.3117   2.7048   0.0000
    31 110.4789   2.6536   0.0000
    32 110.4789   2.6536   0.0000
    33 115.7185   2.7520   0.0000
    34 118.3066   2.5757   0.0000
    35 119.3949   2.5813   0.0000
    36 119.3949   2.5813   0.0000
    37 122.5854   2.7485   0.0000
    38 124.8137   2.7790   0.0000
    39 124.8137   2.7790   0.0000
    40 126.0979   2.8363   0.0000
    41 126.3350   2.8036   0.0000
    42 126.3350   2.8036   0.0000
    43 132.5483   2.6976   0.0000
    44 132.7799   2.5612   0.0000
    45 132.7799   2.5612   0.0000
    46 135.3261   2.7725   0.0000
    47 137.2776   2.8318   0.0000
    48 139.6560   2.7723   0.0000
    49 139.6560   2.7723   0.0000
    50 143.4841   2.8011   0.0000
    51 143.4841   2.8011   0.0000
    52 144.4688   2.8715   0.0000
    53 144.4688   2.8715   0.0000
    54 145.5937   2.9093   0.0000
    55 148.1556   2.9287   0.0000
    56 149.6696   2.6010   0.0000
    57 154.2661   2.8597   0.0000
    58 154.3328   2.5966   0.0000
    59 154.3328   2.5966   0.0000
    60 162.0652   3.1330   0.0000
  0.250000  0.000000  0.000000
  60
     1 -64.6613  -6.4279   0.0000
     2 -30.0040  -3.9087   0.0000
     3 -29.5594  -3.9268   0.0000
     4 -29.5594  -3.9268   0.0000
     5 -10.4411  -3.1905   0.0000
     6   6.4296  -1.7436   0.0000
     7   9.6463  -1.6791   0.0000
     8   9.6463  -1.6791   0.0000
     9  27.3315   1.3142   0.0000
    10  31.4816   1.4193   0.0000
    11  35.6812   1.7105   0.0000
    12  35.6812   1.7105   0.0000
    13  42.3405   1.9314   0.0000
    14  42.3405   1.9314   0.0000
    15  48.3703   2.1109   0.0000
    16  53.8537   2.2462   0.0000
    17  58.4085   2.5385   0.0000
    18  58.4085   2.5385   0.0000
    19  67.0376   2.3687   0.0000
    20  67.4438   2.3178   0.0000
    21  67.4438   2.3178   0.0000
    22  79.5499   2.5813   0.0000
    23  79.5499   2.5813   0.0000
    24  83.7189   2.5009   0.0000
    25  93.9418   2.4989   0.0000
    26  93.9418   2.4989   0.0000
    27  95.1553   2.7541   0.0000
    28  98.7749   2.7274   0.0000
    29 103.4110   2.6617   0.0000
    30 103.4110   2.6617   0.0000
    31 106.1907   2.5570   0.0000
    32 110.0357   2.5488   0.0000
    33 112.4622   2.5770   0.0000
    34 112.4622   2.5770   0.0000
    35 117.4270   2.8314   0.0000
    36 117.4270   2.8314   0.0000
    37 118.2576   2.7981   0.0000
    38 119.8287   2.8606   0.0000
    39 121.4777   2.6720   0.0000
    40 121.4777   2.6720   0.0000
    41 125.7294   2.6592   0.0000
    42 125.7294   2.6592   0.0000
    43 130.1530   2.6473   0.0000
    44 130.4475   2.6542   0.0000
    45 130.4475   2.6542   0.0000
    46 134.5015   2.8454   0.0000
    47 142.0642   2.8483   0.0000
    48 144.0581   2.9430   0.0000
    49 144.0581   2.9430   0.0000
    50 147.0335   3.0383   0.0000
    51 148.5522   2.8164   0.0000
    52 148.5522   2.8164   0.0000
    53 155.0809   2.8898   0.0000
    54 155.0809   2.8898   0.0000
    55 157.0558   2.9451   0.0000
    56 159.7495   2.9158   0.0000
    57 161.6772   2.8508   0.0000
    58 161.6772   2.8508   0.0000
    59 164.3452   2.5867   0.0000
    60 170.7856   2.7022   0.0000
  0.375000  0.000000  0.000000
  60
     1 -64.6078  -6.4336   0.0000
     2 -30.3133  -3.8941   0.0000
     3 -29.5769  -3.9239   0.0000
     4 -29.5769  -3.9239   0.0000
     5  -8.8792  -3.1965   0.0000
     6   3.5237  -1.8004   0.0000
     7   9.0244  -1.6854   0.0000
     8   9.0244  -1.6854   0.0000
     9  26.3119   1.2514   0.0000
    10  33.4605   1.5303   0.0000
    11  37.1163   1.7352   0.0000
    12  37.1163   1.7352   0.0000
    13  44.1891   2.0518   0.0000
    14  44.1891   2.0518   0.0000
    15  48.2984   2.2350   0.0000
    16  58.0506   2.1938   0.0000
    17  60.6480   2.3852   0.0000
    18  60.6480   2.3852   0.0000
    19  62.0628   2.3277   0.0000
    20  62.0628   2.3277   0.0000
    21  67.9006   2.2280   0.0000
    22  80.2953   2.5844   0.0000
    23  80.2953   2.5844   0.0000
    24  85.4715   2.4029   0.0000
    25  92.1250   2.5939   0.0000
    26  94.5204   2.6106   0.0000
    27  94.5204   2.6106   0.0000
    28  96.8552   2.5105   0.0000
    29  96.8552   2.5105   0.0000
    30 100.4054   2.8113   0.0000
    31 101.7777   2.7587   0.0000
    32 105.7410   2.6446   0.0000
    33 106.2169   2.5458   0.0000
    34 106.2169   2.5458   0.0000
    35 111.6285   2.7528   0.0000
    36 117.3581   2.7461   0.0000
    37 117.3581   2.7461   0.0000
    38 119.1235   2.8971   0.0000
    39 123.4240   2.6412   0.0000
    40 123.4240   2.6412   0.0000
    41 129.6653   2.7302   0.0000
    42 131.6263   2.7840   0.0000
    43 131.6263   2.7840   0.0000
    44 133.3421   2.7393   0.0000
    45 134.1830   2.8302   0.0000
    46 134.1830   2.8302   0.0000
    47 142.8138   2.9148   0.0000
    48 142.8138   2.9148   0.0000
    49 143.5282   2.9903   0.0000
    50 151.9889   2.8898   0.0000
    51 157.7834   2.8903   0.0000
    52 157.7834   2.8903   0.0000
    53 162.2341   2.8688   0.0000
    54 164.5857   2.9641   0.0000
    55 164.5857   2.9641   0.0000
    56 166.9566   2.8454   0.0000
    57 166.9566   2.8454   0.0000
    58 167.3548   2.8291   0.0000
    59 167.3547   2.8291   0.0000
    60 169.1078   2.8121   0.0000
  0.500000  0.000000  0.000000
  60
     1 -64.5855  -6.4360   0.0000
     2 -30.4368  -3.8883   0.0000
     3 -29.5841  -3.9227   0.0000
     4 -29.5841  -3.9227   0.0000
     5  -8.0679  -3.2267   0.0000
     6   2.2164  -1.7985   0.0000
     7   8.7807  -1.6891   0.0000
     8   8.7807  -1.6891   0.0000
     9  26.0054   1.2228   0.0000
    10  34.3163   1.5913   0.0000
    11  37.4957   1.7408   0.0000
    12  37.4957   1.7408   0.0000
    13  45.9901   2.1617   0.0000
    14  45.9901   2.1617   0.0000
    15  47.8491   2.2362   0.0000
    16  57.5554   2.0441   0.0000
    17  57.5554   2.0441   0.0000
    18  58.4546   2.1740   0.0000
    19  63.1531   2.5749   0.0000
    20  63.1531   2.5749   0.0000
    21  75.6972   2.3195   0.0000
    22  78.1123   2.2084   0.0000
    23  82.6802   2.5922   0.0000
    24  82.6802   2.5922   0.0000
    25  89.1540   2.5515   0.0000
    26  89.1540   2.5515   0.0000
    27  92.1889   2.5684   0.0000
    28  96.8139   2.7690   0.0000
    29 100.1651   2.6030   0.0000
    30 100.1651   2.6030   0.0000
    31 101.7302   2.4577   0.0000
    32 101.7302   2.4577   0.0000
    33 105.2543   2.8936   0.0000
    34 106.9015   2.8704   0.0000
    35 106.9425   2.6133   0.0000
    36 116.8573   2.7385   0.0000
    37 116.8573   2.7385   0.0000
    38 118.8030   2.8949   0.0000
    39 123.0598   2.6128   0.0000
    40 123.0598   2.6128   0.0000
    41 130.1317   2.8233   0.0000
    42 132.2355   2.6621   0.0000
    43 133.6439   2.8873   0.0000
    44 133.6439   2.8873   0.0000
    45 137.4435   2.8951   0.0000
    46 137.4435   2.8951   0.0000
    47 143.7976   2.9152   0.0000
    48 150.6450   3.0083   0.0000
    49 150.6450   3.0083   0.0000
    50 151.8217   2.7921   0.0000
    51 151.8217   2.7921   0.0000
    52 157.5217   2.9990   0.0000
    53 161.5647   2.8829   0.0000
    54 163.5389   2.6919   0.0000
    55 165.8957   2.9287   0.0000
    56 165.8957   2.9287   0.0000
    57 171.0832   2.7724   0.0000
    58 171.0832   2.7724   0.0000
    59 175.1141   2.8558   0.0000
    60 175.1142   2.8559   0.0000
  0.125000  0.125000  0.000000
  60
     1 -64.7073  -6.4230   0.0000
     2 -29.6678  -3.9242   0.0000
     3 -29.5702  -3.9283   0.0000
     4 -29.5702  -3.9283   0.0000
     5 -11.5714  -3.2040   0.0000
     6   9.1574  -1.6966   0.0000
     7  10.1532  -1.6784   0.0000
     8  10.1532  -1.6784   0.0000
     9  28.3598   1.2152   0.0000
    10  29.5215   1.5339   0.0000
    11  34.6567   1.6783   0.0000
    12  34.6567   1.6783   0.0000
    13  40.9484   1.8690   0.0000
    14  42.8969   1.8732   0.0000
    15  43.9687   1.8559   0.0000
    16  54.5153   2.5117   0.0000
    17  54.5153   2.5117   0.0000
    18  55.6966   2.4700   0.0000
    19  70.7462   2.4995   0.0000
    20  71.1977   2.5154   0.0000
    21  71.1977   2.5154   0.0000
    22  81.8590   2.5225   0.0000
    23  83.7934   2.5010   0.0000
    24  84.8417   2.5488   0.0000
    25  84.8417   2.5488   0.0000
    26  88.3442   2.4386   0.0000
    27  96.7379   2.5585   0.0000
    28 103.1195   2.7224   0.0000
    29 103.1195   2.7224   0.0000
    30 109.4380   2.6908   0.0000
    31 110.0610   2.6728   0.0000
    32 111.2597   2.6201   0.0000
    33 113.6456   2.6683   0.0000
    34 113.6456   2.6683   0.0000
    35 116.6208   2.8310   0.0000
    36 119.2750   2.4192   0.0000
    37 123.0802   2.7202   0.0000
    38 123.0802   2.7202   0.0000
    39 124.8677   2.5161   0.0000
    40 127.4379   2.8089   0.0000
    41 129.4909   2.7835   0.0000
    42 129.4909   2.7835   0.0000
    43 130.9016   2.7054   0.0000
    44 130.9016   2.7054   0.0000
    45 131.3537   2.7793   0.0000
    46 132.8161   2.7390   0.0000
    47 136.8159   2.8838   0.0000
    48 137.2120   2.9985   0.0000
    49 141.8298   2.4804   0.0000
    50 144.3136   2.8705   0.0000
    51 144.3136   2.8705   0.0000
    52 145.7145   2.7537   0.0000
    53 145.7145   2.7537   0.0000
    54 146.2161   2.9278   0.0000
    55 146.8315   2.5917   0.0000
    56 152.8094   2.9237   0.0000
    57 152.8094   2.9237   0.0000
    58 156.6381   2.8937   0.0000
    59 160.8407   2.4971   0.0000
    60 162.5695   2.8363   0.0000
  0.250000  0.125000  0.000000
  60
     1 -64.6646  -6.4275   0.0000
     2 -29.9045  -3.9124   0.0000
     3 -29.6031  -3.9252   0.0000
     4 -29.5857  -3.9256   0.0000
     5 -10.6126  -3.1925   0.0000
     6   7.1169  -1.7412   0.0000
     7   9.4794  -1.6687   0.0000
     8   9.5884  -1.6829   0.0000
     9  27.7022   1.4043   0.0000
    10  29.7577   1.3165   0.0000
    11  36.2815   1.7225   0.0000
    12  36.5366   1.7273   0.0000
    13  40.1900   1.8784   0.0000
    14  43.7161   1.9266   0.0000
    15  49.0351   2.0107   0.0000
    16  54.3625   2.3804   0.0000
    17  56.2147   2.5008   0.0000
    18  58.4410   2.5280   0.0000
    19  66.8558   2.3506   0.0000
    20  67.3121   2.3489   0.0000
    21  70.9681   2.4300   0.0000
    22  78.6882   2.5524   0.0000
    23  79.0363   2.4582   0.0000
    24  85.1989   2.5687   0.0000
    25  86.1131   2.5610   0.0000
    26  92.4537   2.6210   0.0000
    27  96.9690   2.6322   0.0000
    28 103.0381   2.6119   0.0000
    29 105.1858   2.6376   0.0000
    30 106.2634   2.7354   0.0000
    31 108.8011   2.6915   0.0000
    32 109.7184   2.6618   0.0000
    33 110.6403   2.6145   0.0000
    34 113.1705   2.7448   0.0000
    35 113.7438   2.4821   0.0000
    36 117.8612   2.6613   0.0000
    37 118.5113   2.6710   0.0000
    38 118.7032   2.7575   0.0000
    39 121.2828   2.7202   0.0000
    40 121.9944   2.6181   0.0000
    41 127.0405   2.7943   0.0000
    42 127.0781   2.7424   0.0000
    43 128.6752   2.7675   0.0000
    44 131.1191   2.8454   0.0000
    45 134.4024   2.6699   0.0000
    46 138.4821   2.6722   0.0000
    47 139.9969   2.6960   0.0000
    48 140.5595   2.7652   0.0000
    49 142.3294   2.9446   0.0000
    50 145.1095   2.9489   0.0000
    51 145.2012   2.9502   0.0000
    52 147.3415   2.8827   0.0000
    53 147.6274   2.9931   0.0000
    54 155.9965   2.7293   0.0000
    55 158.7154   2.9352   0.0000
    56 161.4511   2.7046   0.0000
    57 162.6086   2.8759   0.0000
    58 163.3785   2.9723   0.0000
    59 164.0183   2.8237   0.0000
    60 168.7920   2.8984   0.0000
  0.375000  0.125000  0.000000
  60
     1 -64.6112  -6.4332   0.0000
     2 -30.1966  -3.8982   0.0000
     3 -29.6211  -3.9223   0.0000
     4 -29.6162  -3.9215   0.0000
     5  -9.1980  -3.1903   0.0000
     6   4.5082  -1.7902   0.0000
     7   8.5944  -1.6696   0.0000
     8   8.9953  -1.6920   0.0000
     9  26.9154   1.2899   0.0000
    10  31.6263   1.4418   0.0000
    11  37.1481   1.7481   0.0000
    12  38.0061   1.7665   0.0000
    13  41.4545   1.9544   0.0000
    14  45.4547   2.0557   0.0000
    15  50.5019   2.2668   0.0000
    16  57.9841   2.1806   0.0000
    17  58.8172   2.3589   0.0000
    18  59.9529   2.4940   0.0000
    19  61.6811   2.3173   0.0000
    20  65.6976   2.2805   0.0000
    21  69.2991   2.3042   0.0000
    22  76.7403   2.4458   0.0000
    23  78.4601   2.5637   0.0000
    24  87.5874   2.5308   0.0000
    25  88.4760   2.5796   0.0000
    26  91.9559   2.5538   0.0000
    27  95.8165   2.6755   0.0000
    28  97.0206   2.5909   0.0000
    29  98.0447   2.6047   0.0000
    30 101.4763   2.7488   0.0000
    31 103.9491   2.6252   0.0000
    32 106.5264   2.5738   0.0000
    33 108.3279   2.5546   0.0000
    34 109.2201   2.7729   0.0000
    35 113.3132   2.5605   0.0000
    36 116.3432   2.6439   0.0000
    37 116.5678   2.7974   0.0000
    38 119.1419   2.6761   0.0000
    39 121.6722   2.9107   0.0000
    40 122.6922   2.7237   0.0000
    41 127.6961   2.7770   0.0000
    42 129.8123   2.8171   0.0000
    43 132.5932   2.8594   0.0000
    44 133.2688   2.9060   0.0000
    45 136.9418   2.6359   0.0000
    46 137.4400   2.6707   0.0000
    47 141.8743   2.8884   0.0000
    48 144.0154   2.7907   0.0000
    49 145.5593   3.0453   0.0000
    50 148.3911   2.6899   0.0000
    51 151.3370   2.7726   0.0000
    52 153.5766   3.0269   0.0000
    53 156.7440   2.9578   0.0000
    54 157.7341   2.9011   0.0000
    55 165.3633   2.9096   0.0000
    56 165.9643   3.0181   0.0000
    57 167.1197   3.0112   0.0000
    58 170.6832   2.7886   0.0000
    59 172.4325   2.8191   0.0000
    60 173.8020   2.9170   0.0000
  0.500000  0.125000  0.000000
  60
     1 -64.5785  -6.4367   0.0000
     2 -30.3657  -3.8901   0.0000
     3 -29.6562  -3.9180   0.0000
     4 -29.6137  -3.9214   0.0000
     5  -8.1082  -3.2184   0.0000
     6   2.7556  -1.7929   0.0000
     7   8.0255  -1.6818   0.0000
     8   8.6868  -1.6963   0.0000
     9  26.8115   1.2361   0.0000
    10  32.8430   1.5298   0.0000
    11  37.3152   1.7560   0.0000
    12  38.4045   1.7780   0.0000
    13  44.1847   2.0709   0.0000
    14  46.5754   2.1646   0.0000
    15  49.9933   2.2733   0.0000
    16  56.8254   2.0732   0.0000
    17  57.7983   2.1594   0.0000
    18  59.8694   2.3031   0.0000
    19  63.3773   2.5216   0.0000
    20  65.0103   2.4269   0.0000
    21  73.8757   2.2501   0.0000
    22  79.7889   2.3800   0.0000
    23  81.3075   2.5690   0.0000
    24  81.5827   2.3978   0.0000
    25  86.4782   2.5196   0.0000
    26  89.0839   2.5068   0.0000
    27  91.7133   2.6250   0.0000
    28  93.6502   2.6408   0.0000
    29  98.2366   2.7321   0.0000
    30  98.2711   2.5717   0.0000
    31 100.2616   2.6872   0.0000
    32 104.0969   2.5613   0.0000
    33 107.2824   2.8182   0.0000
    34 111.0450   2.5749   0.0000
    35 112.0596   2.8500   0.0000
    36 115.4592   2.6215   0.0000
    37 116.9284   2.7694   0.0000
    38 116.8380   2.6248   0.0000
    39 121.6028   2.7412   0.0000
    40 122.6379   2.8880   0.0000
    41 125.5406   2.7925   0.0000
    42 131.7174   2.8484   0.0000
    43 137.5807   2.7451   0.0000
    44 138.2975   3.0373   0.0000
    45 138.3367   2.7607   0.0000
    46 142.6756   2.8381   0.0000
    47 143.5538   2.8668   0.0000
    48 148.6756   2.8052   0.0000
    49 151.7676   2.9844   0.0000
    50 152.2195   2.8163   0.0000
    51 152.7021   2.8577   0.0000
    52 155.5042   2.8729   0.0000
    53 160.2277   2.8152   0.0000
    54 162.4333   2.8726   0.0000
    55 162.6060   2.7630   0.0000
    56 163.7849   2.9010   0.0000
    57 167.4705   3.0189   0.0000
    58 168.7512   2.9116   0.0000
    59 170.2593   2.8797   0.0000
    60 172.7619   2.7926   0.0000
 -0.375000  0.125000  0.000000
  60
     1 -64.5859  -6.4359   0.0000
     2 -30.3282  -3.8922   0.0000
     3 -29.6792  -3.9173   0.0000
     4 -29.5853  -3.9229   0.0000
     5  -8.3475  -3.2085   0.0000
     6   3.1578  -1.7941   0.0000
     7   8.0050  -1.6802   0.0000
     8   8.8127  -1.6915   0.0000
     9  27.0745   1.2430   0.0000
    10  32.6002   1.5084   0.0000
    11  37.3693   1.7547   0.0000
    12  38.1419   1.7745   0.0000
    13  43.6975   2.0375   0.0000
    14  45.3837   2.1202   0.0000
    15  50.2591   2.2767   0.0000
    16  57.2498   2.1107   0.0000
    17  59.3704   2.3525   0.0000
    18  60.0221   2.2394   0.0000
    19  62.1873   2.4622   0.0000
    20  65.5474   2.3881   0.0000
    21  71.0425   2.2305   0.0000
    22  77.5655   2.4760   0.0000
    23  80.9308   2.5106   0.0000
    24  84.8665   2.3700   0.0000
    25  88.5303   2.5788   0.0000
    26  90.7976   2.5319   0.0000
    27  93.1494   2.6051   0.0000
    28  93.3730   2.6853   0.0000
    29  97.4577   2.5583   0.0000
    30  98.1683   2.6017   0.0000
    31 100.1820   2.7639   0.0000
    32 104.8559   2.6323   0.0000
    33 107.0276   2.7442   0.0000
    34 110.6747   2.5937   0.0000
    35 111.1957   2.8038   0.0000
    36 116.3897   2.6375   0.0000
    37 118.1249   2.6208   0.0000
    38 118.7241   2.7455   0.0000
    39 122.1626   2.8154   0.0000
    40 122.4783   2.8258   0.0000
    41 123.2416   2.7400   0.0000
    42 133.1620   2.9588   0.0000
    43 135.2217   2.9482   0.0000
    44 137.0568   2.7918   0.0000
    45 138.7991   2.8330   0.0000
    46 141.2266   2.7830   0.0000
    47 141.8966   2.7318   0.0000
    48 147.5047   2.8341   0.0000
    49 149.0793   2.8549   0.0000
    50 151.2797   2.8771   0.0000
    51 155.5126   3.0045   0.0000
    52 156.9288   2.9151   0.0000
    53 159.9740   2.8304   0.0000
    54 160.4166   2.8195   0.0000
    55 162.3730   2.8909   0.0000
    56 165.9923   2.9167   0.0000
    57 166.5881   2.7161   0.0000
    58 168.1753   2.9105   0.0000
    59 170.3133   2.8421   0.0000
    60 173.3511   2.9600   0.0000
 -0.250000  0.125000  0.000000
  60
     1 -64.6289  -6.4313   0.0000
     2 -30.1086  -3.9032   0.0000
     3 -29.6659  -3.9199   0.0000
     4 -29.5525  -3.9260   0.0000
     5  -9.6564  -3.1879   0.0000
     6   5.3837  -1.7755   0.0000
     7   8.5549  -1.6621   0.0000
     8   9.3261  -1.6827   0.0000
     9  27.7697   1.3060   0.0000
    10  30.9697   1.3998   0.0000
    11  36.7447   1.7536   0.0000
    12  37.1367   1.7388   0.0000
    13  41.3594   1.9229   0.0000
    14  43.9428   2.0211   0.0000
    15  50.6792   2.2315   0.0000
    16  55.9142   2.2599   0.0000
    17  58.7910   2.4008   0.0000
    18  60.4283   2.5786   0.0000
    19  61.8403   2.2079   0.0000
    20  67.7730   2.3296   0.0000
    21  69.2159   2.2977   0.0000
    22  75.8957   2.5047   0.0000
    23  77.6752   2.4624   0.0000
    24  87.0974   2.5803   0.0000
    25  89.4751   2.6175   0.0000
    26  95.3962   2.5907   0.0000
    27  95.8421   2.7025   0.0000
    28  98.3028   2.6345   0.0000
    29 100.9180   2.6290   0.0000
    30 102.8440   2.5882   0.0000
    31 103.3631   2.6135   0.0000
    32 107.0528   2.5606   0.0000
    33 108.6600   2.7446   0.0000
    34 108.7285   2.5892   0.0000
    35 112.7847   2.6587   0.0000
    36 117.5653   2.8334   0.0000
    37 120.1536   2.5071   0.0000
    38 120.9630   2.8191   0.0000
    39 121.8092   2.7067   0.0000
    40 122.5327   2.7615   0.0000
    41 123.6804   2.6425   0.0000
    42 127.9276   2.7621   0.0000
    43 129.7864   2.9099   0.0000
    44 132.3385   2.8517   0.0000
    45 135.4029   2.8566   0.0000
    46 138.9453   2.7009   0.0000
    47 142.8758   2.9929   0.0000
    48 144.6332   2.8060   0.0000
    49 145.3020   2.8682   0.0000
    50 145.8565   2.7598   0.0000
    51 148.5147   2.8150   0.0000
    52 154.7432   2.7931   0.0000
    53 155.0237   2.8703   0.0000
    54 159.4333   3.0396   0.0000
    55 159.2172   2.8110   0.0000
    56 160.4940   2.9655   0.0000
    57 165.7637   2.7213   0.0000
    58 167.9669   2.9195   0.0000
    59 171.3806   2.9889   0.0000
    60 171.2948   2.8985   0.0000
 -0.125000  0.125000  0.000000
  60
     1 -64.6822  -6.4257   0.0000
     2 -29.8364  -3.9165   0.0000
     3 -29.6099  -3.9251   0.0000
     4 -29.5344  -3.9289   0.0000
     5 -10.9879  -3.1961   0.0000
     6   7.8711  -1.7256   0.0000
     7   9.5439  -1.6588   0.0000
     8   9.9643  -1.6787   0.0000
     9  28.8899   1.2557   0.0000
    10  29.3077   1.4571   0.0000
    11  34.6803   1.7015   0.0000
    12  35.8332   1.7006   0.0000
    13  41.2548   1.8852   0.0000
    14  42.6881   1.9165   0.0000
    15  47.2129   1.9480   0.0000
    16  54.0602   2.4024   0.0000
    17  55.2885   2.4884   0.0000
    18  57.9573   2.5429   0.0000
    19  66.7358   2.3647   0.0000
    20  70.3706   2.4738   0.0000
    21  71.8804   2.4826   0.0000
    22  77.9309   2.4886   0.0000
    23  80.0965   2.4162   0.0000
    24  84.4455   2.5962   0.0000
    25  89.3695   2.5965   0.0000
    26  92.6080   2.6297   0.0000
    27  93.2821   2.5319   0.0000
    28 105.1333   2.7223   0.0000
    29 106.9762   2.7318   0.0000
    30 107.6549   2.6830   0.0000
    31 108.9297   2.6531   0.0000
    32 110.6524   2.5906   0.0000
    33 111.3112   2.6048   0.0000
    34 112.3223   2.6229   0.0000
    35 114.9559   2.6935   0.0000
    36 116.4049   2.6036   0.0000
    37 116.8635   2.7831   0.0000
    38 122.7856   2.8278   0.0000
    39 123.2178   2.7728   0.0000
    40 123.8023   2.4245   0.0000
    41 124.6818   2.6985   0.0000
    42 127.6580   2.5401   0.0000
    43 128.5717   2.8338   0.0000
    44 132.7614   2.7497   0.0000
    45 133.1956   2.7433   0.0000
    46 135.7794   2.9367   0.0000
    47 135.9544   2.9354   0.0000
    48 143.0184   3.0090   0.0000
    49 143.9897   2.6982   0.0000
    50 145.5867   2.6253   0.0000
    51 146.3305   2.9389   0.0000
    52 147.4740   2.6954   0.0000
    53 150.0281   2.8044   0.0000
    54 150.7354   2.8136   0.0000
    55 152.1470   2.7791   0.0000
    56 156.5817   3.0316   0.0000
    57 157.1119   3.1825   0.0000
    58 158.6463   2.9408   0.0000
    59 163.7094   2.6213   0.0000
    60 166.3959   2.6142   0.0000
  0.250000  0.250000  0.000000
  60
     1 -64.6368  -6.4304   0.0000
     2 -29.9400  -3.9073   0.0000
     3 -29.6579  -3.9219   0.0000
     4 -29.6579  -3.9219   0.0000
     5 -10.1071  -3.1892   0.0000
     6   6.3013  -1.7714   0.0000
     7   9.2102  -1.6942   0.0000
     8   9.2102  -1.6942   0.0000
     9  25.6382   1.4014   0.0000
    10  30.5436   1.3397   0.0000
    11  38.0594   1.8183   0.0000
    12  38.6510   1.8001   0.0000
    13  38.6510   1.8001   0.0000
    14  45.1188   1.9295   0.0000
    15  52.6741   1.9914   0.0000
    16  55.9529   2.4930   0.0000
    17  55.9529   2.4930   0.0000
    18  58.5673   2.4853   0.0000
    19  66.7647   2.3135   0.0000
    20  66.7647   2.3135   0.0000
    21  68.1574   2.3092   0.0000
    22  73.5314   2.4029   0.0000
    23  83.1976   2.6721   0.0000
    24  83.1976   2.6721   0.0000
    25  86.9083   2.5782   0.0000
    26  90.2175   2.4604   0.0000
    27  98.3057   2.7284   0.0000
    28  99.2588   2.6421   0.0000
    29  99.2588   2.6421   0.0000
    30 104.1056   2.3513   0.0000
    31 108.5914   2.6353   0.0000
    32 109.1294   2.6139   0.0000
    33 113.5492   2.8457   0.0000
    34 113.5492   2.8457   0.0000
    35 114.9435   2.8719   0.0000
    36 118.1047   2.5616   0.0000
    37 118.1047   2.5616   0.0000
    38 120.2132   2.5532   0.0000
    39 121.6800   2.6551   0.0000
    40 124.7885   2.7598   0.0000
    41 126.4407   2.7555   0.0000
    42 126.4407   2.7555   0.0000
    43 127.8078   2.7824   0.0000
    44 129.0169   2.6902   0.0000
    45 133.4616   2.7244   0.0000
    46 133.4616   2.7244   0.0000
    47 134.0990   2.9054   0.0000
    48 143.6433   2.9154   0.0000
    49 148.4248   3.2227   0.0000
    50 148.4248   3.2227   0.0000
    51 149.3052   3.0141   0.0000
    52 149.4337   2.5300   0.0000
    53 153.5672   2.7096   0.0000
    54 153.5672   2.7096   0.0000
    55 155.4707   2.6489   0.0000
    56 163.7712   2.8366   0.0000
    57 171.6114   3.0224   0.0000
    58 171.6114   3.0224   0.0000
    59 171.8201   2.9555   0.0000
    60 173.6829   3.0273   0.0000
  0.375000  0.250000  0.000000
  60
     1 -64.5941  -6.4349   0.0000
     2 -30.1053  -3.8975   0.0000
     3 -29.7117  -3.9171   0.0000
     4 -29.6916  -3.9191   0.0000
     5  -9.1298  -3.1885   0.0000
     6   4.8584  -1.8095   0.0000
     7   8.2596  -1.6791   0.0000
     8   8.7579  -1.7076   0.0000
     9  25.1790   1.3240   0.0000
    10  31.6219   1.4122   0.0000
    11  36.4718   1.7556   0.0000
    12  40.4032   1.8692   0.0000
    13  41.2046   1.9267   0.0000
    14  47.0247   2.0275   0.0000
    15  54.8349   2.3510   0.0000
    16  57.0478   2.3676   0.0000
    17  58.4602   2.3838   0.0000
    18  59.2740   2.1801   0.0000
    19  62.9015   2.2887   0.0000
    20  65.3428   2.2655   0.0000
    21  70.9573   2.3418   0.0000
    22  72.4648   2.3801   0.0000
    23  78.1834   2.5342   0.0000
    24  83.3464   2.6884   0.0000
    25  89.3483   2.5629   0.0000
    26  90.6198   2.5503   0.0000
    27  92.9311   2.6152   0.0000
    28  95.3972   2.6355   0.0000
    29  97.7187   2.6823   0.0000
    30  99.6492   2.5029   0.0000
    31 104.6721   2.5824   0.0000
    32 106.8117   2.6337   0.0000
    33 110.2651   2.6607   0.0000
    34 113.6949   2.5987   0.0000
    35 113.8842   2.6974   0.0000
    36 114.7888   2.7184   0.0000
    37 118.3462   2.7147   0.0000
    38 120.1615   2.7731   0.0000
    39 121.6073   2.9044   0.0000
    40 123.0263   2.8310   0.0000
    41 128.8336   2.7256   0.0000
    42 131.0616   2.7446   0.0000
    43 131.5253   2.7130   0.0000
    44 132.6878   2.7635   0.0000
    45 135.4715   2.9034   0.0000
    46 135.7220   2.7123   0.0000
    47 137.6978   2.7389   0.0000
    48 145.5204   2.9128   0.0000
    49 148.3146   2.9660   0.0000
    50 149.8700   2.8494   0.0000
    51 150.0549   2.9360   0.0000
    52 154.9450   2.8833   0.0000
    53 156.7694   2.9470   0.0000
    54 161.2230   2.9050   0.0000
    55 165.2816   2.8218   0.0000
    56 166.4741   3.0116   0.0000
    57 167.6041   2.8435   0.0000
    58 170.9249   2.7326   0.0000
    59 171.3600   2.9230   0.0000
    60 176.7515   3.0789   0.0000
  0.500000  0.250000  0.000000
  60
     1 -64.5616  -6.4384   0.0000
     2 -30.2157  -3.8923   0.0000
     3 -29.8042  -3.9099   0.0000
     4 -29.6848  -3.9183   0.0000
     5  -8.1704  -3.2047   0.0000
     6   3.8277  -1.7972   0.0000
     7   6.8661  -1.6887   0.0000
     8   8.4741  -1.7135   0.0000
     9  26.4239   1.2895   0.0000
    10  32.1719   1.4550   0.0000
    11  35.9198   1.7262   0.0000
    12  40.7870   1.8884   0.0000
    13  43.0128   2.0243   0.0000
    14  48.3836   2.1641   0.0000
    15  54.3331   2.3648   0.0000
    16  55.0999   2.1027   0.0000
    17  57.4422   2.2641   0.0000
    18  61.1087   2.2464   0.0000
    19  64.0895   2.4276   0.0000
    20  70.4082   2.4177   0.0000
    21  72.3528   2.2179   0.0000
    22  75.7321   2.3771   0.0000
    23  76.4806   2.4191   0.0000
    24  81.5099   2.4486   0.0000
    25  83.7228   2.6751   0.0000
    26  87.5316   2.5758   0.0000
    27  89.2678   2.4444   0.0000
    28  95.1087   2.5389   0.0000
    29  95.7699   2.5861   0.0000
    30  99.9580   2.6834   0.0000
    31 101.1812   2.6223   0.0000
    32 102.0177   2.8704   0.0000
    33 107.2722   2.5557   0.0000
    34 111.6387   2.8871   0.0000
    35 112.5736   2.5297   0.0000
    36 113.9332   2.7843   0.0000
    37 116.0633   2.7466   0.0000
    38 118.7340   2.7300   0.0000
    39 123.5025   2.8722   0.0000
    40 125.0321   2.8141   0.0000
    41 130.6259   2.7397   0.0000
    42 132.4804   2.8526   0.0000
    43 137.6917   2.6587   0.0000
    44 139.2589   2.9245   0.0000
    45 140.3541   3.1225   0.0000
    46 140.9684   2.6607   0.0000
    47 146.6955   2.7313   0.0000
    48 148.2508   2.8162   0.0000
    49 149.3793   2.7745   0.0000
    50 150.4987   2.8417   0.0000
    51 152.9821   2.8081   0.0000
    52 154.5569   2.9860   0.0000
    53 155.2333   2.7687   0.0000
    54 161.0891   2.9645   0.0000
    55 164.9121   2.8897   0.0000
    56 165.9369   2.9918   0.0000
    57 167.0805   2.9924   0.0000
    58 167.9316   2.9164   0.0000
    59 170.9308   2.7747   0.0000
    60 173.3796   2.9846   0.0000
 -0.375000  0.250000  0.000000
  60
     1 -64.5583  -6.4388   0.0000
     2 -30.2110  -3.8948   0.0000
     3 -29.8822  -3.9046   0.0000
     4 -29.6414  -3.9199   0.0000
     5  -7.9214  -3.2149   0.0000
     6   3.8060  -1.7634   0.0000
     7   6.1043  -1.7144   0.0000
     8   8.5029  -1.7075   0.0000
     9  28.2043   1.3097   0.0000
    10  31.2692   1.4302   0.0000
    11  36.6484   1.7436   0.0000
    12  40.6697   1.8896   0.0000
    13  43.9125   2.0518   0.0000
    14  44.3772   2.0084   0.0000
    15  54.2883   2.3846   0.0000
    16  56.9233   2.2687   0.0000
    17  57.5393   2.3223   0.0000
    18  61.7541   2.2389   0.0000
    19  64.9783   2.3215   0.0000
    20  67.8247   2.3640   0.0000
    21  74.0073   2.3682   0.0000
    22  76.1809   2.2291   0.0000
    23  79.6870   2.4986   0.0000
    24  82.1944   2.4430   0.0000
    25  83.5363   2.3666   0.0000
    26  86.5596   2.5747   0.0000
    27  87.1363   2.6683   0.0000
    28  93.4111   2.5395   0.0000
    29  95.8584   2.5969   0.0000
    30  98.5936   2.6303   0.0000
    31 100.5776   2.5731   0.0000
    32 102.4385   2.8601   0.0000
    33 105.4539   2.6731   0.0000
    34 108.3379   2.9136   0.0000
    35 113.2866   2.5001   0.0000
    36 116.3183   2.8635   0.0000
    37 116.1994   2.6126   0.0000
    38 117.8535   2.9085   0.0000
    39 125.5510   2.6970   0.0000
    40 127.3756   2.9078   0.0000
    41 128.1787   2.7671   0.0000
    42 132.8137   2.9090   0.0000
    43 137.8083   2.8821   0.0000
    44 140.7392   2.9168   0.0000
    45 142.5651   2.8052   0.0000
    46 143.7262   2.7643   0.0000
    47 146.7450   2.6825   0.0000
    48 149.5309   2.8839   0.0000
    49 150.1090   2.7398   0.0000
    50 151.2751   2.7489   0.0000
    51 153.7818   2.9534   0.0000
    52 154.5517   2.9141   0.0000
    53 158.0967   2.7587   0.0000
    54 160.4830   2.8521   0.0000
    55 161.8744   2.9020   0.0000
    56 162.4856   2.8059   0.0000
    57 164.0378   2.8218   0.0000
    58 167.3820   2.9524   0.0000
    59 169.2913   3.0372   0.0000
    60 174.7142   2.8666   0.0000
 -0.250000  0.250000  0.000000
  60
     1 -64.5863  -6.4358   0.0000
     2 -30.1661  -3.8994   0.0000
     3 -29.8278  -3.9086   0.0000
     4 -29.5866  -3.9231   0.0000
     5  -8.6066  -3.1970   0.0000
     6   4.5459  -1.7839   0.0000
     7   6.7664  -1.6754   0.0000
     8   8.8449  -1.6940   0.0000
     9  29.4276   1.3447   0.0000
    10  29.8918   1.3554   0.0000
    11  37.0770   1.7524   0.0000
    12  39.6061   1.8390   0.0000
    13  41.0216   1.9234   0.0000
    14  44.8094   2.0915   0.0000
    15  53.9399   2.3747   0.0000
    16  55.8977   2.2434   0.0000
    17  60.1165   2.5064   0.0000
    18  60.2105   2.2231   0.0000
    19  62.8686   2.2947   0.0000
    20  69.3824   2.2232   0.0000
    21  72.3811   2.3380   0.0000
    22  72.5595   2.4231   0.0000
    23  74.1865   2.3871   0.0000
    24  87.7235   2.7043   0.0000
    25  89.6640   2.5337   0.0000
    26  91.4906   2.4756   0.0000
    27  92.2325   2.5749   0.0000
    28  95.1772   2.6222   0.0000
    29  96.8301   2.5888   0.0000
    30  97.2839   2.6395   0.0000
    31 102.8842   2.7186   0.0000
    32 104.3145   2.7436   0.0000
    33 104.4723   2.5605   0.0000
    34 106.5859   2.6770   0.0000
    35 115.8693   2.9551   0.0000
    36 115.8676   2.4337   0.0000
    37 117.2930   2.5902   0.0000
    38 120.6451   2.9707   0.0000
    39 123.6303   2.8339   0.0000
    40 125.6364   2.6158   0.0000
    41 127.0284   2.7873   0.0000
    42 130.4290   2.8393   0.0000
    43 132.3811   2.9993   0.0000
    44 137.0250   2.7553   0.0000
    45 139.6783   2.7619   0.0000
    46 140.5439   2.9113   0.0000
    47 144.5212   2.9858   0.0000
    48 147.0237   2.7907   0.0000
    49 149.3836   2.7046   0.0000
    50 149.5339   2.7500   0.0000
    51 149.6673   2.7080   0.0000
    52 155.9982   2.9828   0.0000
    53 157.7802   2.9891   0.0000
    54 162.2442   2.8703   0.0000
    55 162.1689   2.6961   0.0000
    56 164.9699   2.8439   0.0000
    57 165.2042   3.0010   0.0000
    58 167.7018   2.8028   0.0000
    59 168.6729   2.8072   0.0000
    60 172.5283   3.0445   0.0000
  0.375000  0.375000  0.000000
  60
     1 -64.5665  -6.4378   0.0000
     2 -30.1507  -3.8897   0.0000
     3 -29.7471  -3.9161   0.0000
     4 -29.7471  -3.9161   0.0000
     5  -8.7173  -3.1893   0.0000
     6   4.1196  -1.8422   0.0000
     7   8.4675  -1.7233   0.0000
     8   8.4675  -1.7233   0.0000
     9  23.2123   1.3108   0.0000
    10  32.4433   1.5132   0.0000
    11  35.4753   1.6984   0.0000
    12  42.9588   2.0084   0.0000
    13  42.9588   2.0084   0.0000
    14  48.4490   2.0056   0.0000
    15  57.1895   2.3309   0.0000
    16  57.4456   2.3644   0.0000
    17  57.4456   2.3644   0.0000
    18  63.1509   2.1077   0.0000
    19  64.3620   2.2013   0.0000
    20  64.3620   2.2013   0.0000
    21  65.3755   2.3059   0.0000
    22  71.1272   2.4419   0.0000
    23  80.8263   2.6805   0.0000
    24  80.8263   2.6805   0.0000
    25  88.9232   2.3047   0.0000
    26  89.4513   2.6928   0.0000
    27  89.4513   2.6928   0.0000
    28  92.8204   2.4670   0.0000
    29  93.7500   2.5821   0.0000
    30  96.2750   2.7307   0.0000
    31 107.5215   2.6018   0.0000
    32 111.2713   2.7389   0.0000
    33 111.2327   2.4922   0.0000
    34 111.2327   2.4922   0.0000
    35 114.0075   2.9378   0.0000
    36 114.0896   2.6819   0.0000
    37 118.2852   2.4577   0.0000
    38 118.9952   2.7566   0.0000
    39 124.1765   2.7319   0.0000
    40 124.1765   2.7319   0.0000
    41 126.9140   3.0768   0.0000
    42 126.9140   3.0768   0.0000
    43 126.6621   2.6717   0.0000
    44 131.4870   2.7252   0.0000
    45 139.4214   2.7818   0.0000
    46 139.4214   2.7818   0.0000
    47 141.6246   2.8329   0.0000
    48 151.3140   3.0860   0.0000
    49 151.3140   3.0860   0.0000
    50 153.1974   2.9541   0.0000
    51 154.1927   2.8689   0.0000
    52 159.3409   2.5661   0.0000
    53 163.2840   2.9028   0.0000
    54 163.2840   2.9028   0.0000
    55 164.9526   3.0199   0.0000
    56 164.8754   2.8202   0.0000
    57 164.8754   2.8202   0.0000
    58 165.8903   2.6816   0.0000
    59 176.1197   2.9922   0.0000
    60 176.2679   3.0918   0.0000
  0.500000  0.375000  0.000000
  60
     1 -64.5445  -6.4401   0.0000
     2 -30.1826  -3.8861   0.0000
     3 -29.8290  -3.9115   0.0000
     4 -29.7554  -3.9151   0.0000
     5  -8.1889  -3.1963   0.0000
     6   3.7392  -1.8451   0.0000
     7   7.4449  -1.6966   0.0000
     8   8.2795  -1.7301   0.0000
     9  23.7406   1.2644   0.0000
    10  33.1939   1.5860   0.0000
    11  34.5693   1.6217   0.0000
    12  43.5611   2.0476   0.0000
    13  44.0545   2.0836   0.0000
    14  50.8306   2.1220   0.0000
    15  54.1640   2.1293   0.0000
    16  56.2642   2.2597   0.0000
    17  57.1846   2.3374   0.0000
    18  63.7483   2.1417   0.0000
    19  65.0096   2.3861   0.0000
    20  67.6665   2.1778   0.0000
    21  71.2790   2.1737   0.0000
    22  74.2150   2.5111   0.0000
    23  75.2798   2.5649   0.0000
    24  78.5594   2.6656   0.0000
    25  82.0377   2.4556   0.0000
    26  86.5496   2.4498   0.0000
    27  87.3870   2.7204   0.0000
    28  95.8979   2.6906   0.0000
    29  96.2947   2.5585   0.0000
    30  97.7368   2.6247   0.0000
    31 101.4154   2.5987   0.0000
    32 105.7928   2.6261   0.0000
    33 110.3470   2.4467   0.0000
    34 112.1678   3.0809   0.0000
    35 112.6433   2.6421   0.0000
    36 113.1246   2.5857   0.0000
    37 113.5595   2.7273   0.0000
    38 116.9457   2.6823   0.0000
    39 123.3725   2.6047   0.0000
    40 128.8376   2.8564   0.0000
    41 129.8688   3.1887   0.0000
    42 130.7530   2.8171   0.0000
    43 133.4258   2.8798   0.0000
    44 136.1036   2.7392   0.0000
    45 141.4304   2.7677   0.0000
    46 143.9099   2.8026   0.0000
    47 147.2943   3.0156   0.0000
    48 150.6227   2.8435   0.0000
    49 152.1292   2.7906   0.0000
    50 154.2940   2.8563   0.0000
    51 155.3436   2.9173   0.0000
    52 158.2912   2.9302   0.0000
    53 158.6177   2.7317   0.0000
    54 160.4037   2.7064   0.0000
    55 164.8957   2.8923   0.0000
    56 166.2298   3.0774   0.0000
    57 167.2255   3.0697   0.0000
    58 170.8651   2.8808   0.0000
    59 172.5431   3.0356   0.0000
    60 173.2849   2.8121   0.0000
 -0.375000  0.375000  0.000000
  60
     1 -64.5411  -6.4405   0.0000
     2 -30.0962  -3.8901   0.0000
     3 -29.9978  -3.9044   0.0000
     4 -29.7118  -3.9167   0.0000
     5  -7.8565  -3.2081   0.0000
     6   4.2920  -1.8018   0.0000
     7   5.6209  -1.7017   0.0000
     8   8.2891  -1.7237   0.0000
     9  26.0804   1.2901   0.0000
    10  32.8119   1.4809   0.0000
    11  34.9878   1.6906   0.0000
    12  42.7022   2.0141   0.0000
    13  43.5693   2.0472   0.0000
    14  47.7087   2.0183   0.0000
    15  54.8843   2.2414   0.0000
    16  56.6197   2.4046   0.0000
    17  56.6596   2.3098   0.0000
    18  63.8689   2.1072   0.0000
    19  67.6012   2.2985   0.0000
    20  68.1295   2.3817   0.0000
    21  74.0756   2.3025   0.0000
    22  75.0120   2.3960   0.0000
    23  77.7695   2.6464   0.0000
    24  77.5423   2.4080   0.0000
    25  83.2292   2.3774   0.0000
    26  85.1532   2.3640   0.0000
    27  86.1398   2.6905   0.0000
    28  88.6226   2.4904   0.0000
    29  97.8243   2.7349   0.0000
    30  99.3519   2.6566   0.0000
    31 100.6024   2.6215   0.0000
    32 102.8988   2.7308   0.0000
    33 107.2136   2.5625   0.0000
    34 109.5995   3.1578   0.0000
    35 111.0528   2.4322   0.0000
    36 112.8740   2.5862   0.0000
    37 115.2986   2.7827   0.0000
    38 115.7706   2.8475   0.0000
    39 129.3208   2.6950   0.0000
    40 130.7003   3.1473   0.0000
    41 131.1364   2.9564   0.0000
    42 136.8628   2.5760   0.0000
    43 139.5560   2.7944   0.0000
    44 140.3818   2.7791   0.0000
    45 141.9756   2.9353   0.0000
    46 144.7318   2.7864   0.0000
    47 146.2610   2.7538   0.0000
    48 148.0059   2.8553   0.0000
    49 148.5341   2.7653   0.0000
    50 149.6660   2.8589   0.0000
    51 153.5449   2.9165   0.0000
    52 157.5315   2.9023   0.0000
    53 158.0862   2.9040   0.0000
    54 159.1047   2.7140   0.0000
    55 159.2882   2.7037   0.0000
    56 165.0022   3.0150   0.0000
    57 169.1306   3.0441   0.0000
    58 169.5470   2.9490   0.0000
    59 170.9228   2.9186   0.0000
    60 172.6515   3.0722   0.0000
  0.500000  0.500000  0.000000
  60
     1 -64.5374  -6.4408   0.0000
     2 -30.2220  -3.8822   0.0000
     3 -29.7845  -3.9138   0.0000
     4 -29.7845  -3.9138   0.0000
     5  -8.1848  -3.1938   0.0000
     6   3.3920  -1.8676   0.0000
     7   8.2038  -1.7367   0.0000
     8   8.2038  -1.7367   0.0000
     9  22.3952   1.2789   0.0000
    10  32.7082   1.6306   0.0000
    11  35.0302   1.6076   0.0000
    12  44.9579   2.1453   0.0000
    13  44.9579   2.1453   0.0000
    14  50.8018   2.0532   0.0000
    15  55.7116   2.2384   0.0000
    16  57.0736   2.1977   0.0000
    17  57.0736   2.1977   0.0000
    18  61.4142   2.2523   0.0000
    19  66.1658   2.1612   0.0000
    20  66.1658   2.1612   0.0000
    21  73.6304   2.5697   0.0000
    22  74.8377   2.1284   0.0000
    23  75.6866   2.2893   0.0000
    24  76.4597   2.6910   0.0000
    25  76.4597   2.6910   0.0000
    26  87.6002   2.7733   0.0000
    27  87.6002   2.7733   0.0000
    28  94.2729   2.4923   0.0000
    29  94.6815   2.6786   0.0000
    30 100.1193   2.5266   0.0000
    31 106.9380   2.5972   0.0000
    32 109.7698   2.9143   0.0000
    33 109.4415   2.4297   0.0000
    34 109.4415   2.4297   0.0000
    35 111.0364   2.6600   0.0000
    36 113.3290   2.8574   0.0000
    37 113.3309   2.7250   0.0000
    38 117.5340   2.4521   0.0000
    39 123.4058   2.7242   0.0000
    40 123.4058   2.7242   0.0000
    41 125.8713   2.6664   0.0000
    42 131.5171   3.3113   0.0000
    43 131.5171   3.3113   0.0000
    44 134.4409   2.7742   0.0000
    45 147.9146   2.8430   0.0000
    46 147.9146   2.8430   0.0000
    47 149.3868   2.7184   0.0000
    48 151.7373   2.8095   0.0000
    49 151.7373   2.8095   0.0000
    50 156.3233   2.8343   0.0000
    51 156.3233   2.8343   0.0000
    52 159.5134   2.8688   0.0000
    53 160.2414   3.0050   0.0000
    54 164.1735   2.8633   0.0000
    55 165.7979   3.0620   0.0000
    56 168.5414   3.2280   0.0000
    57 168.5414   3.2280   0.0000
    58 168.5064   2.9997   0.0000
    59 169.7324   2.4535   0.0000
    60 172.5877   2.7959   0.0000
  0.375000  0.250000  0.125000
  60
     1 -64.6219  -6.4320   0.0000
     2 -30.0540  -3.9040   0.0000
     3 -29.7072  -3.9178   0.0000
     4 -29.5977  -3.9237   0.0000
     5  -9.6285  -3.1878   0.0000
     6   5.6574  -1.7848   0.0000
     7   8.3501  -1.6586   0.0000
     8   9.1196  -1.6880   0.0000
     9  27.2047   1.3574   0.0000
    10  30.4202   1.3429   0.0000
    11  37.2540   1.7559   0.0000
    12  38.3042   1.7960   0.0000
    13  40.1115   1.8864   0.0000
    14  45.1222   2.0115   0.0000
    15  52.8539   2.2256   0.0000
    16  55.3995   2.3587   0.0000
    17  58.4478   2.3206   0.0000
    18  59.5449   2.4811   0.0000
    19  62.5748   2.2912   0.0000
    20  67.2893   2.2992   0.0000
    21  70.2418   2.3361   0.0000
    22  75.7084   2.5012   0.0000
    23  77.8373   2.4601   0.0000
    24  82.6931   2.4982   0.0000
    25  89.3366   2.6888   0.0000
    26  94.0319   2.6420   0.0000
    27  96.5274   2.6643   0.0000
    28  97.5802   2.6349   0.0000
    29  99.0651   2.6466   0.0000
    30 105.4236   2.6308   0.0000
    31 106.4338   2.5143   0.0000
    32 108.0449   2.4984   0.0000
    33 108.8901   2.6280   0.0000
    34 109.4557   2.7135   0.0000
    35 110.1130   2.5479   0.0000
    36 115.0711   2.8018   0.0000
    37 117.0000   2.8236   0.0000
    38 119.5088   2.8515   0.0000
    39 124.1873   2.6296   0.0000
    40 127.0885   2.8032   0.0000
    41 129.3351   2.8512   0.0000
    42 129.8429   2.8351   0.0000
    43 130.3490   2.6733   0.0000
    44 131.3844   2.7923   0.0000
    45 131.9639   2.6343   0.0000
    46 137.4551   2.8037   0.0000
    47 137.9688   2.7359   0.0000
    48 143.4083   2.8633   0.0000
    49 145.6378   2.7733   0.0000
    50 146.9923   3.0591   0.0000
    51 148.0665   3.0579   0.0000
    52 154.3995   2.8926   0.0000
    53 154.8688   2.6528   0.0000
    54 158.9212   2.7818   0.0000
    55 160.8688   2.8373   0.0000
    56 163.5375   2.9525   0.0000
    57 167.0879   3.0173   0.0000
    58 170.2635   3.0385   0.0000
    59 171.3214   2.9421   0.0000
    60 173.1446   2.7881   0.0000
  0.500000  0.250000  0.125000
  60
     1 -64.5790  -6.4366   0.0000
     2 -30.2058  -3.8957   0.0000
     3 -29.7780  -3.9116   0.0000
     4 -29.6327  -3.9208   0.0000
     5  -8.4771  -3.1993   0.0000
     6   4.1102  -1.7908   0.0000
     7   7.2204  -1.6786   0.0000
     8   8.5845  -1.6976   0.0000
     9  27.6919   1.2976   0.0000
    10  31.1281   1.4172   0.0000
    11  36.7356   1.7474   0.0000
    12  39.8356   1.8498   0.0000
    13  41.8870   1.9616   0.0000
    14  46.3791   2.1182   0.0000
    15  53.4180   2.3382   0.0000
    16  56.2491   2.1820   0.0000
    17  58.9298   2.3902   0.0000
    18  60.9544   2.2470   0.0000
    19  62.2951   2.3740   0.0000
    20  68.8803   2.2798   0.0000
    21  71.4477   2.3217   0.0000
    22  73.3136   2.4071   0.0000
    23  78.6646   2.4875   0.0000
    24  84.3980   2.5485   0.0000
    25  86.2113   2.4749   0.0000
    26  89.4204   2.5317   0.0000
    27  91.8238   2.5540   0.0000
    28  95.8774   2.6953   0.0000
    29  97.7280   2.5610   0.0000
    30  99.3221   2.7180   0.0000
    31 101.9844   2.7728   0.0000
    32 104.4658   2.5512   0.0000
    33 105.9183   2.5873   0.0000
    34 108.1537   2.6783   0.0000
    35 108.9871   2.6440   0.0000
    36 116.1837   2.8541   0.0000
    37 118.4137   2.8561   0.0000
    38 121.7457   2.7077   0.0000
    39 123.8674   2.8672   0.0000
    40 127.5891   2.7590   0.0000
    41 129.3093   2.6996   0.0000
    42 130.2718   2.7154   0.0000
    43 133.0558   2.7979   0.0000
    44 136.5393   2.8136   0.0000
    45 136.9248   2.9314   0.0000
    46 139.5617   2.7796   0.0000
    47 142.4657   2.8336   0.0000
    48 148.7544   2.8977   0.0000
    49 149.0971   2.8265   0.0000
    50 151.6460   2.9048   0.0000
    51 154.3874   2.7327   0.0000
    52 155.9425   2.8019   0.0000
    53 157.3147   2.8476   0.0000
    54 158.2517   3.0179   0.0000
    55 161.8151   2.8329   0.0000
    56 164.0416   2.9226   0.0000
    57 167.2489   2.9289   0.0000
    58 170.3656   2.8134   0.0000
    59 171.6424   3.0403   0.0000
    60 174.6227   2.7896   0.0000
 -0.375000  0.250000  0.125000
  60
     1 -64.5612  -6.4385   0.0000
     2 -30.2702  -3.8922   0.0000
     3 -29.7947  -3.9093   0.0000
     4 -29.6562  -3.9194   0.0000
     5  -7.9217  -3.2176   0.0000
     6   3.3580  -1.7748   0.0000
     7   6.8122  -1.6993   0.0000
     8   8.3644  -1.7028   0.0000
     9  28.0509   1.2705   0.0000
    10  31.3170   1.4678   0.0000
    11  36.7965   1.7479   0.0000
    12  39.9236   1.8582   0.0000
    13  43.7912   2.0215   0.0000
    14  46.0909   2.1338   0.0000
    15  53.2601   2.3373   0.0000
    16  56.2800   2.1663   0.0000
    17  57.5757   2.2713   0.0000
    18  60.7620   2.2614   0.0000
    19  65.5676   2.4291   0.0000
    20  66.4882   2.3742   0.0000
    21  76.3511   2.2080   0.0000
    22  76.5607   2.4096   0.0000
    23  79.8625   2.3857   0.0000
    24  81.8766   2.4690   0.0000
    25  84.2622   2.6003   0.0000
    26  84.7550   2.5219   0.0000
    27  89.4907   2.4984   0.0000
    28  91.7605   2.5090   0.0000
    29  95.9723   2.6583   0.0000
    30  99.0007   2.7419   0.0000
    31 101.3470   2.7293   0.0000
    32 105.3478   2.7826   0.0000
    33 105.2619   2.5375   0.0000
    34 107.3639   2.6821   0.0000
    35 110.0214   2.7490   0.0000
    36 114.2327   2.8054   0.0000
    37 120.0431   2.9404   0.0000
    38 120.5064   2.7062   0.0000
    39 125.5196   2.8023   0.0000
    40 125.5486   2.7837   0.0000
    41 128.3468   2.6818   0.0000
    42 129.2458   2.6085   0.0000
    43 137.2911   2.9647   0.0000
    44 138.4045   2.9618   0.0000
    45 142.7185   2.8309   0.0000
    46 145.0814   2.9294   0.0000
    47 146.1788   2.9534   0.0000
    48 148.7767   2.7375   0.0000
    49 150.7554   2.6739   0.0000
    50 152.0726   2.7651   0.0000
    51 155.5112   2.8832   0.0000
    52 155.6424   2.7034   0.0000
    53 158.3838   2.8679   0.0000
    54 160.3961   2.9136   0.0000
    55 162.0107   2.9004   0.0000
    56 163.8146   2.8832   0.0000
    57 166.2721   2.8888   0.0000
    58 166.7840   3.0039   0.0000
    59 167.9867   2.8216   0.0000
    60 168.2657   2.8926   0.0000
  0.500000  0.375000  0.125000
  60
     1 -64.5619  -6.4383   0.0000
     2 -30.1541  -3.8921   0.0000
     3 -29.8062  -3.9111   0.0000
     4 -29.7279  -3.9168   0.0000
     5  -8.4052  -3.1955   0.0000
     6   4.1946  -1.8203   0.0000
     7   7.4189  -1.6806   0.0000
     8   8.1664  -1.7103   0.0000
     9  25.3496   1.2803   0.0000
    10  32.3468   1.4572   0.0000
    11  35.2910   1.7122   0.0000
    12  41.6857   1.9592   0.0000
    13  43.0297   1.9995   0.0000
    14  48.6130   2.1144   0.0000
    15  54.8150   2.1895   0.0000
    16  57.1227   2.3967   0.0000
    17  57.6248   2.3491   0.0000
    18  61.5307   2.1034   0.0000
    19  63.1213   2.3409   0.0000
    20  68.7444   2.1996   0.0000
    21  69.9454   2.3837   0.0000
    22  75.5167   2.4035   0.0000
    23  77.0418   2.5217   0.0000
    24  79.4846   2.6066   0.0000
    25  84.1220   2.5209   0.0000
    26  86.8353   2.5500   0.0000
    27  93.9350   2.3902   0.0000
    28  94.4619   2.5847   0.0000
    29  97.9070   2.7366   0.0000
    30  98.1552   2.8030   0.0000
    31 101.7941   2.5076   0.0000
    32 104.1675   2.6649   0.0000
    33 106.0837   2.5738   0.0000
    34 106.1671   2.6296   0.0000
    35 112.2582   2.7506   0.0000
    36 114.8171   2.9880   0.0000
    37 122.1286   2.6478   0.0000
    38 123.1501   2.8912   0.0000
    39 125.6925   2.7306   0.0000
    40 126.7703   2.5958   0.0000
    41 128.5495   2.7511   0.0000
    42 129.0514   2.9012   0.0000
    43 131.9303   2.8155   0.0000
    44 135.6459   2.7934   0.0000
    45 137.6168   2.7109   0.0000
    46 142.1096   3.1051   0.0000
    47 143.5764   2.7051   0.0000
    48 146.9925   2.7661   0.0000
    49 150.4871   2.8216   0.0000
    50 151.1958   3.0265   0.0000
    51 152.5102   2.9048   0.0000
    52 156.3897   2.7931   0.0000
    53 159.4306   2.9856   0.0000
    54 161.5529   2.9291   0.0000
    55 165.0365   3.0393   0.0000
    56 164.8589   2.6168   0.0000
    57 170.5334   2.9074   0.0000
    58 171.6007   3.0385   0.0000
    59 172.7470   2.8027   0.0000
    60 174.6711   2.8717   0.0000
 -0.375000  0.375000  0.125000
  60
     1 -64.5441  -6.4402   0.0000
     2 -30.1257  -3.8932   0.0000
     3 -29.9226  -3.9034   0.0000
     4 -29.7462  -3.9160   0.0000
     5  -7.8744  -3.2085   0.0000
     6   4.2803  -1.7837   0.0000
     7   5.9662  -1.7093   0.0000
     8   7.8692  -1.7105   0.0000
     9  27.2407   1.2996   0.0000
    10  31.6734   1.4359   0.0000
    11  35.4431   1.7089   0.0000
    12  41.0978   1.9431   0.0000
    13  44.5344   2.0635   0.0000
    14  47.5983   2.1226   0.0000
    15  54.5653   2.1806   0.0000
    16  56.9461   2.3653   0.0000
    17  57.5594   2.3636   0.0000
    18  61.5279   2.0816   0.0000
    19  66.7212   2.3676   0.0000
    20  70.4539   2.3951   0.0000
    21  72.5938   2.3591   0.0000
    22  74.5619   2.3568   0.0000
    23  78.3468   2.5720   0.0000
    24  80.8384   2.4160   0.0000
    25  81.4359   2.4171   0.0000
    26  84.3489   2.5370   0.0000
    27  89.1072   2.4744   0.0000
    28  91.0817   2.3805   0.0000
    29  96.5400   2.5461   0.0000
    30  98.3080   2.5908   0.0000
    31  99.3385   2.8494   0.0000
    32 102.3951   2.6360   0.0000
    33 103.8648   2.7852   0.0000
    34 106.4338   2.7378   0.0000
    35 110.3012   3.0138   0.0000
    36 114.2854   2.7928   0.0000
    37 120.4047   2.7052   0.0000
    38 123.9436   2.6576   0.0000
    39 126.4094   2.6678   0.0000
    40 129.6066   2.9666   0.0000
    41 132.9228   2.9144   0.0000
    42 136.3115   2.7665   0.0000
    43 136.9338   2.7218   0.0000
    44 138.0675   2.7868   0.0000
    45 140.3464   2.7424   0.0000
    46 142.0742   2.9296   0.0000
    47 146.5179   2.8699   0.0000
    48 147.0599   2.7593   0.0000
    49 149.1318   2.9042   0.0000
    50 150.6392   2.7812   0.0000
    51 154.2537   2.7502   0.0000
    52 154.9955   2.8907   0.0000
    53 158.5897   2.8713   0.0000
    54 160.5475   2.9013   0.0000
    55 162.0108   2.8706   0.0000
    56 164.5857   2.9858   0.0000
    57 167.5084   2.9757   0.0000
    58 171.5357   2.9268   0.0000
    59 172.3452   2.9026   0.0000
    60 173.0649   3.0423   0.0000
 -0.250000  0.375000  0.125000
  60
     1 -64.5512  -6.4395   0.0000
     2 -30.1209  -3.8978   0.0000
     3 -29.9502  -3.9001   0.0000
     4 -29.6945  -3.9178   0.0000
     5  -7.9067  -3.2105   0.0000
     6   4.4866  -1.7567   0.0000
     7   5.5918  -1.7254   0.0000
     8   8.0837  -1.7057   0.0000
     9  29.5067   1.3643   0.0000
    10  29.6981   1.3586   0.0000
    11  36.2415   1.7332   0.0000
    12  40.7939   1.9336   0.0000
    13  44.0413   1.9885   0.0000
    14  45.3697   2.0837   0.0000
    15  55.6966   2.2484   0.0000
    16  56.4760   2.4200   0.0000
    17  57.7977   2.3673   0.0000
    18  62.2914   2.1124   0.0000
    19  64.2268   2.3237   0.0000
    20  71.2761   2.3765   0.0000
    21  72.4102   2.4147   0.0000
    22  74.8085   2.2215   0.0000
    23  77.3195   2.5343   0.0000
    24  81.0498   2.4598   0.0000
    25  84.4046   2.6088   0.0000
    26  87.8061   2.3517   0.0000
    27  89.8243   2.4892   0.0000
    28  90.9712   2.4977   0.0000
    29  91.8017   2.5108   0.0000
    30  99.8779   2.7737   0.0000
    31 101.5602   2.8515   0.0000
    32 102.4064   2.4661   0.0000
    33 103.7152   2.6546   0.0000
    34 106.3763   2.9885   0.0000
    35 108.2401   2.7474   0.0000
    36 115.1988   2.8598   0.0000
    37 120.2284   2.8534   0.0000
    38 123.9987   2.6215   0.0000
    39 127.6134   2.5567   0.0000
    40 130.1377   2.9568   0.0000
    41 132.8269   2.8977   0.0000
    42 133.7166   2.9695   0.0000
    43 135.2256   2.7706   0.0000
    44 139.3408   2.7379   0.0000
    45 139.9607   2.7000   0.0000
    46 142.3800   2.7831   0.0000
    47 143.0004   2.8037   0.0000
    48 147.7235   2.7932   0.0000
    49 149.1766   2.7337   0.0000
    50 150.7425   2.9127   0.0000
    51 153.6976   2.9539   0.0000
    52 154.3617   2.9342   0.0000
    53 160.8541   2.9278   0.0000
    54 162.5262   2.8621   0.0000
    55 163.6383   2.8705   0.0000
    56 165.7721   2.8048   0.0000
    57 166.7304   2.8125   0.0000
    58 168.6283   2.9270   0.0000
    59 170.2645   2.9168   0.0000
    60 171.9417   3.0533   0.0000
 -0.375000  0.500000  0.125000
  60
     1 -64.5371  -6.4409   0.0000
     2 -30.1571  -3.8863   0.0000
     3 -29.8476  -3.9085   0.0000
     4 -29.8069  -3.9146   0.0000
     5  -7.9745  -3.2007   0.0000
     6   3.8467  -1.8332   0.0000
     7   7.0877  -1.6915   0.0000
     8   7.7121  -1.7196   0.0000
     9  24.6871   1.2510   0.0000
    10  33.6394   1.5286   0.0000
    11  33.8821   1.6605   0.0000
    12  42.5696   2.0122   0.0000
    13  45.2550   2.1464   0.0000
    14  50.9371   2.1498   0.0000
    15  52.6731   2.1297   0.0000
    16  56.5045   2.3032   0.0000
    17  57.7971   2.2404   0.0000
    18  63.6952   2.0937   0.0000
    19  66.3952   2.4036   0.0000
    20  69.1031   2.2061   0.0000
    21  71.9982   2.3972   0.0000
    22  75.1609   2.6106   0.0000
    23  76.7753   2.4826   0.0000
    24  77.8828   2.4630   0.0000
    25  79.8006   2.3333   0.0000
    26  84.8071   2.6373   0.0000
    27  85.2504   2.4988   0.0000
    28  96.6148   2.7443   0.0000
    29  98.2601   2.4717   0.0000
    30  99.6061   2.7560   0.0000
    31  99.8148   2.4521   0.0000
    32 101.3495   2.6190   0.0000
    33 105.3423   2.5718   0.0000
    34 105.8397   2.6361   0.0000
    35 110.6037   3.2189   0.0000
    36 114.2341   2.7764   0.0000
    37 121.8387   2.5909   0.0000
    38 122.4726   2.5226   0.0000
    39 123.7942   2.6101   0.0000
    40 127.4304   2.8566   0.0000
    41 130.7953   3.0323   0.0000
    42 131.9651   2.6862   0.0000
    43 132.9480   3.2062   0.0000
    44 142.5745   2.8143   0.0000
    45 143.6853   2.8395   0.0000
    46 146.8711   2.9566   0.0000
    47 146.7803   2.7276   0.0000
    48 148.0534   2.7900   0.0000
    49 151.2463   2.8892   0.0000
    50 152.0732   2.7055   0.0000
    51 152.8647   2.8405   0.0000
    52 157.5761   2.9698   0.0000
    53 158.4610   2.6530   0.0000
    54 160.1316   2.8704   0.0000
    55 164.1756   2.8609   0.0000
    56 166.4857   3.0147   0.0000
    57 167.1715   3.0614   0.0000
    58 168.3678   3.1696   0.0000
    59 169.4030   2.9018   0.0000
    60 172.6994   2.9983   0.0000
 -0.250000  0.500000  0.250000
  60
     1 -64.5368  -6.4409   0.0000
     2 -30.0014  -3.8968   0.0000
     3 -30.0014  -3.8968   0.0000
     4 -29.8293  -3.9154   0.0000
     5  -7.7557  -3.2093   0.0000
     6   5.1825  -1.7476   0.0000
     7   5.1825  -1.7476   0.0000
     8   7.2251  -1.7041   0.0000
     9  29.5306   1.3589   0.0000
    10  29.5306   1.3589   0.0000
    11  35.5698   1.7153   0.0000
    12  40.2060   1.9068   0.0000
    13  46.7002   2.1486   0.0000
    14  46.7002   2.1486   0.0000
    15  53.8743   2.1536   0.0000
    16  57.5431   2.3808   0.0000
    17  59.2799   2.4338   0.0000
    18  61.0451   1.8844   0.0000
    19  69.0099   2.4087   0.0000
    20  69.0099   2.4087   0.0000
    21  73.9778   2.5439   0.0000
    22  74.0136   2.4097   0.0000
    23  74.0136   2.4097   0.0000
    24  82.3509   2.5298   0.0000
    25  86.4507   2.3205   0.0000
    26  86.4507   2.3205   0.0000
    27  87.8246   2.4389   0.0000
    28  88.2108   2.3684   0.0000
    29  93.0714   2.5775   0.0000
    30  93.0714   2.5775   0.0000
    31 100.0561   2.9456   0.0000
    32  99.8612   2.5628   0.0000
    33 105.6924   2.6399   0.0000
    34 107.0828   3.0429   0.0000
    35 107.0828   3.0429   0.0000
    36 115.3436   2.8239   0.0000
    37 124.9699   2.6404   0.0000
    38 124.9699   2.6404   0.0000
    39 127.7711   2.9729   0.0000
    40 135.2790   2.6840   0.0000
    41 135.2790   2.6840   0.0000
    42 137.0344   2.7633   0.0000
    43 138.5698   2.7419   0.0000
    44 138.7136   2.5626   0.0000
    45 140.5764   2.9845   0.0000
    46 140.5764   2.9845   0.0000
    47 140.8721   2.9167   0.0000
    48 141.2411   2.8243   0.0000
    49 150.7846   2.8302   0.0000
    50 150.7846   2.8302   0.0000
    51 154.1839   2.8080   0.0000
    52 155.2486   2.9081   0.0000
    53 155.9403   2.8869   0.0000
    54 164.0357   2.7843   0.0000
    55 164.0357   2.7843   0.0000
    56 164.5815   2.8640   0.0000
    57 167.8718   3.1559   0.0000
    58 168.5111   3.0801   0.0000
    59 168.5111   3.0801   0.0000
    60 176.6893   2.9817   0.0000
