          29           1
  0.000000  0.000000  0.000000
  60
     1 -67.8490  -6.4343   0.0000
     2 -32.7364  -3.9350   0.0000
     3 -32.7364  -3.9350   0.0000
     4 -32.7364  -3.9350   0.0000
     5 -13.5999  -3.1046   0.0000
     6   7.5405  -1.6207   0.0000
     7   7.5405  -1.6207   0.0000
     8   7.5405  -1.6207   0.0000
     9  20.3509   1.0355   0.0000
    10  28.7682   1.5597   0.0000
    11  28.7682   1.5597   0.0000
    12  28.7682   1.5597   0.0000
    13  33.8621   1.5911   0.0000
    14  36.6906   1.7603   0.0000
    15  36.6906   1.7603   0.0000
    16  44.9882   2.3220   0.0000
    17  44.9883   2.3221   0.0000
    18  44.9883   2.3221   0.0000
    19  62.2363   2.3827   0.0000
    20  62.2363   2.3827   0.0000
    21  62.2363   2.3827   0.0000
    22  66.3439   2.2675   0.0000
    23  76.2309   2.3000   0.0000
    24  76.2309   2.3000   0.0000
    25  76.2309   2.3000   0.0000
    26  82.9990   2.2854   0.0000
    27  82.9990   2.2854   0.0000
    28  84.0492   2.4791   0.0000
    29  84.0492   2.4791   0.0000
    30  84.0492   2.4791   0.0000
    31  97.4143   2.4969   0.0000
    32  97.4143   2.4969   0.0000
    33  98.4234   2.5805   0.0000
    34 107.4830   2.3404   0.0000
    35 107.4830   2.3404   0.0000
    36 107.4830   2.3404   0.0000
    37 109.0548   2.6662   0.0000
    38 109.0548   2.6663   0.0000
    39 109.0548   2.6663   0.0000
    40 115.1413   2.7119   0.0000
    41 115.1413   2.7119   0.0000
    42 115.1413   2.7119   0.0000
    43 117.0266   2.6341   0.0000
    44 117.0266   2.6341   0.0000
    45 117.0266   2.6341   0.0000
    46 118.9717   2.6072   0.0000
    47 118.9717   2.6072   0.0000
    48 118.9717   2.6072   0.0000
    49 119.4561   2.3945   0.0000
    50 122.6075   2.2823   0.0000
    51 122.6075   2.2823   0.0000
    52 122.6075   2.2823   0.0000
    53 123.6240   2.2037   0.0000
    54 123.6240   2.2037   0.0000
    55 124.1531   2.4223   0.0000
    56 124.1531   2.4223   0.0000
    57 124.1531   2.4223   0.0000
    58 125.9578   2.6134   0.0000
    59 129.2633   2.4020   0.0000
    60 140.3218   2.9989   0.0000
  0.125000  0.000000  0.000000
  60
     1 -67.8399  -6.4354   0.0000
     2 -32.8032  -3.9308   0.0000
     3 -32.7406  -3.9342   0.0000
     4 -32.7406  -3.9342   0.0000
     5 -13.2503  -3.1028   0.0000
     6   6.4070  -1.6036   0.0000
     7   7.3284  -1.6183   0.0000
     8   7.3284  -1.6183   0.0000
     9  21.1404   1.0479   0.0000
    10  26.7834   1.4581   0.0000
    11  29.4090   1.5761   0.0000
    12  29.4090   1.5761   0.0000
    13  36.2769   1.7840   0.0000
    14  36.2769   1.7840   0.0000
    15  37.3932   1.6954   0.0000
    16  44.5989   2.2738   0.0000
    17  46.3861   2.3203   0.0000
    18  46.3861   2.3203   0.0000
    19  59.8549   2.2873   0.0000
    20  61.5120   2.3187   0.0000
    21  61.5120   2.3187   0.0000
    22  68.1103   2.3048   0.0000
    23  72.3226   2.3219   0.0000
    24  72.3226   2.3219   0.0000
    25  78.2053   2.3965   0.0000
    26  80.5840   2.3172   0.0000
    27  80.5840   2.3172   0.0000
    28  84.5767   2.4834   0.0000
    29  92.5438   2.4983   0.0000
    30  92.5438   2.4983   0.0000
    31  95.8872   2.4901   0.0000
    32  95.8872   2.4901   0.0000
    33  97.5824   2.5625   0.0000
    34 102.7955   2.3704   0.0000
    35 103.8470   2.3946   0.0000
    36 103.8470   2.3946   0.0000
    37 105.2598   2.4848   0.0000
    38 108.6640   2.5521   0.0000
    39 108.6640   2.5521   0.0000
    40 108.9108   2.5925   0.0000
    41 108.9108   2.5925   0.0000
    42 110.0180   2.5902   0.0000
    43 115.5138   2.5139   0.0000
    44 115.7540   2.3294   0.0000
    45 115.7540   2.3294   0.0000
    46 117.5444   2.5087   0.0000
    47 119.3641   2.6145   0.0000
    48 121.7140   2.5394   0.0000
    49 121.7140   2.5394   0.0000
    50 124.6669   2.5628   0.0000
    51 124.6669   2.5628   0.0000
    52 126.0321   2.6177   0.0000
    53 126.0321   2.6177   0.0000
    54 127.0340   2.6506   0.0000
    55 127.8375   2.6621   0.0000
    56 130.3602   2.3789   0.0000
    57 134.0794   2.5907   0.0000
    58 134.6500   2.3417   0.0000
    59 134.6500   2.3417   0.0000
    60 140.0736   2.8604   0.0000
  0.250000  0.000000  0.000000
  60
     1 -67.8177  -6.4380   0.0000
     2 -32.9608  -3.9209   0.0000
     3 -32.7507  -3.9322   0.0000
     4 -32.7507  -3.9322   0.0000
     5 -12.3206  -3.1038   0.0000
     6   3.9347  -1.6309   0.0000
     7   6.8444  -1.6173   0.0000
     8   6.8444  -1.6173   0.0000
     9  21.8719   1.1545   0.0000
    10  25.9806   1.3333   0.0000
    11  30.7793   1.6145   0.0000
    12  30.7793   1.6145   0.0000
    13  36.1751   1.8253   0.0000
    14  36.1751   1.8253   0.0000
    15  40.7684   2.0070   0.0000
    16  46.1597   2.0116   0.0000
    17  49.4387   2.3593   0.0000
    18  49.4387   2.3593   0.0000
    19  56.7571   2.1493   0.0000
    20  58.2401   2.1270   0.0000
    21  58.2401   2.1270   0.0000
    22  68.6492   2.3728   0.0000
    23  68.6492   2.3728   0.0000
    24  71.0061   2.3296   0.0000
    25  81.7270   2.5651   0.0000
    26  81.7493   2.3280   0.0000
    27  81.7493   2.3280   0.0000
    28  86.1561   2.4967   0.0000
    29  89.7371   2.4746   0.0000
    30  89.7371   2.4746   0.0000
    31  91.4307   2.3650   0.0000
    32  95.4739   2.3588   0.0000
    33  97.8912   2.3844   0.0000
    34  97.8912   2.3844   0.0000
    35 101.7551   2.6055   0.0000
    36 101.7551   2.6055   0.0000
    37 101.7607   2.5727   0.0000
    38 103.1800   2.5559   0.0000
    39 105.7466   2.4551   0.0000
    40 105.7466   2.4551   0.0000
    41 108.8626   2.4615   0.0000
    42 108.8626   2.4615   0.0000
    43 113.4505   2.4232   0.0000
    44 113.6851   2.4162   0.0000
    45 113.6851   2.4162   0.0000
    46 116.0987   2.6145   0.0000
    47 123.3785   2.6435   0.0000
    48 124.6216   2.7039   0.0000
    49 124.6216   2.7039   0.0000
    50 126.8124   2.7677   0.0000
    51 129.3706   2.5880   0.0000
    52 129.3706   2.5880   0.0000
    53 135.2628   2.6359   0.0000
    54 135.2628   2.6359   0.0000
    55 137.0351   2.6830   0.0000
    56 138.4316   2.6494   0.0000
    57 140.6666   2.6061   0.0000
    58 140.6666   2.6061   0.0000
    59 143.1645   2.3557   0.0000
    60 148.9967   2.4413   0.0000
  0.375000  0.000000  0.000000
  60
     1 -67.7956  -6.4406   0.0000
     2 -33.1132  -3.9114   0.0000
     3 -32.7607  -3.9301   0.0000
     4 -32.7607  -3.9301   0.0000
     5 -11.2075  -3.1254   0.0000
     6   1.5790  -1.6634   0.0000
     7   6.3948  -1.6205   0.0000
     8   6.3948  -1.6205   0.0000
     9  21.3741   1.1628   0.0000
    10  27.4133   1.3774   0.0000
    11  31.5276   1.6424   0.0000
    12  31.5276   1.6424   0.0000
    13  37.8402   1.9124   0.0000
    14  37.8402   1.9124   0.0000
    15  40.0970   2.0700   0.0000
    16  49.3741   1.9948   0.0000
    17  51.6204   2.2769   0.0000
    18  51.6204   2.2769   0.0000
    19  53.8790   2.1111   0.0000
    20  53.8790   2.1111   0.0000
    21  58.3686   2.0342   0.0000
    22  69.2823   2.3647   0.0000
    23  69.2823   2.3647   0.0000
    24  73.5298   2.2690   0.0000
    25  79.0723   2.3780   0.0000
    26  81.9666   2.4160   0.0000
    27  81.9666   2.4160   0.0000
    28  84.2934   2.3320   0.0000
    29  84.2934   2.3320   0.0000
    30  86.0897   2.6407   0.0000
    31  88.7671   2.5248   0.0000
    32  90.8567   2.3709   0.0000
    33  92.4992   2.3526   0.0000
    34  92.4992   2.3526   0.0000
    35  97.4049   2.5154   0.0000
    36 101.4075   2.5382   0.0000
    37 101.4075   2.5382   0.0000
    38 101.6262   2.6630   0.0000
    39 106.9223   2.4276   0.0000
    40 106.9223   2.4276   0.0000
    41 112.9334   2.4880   0.0000
    42 114.5629   2.5427   0.0000
    43 114.5629   2.5427   0.0000
    44 115.4792   2.4891   0.0000
    45 116.7191   2.6002   0.0000
    46 116.7191   2.6002   0.0000
    47 123.3402   2.7666   0.0000
    48 123.7504   2.6855   0.0000
    49 123.7504   2.6855   0.0000
    50 131.8297   2.6751   0.0000
    51 137.1920   2.6755   0.0000
    52 137.1920   2.6755   0.0000
    53 140.2722   2.6326   0.0000
    54 143.0615   2.7186   0.0000
    55 143.0615   2.7186   0.0000
    56 145.0960   2.5719   0.0000
    57 145.0960   2.5719   0.0000
    58 145.9323   2.6105   0.0000
    59 145.9322   2.6105   0.0000
    60 146.3616   2.5885   0.0000
  0.500000  0.000000  0.000000
  60
     1 -67.7864  -6.4417   0.0000
     2 -33.1749  -3.9076   0.0000
     3 -32.7648  -3.9293   0.0000
     4 -32.7648  -3.9293   0.0000
     5 -10.6592  -3.1517   0.0000
     6   0.5744  -1.6613   0.0000
     7   6.2172  -1.6227   0.0000
     8   6.2172  -1.6227   0.0000
     9  21.1106   1.1468   0.0000
    10  28.2351   1.4276   0.0000
    11  31.6248   1.6490   0.0000
    12  31.6248   1.6490   0.0000
    13  39.4570   2.0021   0.0000
    14  39.4570   2.0021   0.0000
    15  39.6209   2.0655   0.0000
    16  49.2146   1.9658   0.0000
    17  49.7502   1.9037   0.0000
    18  49.7502   1.9037   0.0000
    19  54.1371   2.4161   0.0000
    20  54.1371   2.4161   0.0000
    21  65.6825   2.1282   0.0000
    22  67.7731   2.0374   0.0000
    23  71.5513   2.3645   0.0000
    24  71.5513   2.3645   0.0000
    25  77.1975   2.3509   0.0000
    26  77.1975   2.3509   0.0000
    27  78.9634   2.4156   0.0000
    28  82.9590   2.5931   0.0000
    29  86.9507   2.4324   0.0000
    30  86.9507   2.4324   0.0000
    31  88.8014   2.2624   0.0000
    32  88.8014   2.2624   0.0000
    33  91.0028   2.5603   0.0000
    34  91.7119   2.6359   0.0000
    35  93.4047   2.4002   0.0000
    36 100.9267   2.5287   0.0000
    37 100.9267   2.5287   0.0000
    38 101.6990   2.6855   0.0000
    39 106.6481   2.4017   0.0000
    40 106.6481   2.4017   0.0000
    41 113.2368   2.5671   0.0000
    42 114.8754   2.4154   0.0000
    43 116.1950   2.6270   0.0000
    44 116.1950   2.6270   0.0000
    45 119.0337   2.6768   0.0000
    46 119.0337   2.6768   0.0000
    47 123.3242   2.7054   0.0000
    48 131.1871   2.7677   0.0000
    49 131.1871   2.7677   0.0000
    50 131.9863   2.5809   0.0000
    51 131.9863   2.5809   0.0000
    52 136.1319   2.7883   0.0000
    53 139.9253   2.6349   0.0000
    54 141.9024   2.4801   0.0000
    55 143.9470   2.6865   0.0000
    56 143.9470   2.6865   0.0000
    57 148.7655   2.5479   0.0000
    58 148.7655   2.5479   0.0000
    59 152.5074   2.6242   0.0000
    60 152.5078   2.6242   0.0000
  0.125000  0.125000  0.000000
  60
     1 -67.8368  -6.4357   0.0000
     2 -32.7985  -3.9305   0.0000
     3 -32.7548  -3.9334   0.0000
     4 -32.7548  -3.9334   0.0000
     5 -13.1441  -3.1024   0.0000
     6   6.2891  -1.6071   0.0000
     7   7.1625  -1.6162   0.0000
     8   7.1625  -1.6162   0.0000
     9  21.4664   1.0493   0.0000
    10  25.7148   1.4489   0.0000
    11  29.9864   1.5852   0.0000
    12  29.9864   1.5852   0.0000
    13  34.8990   1.7789   0.0000
    14  37.3530   1.7783   0.0000
    15  38.3161   1.7004   0.0000
    16  45.5794   2.3242   0.0000
    17  45.5794   2.3242   0.0000
    18  46.8519   2.2837   0.0000
    19  60.0368   2.2643   0.0000
    20  60.7705   2.2934   0.0000
    21  60.7705   2.2934   0.0000
    22  68.9482   2.3298   0.0000
    23  73.0412   2.2949   0.0000
    24  73.5492   2.3706   0.0000
    25  73.5492   2.3706   0.0000
    26  76.8017   2.3084   0.0000
    27  84.0389   2.3564   0.0000
    28  89.7796   2.5152   0.0000
    29  89.7796   2.5152   0.0000
    30  95.1074   2.4989   0.0000
    31  95.2916   2.4927   0.0000
    32  96.6705   2.4567   0.0000
    33  98.2410   2.6063   0.0000
    34  98.9540   2.4575   0.0000
    35  98.9540   2.4575   0.0000
    36 103.7953   2.2346   0.0000
    37 106.3176   2.5102   0.0000
    38 106.3176   2.5102   0.0000
    39 108.7912   2.2941   0.0000
    40 109.1092   2.5672   0.0000
    41 112.7708   2.5600   0.0000
    42 112.7708   2.5600   0.0000
    43 114.0588   2.4897   0.0000
    44 114.0588   2.4897   0.0000
    45 114.5111   2.5493   0.0000
    46 115.8922   2.4789   0.0000
    47 119.3153   2.6491   0.0000
    48 119.5654   2.7685   0.0000
    49 123.6309   2.2680   0.0000
    50 124.9877   2.7063   0.0000
    51 124.9877   2.7063   0.0000
    52 126.2828   2.6597   0.0000
    53 126.8151   2.4285   0.0000
    54 126.8151   2.4285   0.0000
    55 128.1117   2.3344   0.0000
    56 133.2687   2.6719   0.0000
    57 133.2687   2.6719   0.0000
    58 136.5085   2.6526   0.0000
    59 140.3546   2.2531   0.0000
    60 140.7134   2.5889   0.0000
  0.250000  0.125000  0.000000
  60
     1 -67.8190  -6.4378   0.0000
     2 -32.9127  -3.9232   0.0000
     3 -32.7721  -3.9314   0.0000
     4 -32.7633  -3.9315   0.0000
     5 -12.4349  -3.1027   0.0000
     6   4.5314  -1.6307   0.0000
     7   6.6765  -1.6066   0.0000
     8   6.7273  -1.6179   0.0000
     9  22.5468   1.1424   0.0000
    10  24.4247   1.3333   0.0000
    11  31.0810   1.6269   0.0000
    12  31.3604   1.6281   0.0000
    13  33.8995   1.7716   0.0000
    14  37.8296   1.8275   0.0000
    15  42.1762   1.9147   0.0000
    16  46.1315   2.1360   0.0000
    17  47.5182   2.3218   0.0000
    18  49.3279   2.3451   0.0000
    19  56.8301   2.1420   0.0000
    20  57.8507   2.1474   0.0000
    21  60.8785   2.2141   0.0000
    22  68.0727   2.3449   0.0000
    23  68.1995   2.2829   0.0000
    24  72.5446   2.3913   0.0000
    25  74.7672   2.3660   0.0000
    26  79.8735   2.4544   0.0000
    27  83.9932   2.4397   0.0000
    28  89.4047   2.4074   0.0000
    29  91.5421   2.4513   0.0000
    30  92.4891   2.5236   0.0000
    31  93.9392   2.4819   0.0000
    32  95.2194   2.4864   0.0000
    33  95.5278   2.4468   0.0000
    34  98.1438   2.5554   0.0000
    35  98.8974   2.2949   0.0000
    36 101.2819   2.4793   0.0000
    37 102.9732   2.5101   0.0000
    38 102.9622   2.3309   0.0000
    39 105.6369   2.4934   0.0000
    40 106.2204   2.4167   0.0000
    41 109.1122   2.5219   0.0000
    42 110.6430   2.5261   0.0000
    43 111.6925   2.5790   0.0000
    44 113.6205   2.6117   0.0000
    45 117.0660   2.4515   0.0000
    46 120.5784   2.4601   0.0000
    47 121.9249   2.5617   0.0000
    48 122.5985   2.5172   0.0000
    49 123.0075   2.6592   0.0000
    50 125.6922   2.7644   0.0000
    51 125.8003   2.6780   0.0000
    52 128.0198   2.6376   0.0000
    53 128.0679   2.6608   0.0000
    54 135.8362   2.5404   0.0000
    55 137.6418   2.6180   0.0000
    56 140.8566   2.4497   0.0000
    57 141.7617   2.6237   0.0000
    58 142.4425   2.7204   0.0000
    59 142.4541   2.5829   0.0000
    60 146.4699   2.6426   0.0000
  0.375000  0.125000  0.000000
  60
     1 -67.7969  -6.4404   0.0000
     2 -33.0564  -3.9142   0.0000
     3 -32.7823  -3.9295   0.0000
     4 -32.7796  -3.9289   0.0000
     5 -11.4053  -3.1169   0.0000
     6   2.3712  -1.6597   0.0000
     7   6.0147  -1.6004   0.0000
     8   6.2973  -1.6235   0.0000
     9  22.1973   1.1841   0.0000
    10  25.8855   1.3131   0.0000
    11  31.0270   1.6542   0.0000
    12  32.2494   1.6672   0.0000
    13  35.2828   1.8196   0.0000
    14  39.1083   1.9252   0.0000
    15  42.4010   2.1017   0.0000
    16  49.7399   1.9965   0.0000
    17  50.6926   2.3084   0.0000
    18  50.7668   2.3075   0.0000
    19  52.7909   2.0283   0.0000
    20  56.5388   2.0868   0.0000
    21  59.9614   2.1334   0.0000
    22  66.1241   2.2560   0.0000
    23  67.6692   2.3515   0.0000
    24  75.1377   2.3726   0.0000
    25  76.8602   2.3841   0.0000
    26  79.5375   2.3744   0.0000
    27  82.6599   2.4713   0.0000
    28  84.4699   2.4011   0.0000
    29  84.9608   2.4066   0.0000
    30  87.0489   2.5201   0.0000
    31  90.2686   2.4182   0.0000
    32  92.3304   2.3715   0.0000
    33  94.1699   2.3635   0.0000
    34  95.0631   2.5566   0.0000
    35  97.9511   2.4277   0.0000
    36 100.4808   2.4762   0.0000
    37 100.9822   2.4276   0.0000
    38 103.4332   2.4601   0.0000
    39 104.5752   2.6493   0.0000
    40 106.8445   2.5137   0.0000
    41 110.7116   2.5302   0.0000
    42 112.7494   2.5922   0.0000
    43 114.6803   2.6503   0.0000
    44 115.7609   2.6777   0.0000
    45 119.3074   2.4889   0.0000
    46 119.3599   2.3999   0.0000
    47 122.5059   2.6412   0.0000
    48 125.3349   2.5751   0.0000
    49 125.6429   2.7922   0.0000
    50 129.0006   2.4432   0.0000
    51 131.9139   2.5187   0.0000
    52 133.1173   2.7536   0.0000
    53 136.4200   2.7288   0.0000
    54 137.1160   2.6689   0.0000
    55 143.1634   2.6896   0.0000
    56 143.9381   2.7714   0.0000
    57 144.2402   2.7769   0.0000
    58 148.4572   2.5879   0.0000
    59 150.0500   2.5947   0.0000
    60 150.5654   2.6829   0.0000
  0.500000  0.125000  0.000000
  60
     1 -67.7834  -6.4420   0.0000
     2 -33.1409  -3.9091   0.0000
     3 -32.8000  -3.9268   0.0000
     4 -32.7795  -3.9286   0.0000
     5 -10.6485  -3.1468   0.0000
     6   1.0017  -1.6571   0.0000
     7   5.5512  -1.6043   0.0000
     8   6.0999  -1.6265   0.0000
     9  21.9183   1.1509   0.0000
    10  27.3249   1.3867   0.0000
    11  30.7522   1.6513   0.0000
    12  32.3603   1.6804   0.0000
    13  37.6182   1.9170   0.0000
    14  39.9989   2.0029   0.0000
    15  41.8862   2.0965   0.0000
    16  49.2077   1.9476   0.0000
    17  49.3817   1.9969   0.0000
    18  50.8329   2.1261   0.0000
    19  54.3259   2.3466   0.0000
    20  56.0135   2.2524   0.0000
    21  64.1142   2.0688   0.0000
    22  69.1790   2.2226   0.0000
    23  70.2783   2.3476   0.0000
    24  70.6777   2.1714   0.0000
    25  74.7862   2.3089   0.0000
    26  77.5079   2.3353   0.0000
    27  79.6601   2.4102   0.0000
    28  80.4005   2.4704   0.0000
    29  84.4191   2.6017   0.0000
    30  85.4573   2.3564   0.0000
    31  86.5394   2.4942   0.0000
    32  90.3387   2.3541   0.0000
    33  92.0887   2.5157   0.0000
    34  95.9486   2.3976   0.0000
    35  97.3130   2.6183   0.0000
    36 100.4707   2.4093   0.0000
    37 100.9806   2.5170   0.0000
    38 101.5751   2.4302   0.0000
    39 105.4861   2.6391   0.0000
    40 105.4429   2.5114   0.0000
    41 109.1396   2.5390   0.0000
    42 113.9619   2.6562   0.0000
    43 119.2453   2.8352   0.0000
    44 119.5597   2.5395   0.0000
    45 119.9589   2.4688   0.0000
    46 123.4789   2.6014   0.0000
    47 124.7025   2.6526   0.0000
    48 129.0257   2.5515   0.0000
    49 131.9667   2.7193   0.0000
    50 132.4580   2.6308   0.0000
    51 132.6089   2.6374   0.0000
    52 134.6786   2.6430   0.0000
    53 139.1752   2.5927   0.0000
    54 140.9979   2.6175   0.0000
    55 141.5493   2.5161   0.0000
    56 141.9060   2.6619   0.0000
    57 145.7066   2.7700   0.0000
    58 146.8614   2.6890   0.0000
    59 148.2312   2.6489   0.0000
    60 150.4594   2.5613   0.0000
 -0.375000  0.125000  0.000000
  60
     1 -67.7864  -6.4417   0.0000
     2 -33.1219  -3.9104   0.0000
     3 -32.8112  -3.9265   0.0000
     4 -32.7653  -3.9294   0.0000
     5 -10.8147  -3.1383   0.0000
     6   1.3152  -1.6581   0.0000
     7   5.5017  -1.6025   0.0000
     8   6.2322  -1.6239   0.0000
     9  22.1005   1.1547   0.0000
    10  27.0561   1.3677   0.0000
    11  30.8801   1.6507   0.0000
    12  32.3106   1.6795   0.0000
    13  37.4098   1.8882   0.0000
    14  38.6786   1.9606   0.0000
    15  42.1101   2.1034   0.0000
    16  49.3710   1.9881   0.0000
    17  50.6683   2.2115   0.0000
    18  51.2263   2.0236   0.0000
    19  53.0883   2.2884   0.0000
    20  56.8142   2.2158   0.0000
    21  61.5303   2.0485   0.0000
    22  66.8358   2.2729   0.0000
    23  70.2079   2.3097   0.0000
    24  73.5047   2.1874   0.0000
    25  76.7354   2.3824   0.0000
    26  78.5611   2.3556   0.0000
    27  80.1699   2.4738   0.0000
    28  80.9306   2.3870   0.0000
    29  84.8323   2.3490   0.0000
    30  85.0730   2.4402   0.0000
    31  86.1128   2.6147   0.0000
    32  90.4477   2.4100   0.0000
    33  92.3347   2.4581   0.0000
    34  95.7103   2.4092   0.0000
    35  96.6636   2.5843   0.0000
    36 101.0446   2.4261   0.0000
    37 102.2917   2.5284   0.0000
    38 102.9336   2.4222   0.0000
    39 105.4486   2.5823   0.0000
    40 105.9273   2.5699   0.0000
    41 107.1956   2.4608   0.0000
    42 115.0494   2.7473   0.0000
    43 117.0226   2.7344   0.0000
    44 119.3420   2.5646   0.0000
    45 119.5998   2.5986   0.0000
    46 122.9187   2.5505   0.0000
    47 123.2083   2.5131   0.0000
    48 127.8829   2.5909   0.0000
    49 129.5319   2.6261   0.0000
    50 131.3364   2.6345   0.0000
    51 134.5777   2.7722   0.0000
    52 136.6776   2.6904   0.0000
    53 138.6986   2.6160   0.0000
    54 139.5506   2.5836   0.0000
    55 141.1191   2.6522   0.0000
    56 144.0696   2.6716   0.0000
    57 144.7530   2.5170   0.0000
    58 146.0905   2.6371   0.0000
    59 148.4903   2.5868   0.0000
    60 150.7221   2.7091   0.0000
 -0.250000  0.125000  0.000000
  60
     1 -67.8043  -6.4396   0.0000
     2 -33.0123  -3.9173   0.0000
     3 -32.8037  -3.9283   0.0000
     4 -32.7481  -3.9314   0.0000
     5 -11.7419  -3.1100   0.0000
     6   3.0821  -1.6509   0.0000
     7   5.9101  -1.5934   0.0000
     8   6.6372  -1.6193   0.0000
     9  22.6354   1.1747   0.0000
    10  25.4475   1.2967   0.0000
    11  31.1471   1.6411   0.0000
    12  31.7963   1.6523   0.0000
    13  34.9210   1.8048   0.0000
    14  37.7018   1.8941   0.0000
    15  42.6772   2.0867   0.0000
    16  47.9493   2.1326   0.0000
    17  50.3860   2.1759   0.0000
    18  51.1142   2.3927   0.0000
    19  52.9931   2.0067   0.0000
    20  57.9659   2.1186   0.0000
    21  60.1666   2.1290   0.0000
    22  65.1057   2.2979   0.0000
    23  67.3257   2.2830   0.0000
    24  74.2993   2.4080   0.0000
    25  77.6947   2.4093   0.0000
    26  82.3687   2.5571   0.0000
    27  82.8015   2.3829   0.0000
    28  85.3092   2.4323   0.0000
    29  87.6414   2.4110   0.0000
    30  88.9551   2.4072   0.0000
    31  89.5557   2.3746   0.0000
    32  92.9378   2.3894   0.0000
    33  94.3039   2.3874   0.0000
    34  94.5987   2.5255   0.0000
    35  97.4968   2.4628   0.0000
    36 101.8505   2.6197   0.0000
    37 103.2819   2.5643   0.0000
    38 104.6542   2.2755   0.0000
    39 105.8882   2.4752   0.0000
    40 106.6266   2.5499   0.0000
    41 107.6153   2.3825   0.0000
    42 110.8304   2.5369   0.0000
    43 112.6130   2.6775   0.0000
    44 114.8452   2.6379   0.0000
    45 117.1348   2.6521   0.0000
    46 120.7705   2.4650   0.0000
    47 122.8455   2.7651   0.0000
    48 125.7727   2.5447   0.0000
    49 126.6458   2.6578   0.0000
    50 127.0077   2.5536   0.0000
    51 128.7299   2.5392   0.0000
    52 134.7095   2.6652   0.0000
    53 134.7776   2.5574   0.0000
    54 138.1001   2.7325   0.0000
    55 138.8544   2.5606   0.0000
    56 139.6995   2.7382   0.0000
    57 144.1976   2.5527   0.0000
    58 145.3583   2.5861   0.0000
    59 148.5550   2.6883   0.0000
    60 149.1352   2.7915   0.0000
 -0.125000  0.125000  0.000000
  60
     1 -67.8264  -6.4370   0.0000
     2 -32.8794  -3.9257   0.0000
     3 -32.7750  -3.9315   0.0000
     4 -32.7378  -3.9333   0.0000
     5 -12.7167  -3.1020   0.0000
     6   5.1492  -1.6208   0.0000
     7   6.6837  -1.5989   0.0000
     8   7.1005  -1.6182   0.0000
     9  22.1701   1.0875   0.0000
    10  25.2683   1.3792   0.0000
    11  30.2075   1.6050   0.0000
    12  30.6622   1.6055   0.0000
    13  35.0451   1.7879   0.0000
    14  36.7828   1.8210   0.0000
    15  40.7897   1.8189   0.0000
    16  45.5474   2.2234   0.0000
    17  46.6191   2.2725   0.0000
    18  48.9188   2.3571   0.0000
    19  56.7907   2.1574   0.0000
    20  60.1161   2.2525   0.0000
    21  61.6713   2.2582   0.0000
    22  66.9051   2.2815   0.0000
    23  69.7102   2.2643   0.0000
    24  71.7424   2.4072   0.0000
    25  77.7211   2.3814   0.0000
    26  80.0053   2.4698   0.0000
    27  81.0038   2.3548   0.0000
    28  91.1318   2.5415   0.0000
    29  93.2013   2.5240   0.0000
    30  93.7410   2.4549   0.0000
    31  93.9933   2.4922   0.0000
    32  96.3784   2.5019   0.0000
    33  96.3311   2.3814   0.0000
    34  96.9981   2.3950   0.0000
    35  99.4932   2.4561   0.0000
    36 101.0993   2.3866   0.0000
    37 101.3078   2.5473   0.0000
    38 105.5252   2.4753   0.0000
    39 106.6973   2.5998   0.0000
    40 107.8194   2.2107   0.0000
    41 108.6007   2.4879   0.0000
    42 110.7143   2.6329   0.0000
    43 111.2183   2.3113   0.0000
    44 115.6863   2.5191   0.0000
    45 116.1165   2.5035   0.0000
    46 117.3135   2.7171   0.0000
    47 118.5494   2.6993   0.0000
    48 123.3184   2.8455   0.0000
    49 125.4069   2.4611   0.0000
    50 126.8147   2.6396   0.0000
    51 126.8332   2.4014   0.0000
    52 128.0529   2.4373   0.0000
    53 130.8645   2.5562   0.0000
    54 131.4859   2.5717   0.0000
    55 132.6315   2.5258   0.0000
    56 135.8048   2.8995   0.0000
    57 135.9010   2.7725   0.0000
    58 138.3496   2.6993   0.0000
    59 142.7550   2.3764   0.0000
    60 145.1780   2.3566   0.0000
  0.250000  0.250000  0.000000
  60
     1 -67.8074  -6.4391   0.0000
     2 -32.9308  -3.9200   0.0000
     3 -32.7997  -3.9296   0.0000
     4 -32.7997  -3.9296   0.0000
     5 -12.0374  -3.1046   0.0000
     6   3.8920  -1.6526   0.0000
     7   6.3767  -1.6238   0.0000
     8   6.3767  -1.6238   0.0000
     9  22.3305   1.3321   0.0000
    10  23.7488   1.1727   0.0000
    11  31.5762   1.7090   0.0000
    12  32.9132   1.6898   0.0000
    13  32.9132   1.6898   0.0000
    14  39.2857   1.8290   0.0000
    15  45.9073   1.8201   0.0000
    16  47.4408   2.3195   0.0000
    17  47.4408   2.3195   0.0000
    18  49.2422   2.3030   0.0000
    19  57.3038   2.1111   0.0000
    20  57.3038   2.1111   0.0000
    21  58.1045   2.1122   0.0000
    22  64.0992   2.2068   0.0000
    23  71.7092   2.4686   0.0000
    24  71.7092   2.4686   0.0000
    25  74.0543   2.3914   0.0000
    26  78.4098   2.3335   0.0000
    27  84.6150   2.5261   0.0000
    28  86.3680   2.4272   0.0000
    29  86.3680   2.4272   0.0000
    30  90.7580   2.1323   0.0000
    31  93.2640   2.4166   0.0000
    32  94.7355   2.4778   0.0000
    33  98.0027   2.6761   0.0000
    34  98.4052   2.6118   0.0000
    35  98.4052   2.6118   0.0000
    36 102.7223   2.3733   0.0000
    37 102.7223   2.3733   0.0000
    38 104.5397   2.3659   0.0000
    39 106.1584   2.4310   0.0000
    40 108.7958   2.5204   0.0000
    41 109.3585   2.4837   0.0000
    42 110.2814   2.5249   0.0000
    43 110.2814   2.5249   0.0000
    44 112.5736   2.4333   0.0000
    45 115.8769   2.5104   0.0000
    46 115.8769   2.5104   0.0000
    47 116.0937   2.6840   0.0000
    48 125.2184   2.6833   0.0000
    49 127.4836   2.9586   0.0000
    50 127.4836   2.9586   0.0000
    51 129.8074   2.7802   0.0000
    52 130.2097   2.3170   0.0000
    53 133.9364   2.4569   0.0000
    54 133.9364   2.4569   0.0000
    55 135.6548   2.3873   0.0000
    56 141.5988   2.6311   0.0000
    57 148.6128   2.7851   0.0000
    58 148.6128   2.7851   0.0000
    59 149.0475   2.7615   0.0000
    60 149.7361   2.7120   0.0000
  0.375000  0.250000  0.000000
  60
     1 -67.7897  -6.4411   0.0000
     2 -33.0142  -3.9143   0.0000
     3 -32.8269  -3.9266   0.0000
     4 -32.8173  -3.9277   0.0000
     5 -11.2954  -3.1155   0.0000
     6   2.6711  -1.6781   0.0000
     7   5.6286  -1.6067   0.0000
     8   6.0144  -1.6326   0.0000
     9  21.7520   1.2607   0.0000
    10  25.0305   1.2610   0.0000
    11  30.0013   1.6422   0.0000
    12  34.0982   1.7529   0.0000
    13  34.7715   1.7951   0.0000
    14  40.7410   1.9094   0.0000
    15  46.7944   2.1933   0.0000
    16  49.1057   2.2246   0.0000
    17  49.2099   2.2481   0.0000
    18  51.3383   1.9728   0.0000
    19  53.9672   2.0570   0.0000
    20  56.1507   2.0694   0.0000
    21  60.9944   2.1503   0.0000
    22  62.9486   2.1895   0.0000
    23  67.4439   2.3560   0.0000
    24  71.8274   2.4806   0.0000
    25  77.2185   2.3880   0.0000
    26  78.1436   2.3707   0.0000
    27  80.8211   2.4020   0.0000
    28  82.4581   2.4569   0.0000
    29  83.9631   2.5145   0.0000
    30  86.5779   2.2312   0.0000
    31  90.4801   2.3817   0.0000
    32  92.6517   2.4699   0.0000
    33  95.1427   2.4349   0.0000
    34  98.0356   2.6548   0.0000
    35  98.7079   2.3875   0.0000
    36  99.4632   2.3544   0.0000
    37 103.1167   2.4934   0.0000
    38 104.4202   2.5569   0.0000
    39 104.9914   2.6490   0.0000
    40 106.7626   2.5847   0.0000
    41 111.4163   2.5006   0.0000
    42 113.7062   2.5510   0.0000
    43 114.2035   2.4766   0.0000
    44 115.2957   2.5472   0.0000
    45 117.8587   2.6654   0.0000
    46 117.8093   2.4818   0.0000
    47 120.1309   2.4886   0.0000
    48 126.1097   2.7319   0.0000
    49 127.8319   2.8445   0.0000
    50 129.9058   2.6281   0.0000
    51 130.1820   2.4795   0.0000
    52 134.9209   2.6198   0.0000
    53 135.7173   2.6729   0.0000
    54 139.7705   2.7138   0.0000
    55 143.6013   2.7013   0.0000
    56 144.2528   2.7811   0.0000
    57 145.2311   2.5108   0.0000
    58 148.5068   2.6685   0.0000
    59 149.1195   2.4710   0.0000
    60 152.7272   2.8296   0.0000
  0.500000  0.250000  0.000000
  60
     1 -67.7762  -6.4427   0.0000
     2 -33.0704  -3.9113   0.0000
     3 -32.8726  -3.9223   0.0000
     4 -32.8148  -3.9270   0.0000
     5 -10.6008  -3.1388   0.0000
     6   1.8438  -1.6641   0.0000
     7   4.5046  -1.5993   0.0000
     8   5.8322  -1.6368   0.0000
     9  22.3508   1.2128   0.0000
    10  26.3281   1.3195   0.0000
    11  29.1862   1.6100   0.0000
    12  34.2265   1.7735   0.0000
    13  36.0214   1.8703   0.0000
    14  41.6889   2.0008   0.0000
    15  46.1988   2.1851   0.0000
    16  47.8325   1.9903   0.0000
    17  48.6330   2.1264   0.0000
    18  52.3489   2.0419   0.0000
    19  55.1030   2.2433   0.0000
    20  60.8184   2.2501   0.0000
    21  62.8791   2.0409   0.0000
    22  65.8128   2.1839   0.0000
    23  65.9858   2.2282   0.0000
    24  70.4592   2.2395   0.0000
    25  72.3306   2.4763   0.0000
    26  76.0499   2.3583   0.0000
    27  77.5089   2.2379   0.0000
    28  82.2384   2.4120   0.0000
    29  82.7014   2.4119   0.0000
    30  86.2269   2.4538   0.0000
    31  87.1974   2.6253   0.0000
    32  87.7832   2.4214   0.0000
    33  93.0892   2.3549   0.0000
    34  95.8157   2.6776   0.0000
    35  97.8864   2.3228   0.0000
    36  98.2658   2.5473   0.0000
    37 100.7327   2.5151   0.0000
    38 103.3268   2.4815   0.0000
    39 107.1450   2.6733   0.0000
    40 107.6506   2.5703   0.0000
    41 113.7877   2.5225   0.0000
    42 114.3227   2.6355   0.0000
    43 119.5418   2.4716   0.0000
    44 120.7819   2.6790   0.0000
    45 121.1019   2.8692   0.0000
    46 122.6928   2.4424   0.0000
    47 127.7070   2.4810   0.0000
    48 128.2421   2.6050   0.0000
    49 130.2812   2.5225   0.0000
    50 130.4737   2.5595   0.0000
    51 132.9075   2.5947   0.0000
    52 134.4632   2.7406   0.0000
    53 134.4195   2.5473   0.0000
    54 139.2010   2.7250   0.0000
    55 143.4237   2.6469   0.0000
    56 143.8609   2.7418   0.0000
    57 145.5563   2.7503   0.0000
    58 146.1269   2.6572   0.0000
    59 148.8505   2.5486   0.0000
    60 150.6335   2.7750   0.0000
 -0.375000  0.250000  0.000000
  60
     1 -67.7749  -6.4429   0.0000
     2 -33.0673  -3.9124   0.0000
     3 -32.9110  -3.9194   0.0000
     4 -32.7935  -3.9277   0.0000
     5 -10.4486  -3.1475   0.0000
     6   1.8799  -1.6375   0.0000
     7   3.8397  -1.6118   0.0000
     8   5.9215  -1.6331   0.0000
     9  23.3621   1.2131   0.0000
    10  26.1483   1.3171   0.0000
    11  29.6838   1.6164   0.0000
    12  34.0853   1.7793   0.0000
    13  36.7980   1.8872   0.0000
    14  38.3574   1.8556   0.0000
    15  45.9452   2.2014   0.0000
    16  48.7088   2.1371   0.0000
    17  49.2403   2.1781   0.0000
    18  52.9803   2.0466   0.0000
    19  55.8536   2.1482   0.0000
    20  58.8435   2.2076   0.0000
    21  63.6916   2.1832   0.0000
    22  66.3299   2.0473   0.0000
    23  69.3383   2.3243   0.0000
    24  71.4814   2.2513   0.0000
    25  72.4063   2.1698   0.0000
    26  74.8843   2.3513   0.0000
    27  75.3429   2.4209   0.0000
    28  80.7830   2.3747   0.0000
    29  83.1541   2.3850   0.0000
    30  84.9526   2.4639   0.0000
    31  87.1595   2.5144   0.0000
    32  87.7818   2.5512   0.0000
    33  90.9386   2.4065   0.0000
    34  92.9715   2.6739   0.0000
    35  98.5613   2.3320   0.0000
    36 100.5837   2.5767   0.0000
    37 101.2293   2.6233   0.0000
    38 101.4502   2.4373   0.0000
    39 108.7046   2.4678   0.0000
    40 110.3272   2.7149   0.0000
    41 111.6442   2.5579   0.0000
    42 114.2319   2.6707   0.0000
    43 119.5454   2.6682   0.0000
    44 122.3235   2.6626   0.0000
    45 123.1479   2.6105   0.0000
    46 124.6647   2.5422   0.0000
    47 127.8153   2.4468   0.0000
    48 129.3873   2.6847   0.0000
    49 130.2089   2.4895   0.0000
    50 131.5146   2.5133   0.0000
    51 133.8949   2.7042   0.0000
    52 134.1429   2.6685   0.0000
    53 137.5956   2.5188   0.0000
    54 139.3663   2.5907   0.0000
    55 140.7500   2.6621   0.0000
    56 141.6394   2.5530   0.0000
    57 142.7977   2.5850   0.0000
    58 145.4323   2.7243   0.0000
    59 146.7374   2.7628   0.0000
    60 151.7252   2.7339   0.0000
 -0.250000  0.250000  0.000000
  60
     1 -67.7865  -6.4416   0.0000
     2 -33.0421  -3.9148   0.0000
     3 -32.8843  -3.9220   0.0000
     4 -32.7658  -3.9295   0.0000
     5 -10.9635  -3.1275   0.0000
     6   2.4470  -1.6536   0.0000
     7   4.3950  -1.5884   0.0000
     8   6.2472  -1.6251   0.0000
     9  24.1662   1.2222   0.0000
    10  24.8225   1.2573   0.0000
    11  30.3663   1.6409   0.0000
    12  34.2013   1.7966   0.0000
    13  34.4999   1.7238   0.0000
    14  38.0421   1.9323   0.0000
    15  45.5464   2.2023   0.0000
    16  48.0177   2.1205   0.0000
    17  51.0127   2.3339   0.0000
    18  51.3934   2.0237   0.0000
    19  54.3791   2.1085   0.0000
    20  60.0661   2.0305   0.0000
    21  61.9602   2.2231   0.0000
    22  63.0045   2.1918   0.0000
    23  64.6328   2.2090   0.0000
    24  75.8013   2.4800   0.0000
    25  77.0234   2.3778   0.0000
    26  79.8243   2.3979   0.0000
    27  79.7760   2.2653   0.0000
    28  82.5174   2.4099   0.0000
    29  83.5958   2.3921   0.0000
    30  84.4098   2.4264   0.0000
    31  88.1092   2.4904   0.0000
    32  90.0642   2.5189   0.0000
    33  90.7986   2.4115   0.0000
    34  92.0785   2.4483   0.0000
    35 100.0833   2.7077   0.0000
    36 100.9186   2.2217   0.0000
    37 102.2954   2.3648   0.0000
    38 103.1020   2.6940   0.0000
    39 107.6601   2.6232   0.0000
    40 109.1938   2.3903   0.0000
    41 110.3845   2.5875   0.0000
    42 112.7860   2.6209   0.0000
    43 113.8618   2.7667   0.0000
    44 119.3866   2.5256   0.0000
    45 121.2990   2.7027   0.0000
    46 121.1737   2.5258   0.0000
    47 125.7559   2.7452   0.0000
    48 127.7528   2.5980   0.0000
    49 129.8713   2.4605   0.0000
    50 130.1303   2.4610   0.0000
    51 130.2741   2.5229   0.0000
    52 135.2198   2.7498   0.0000
    53 136.2978   2.7352   0.0000
    54 140.9313   2.4822   0.0000
    55 141.1536   2.6532   0.0000
    56 143.3495   2.7258   0.0000
    57 143.2501   2.5869   0.0000
    58 146.2457   2.5516   0.0000
    59 147.1600   2.5563   0.0000
    60 148.7749   2.8305   0.0000
  0.375000  0.375000  0.000000
  60
     1 -67.7781  -6.4424   0.0000
     2 -33.0401  -3.9103   0.0000
     3 -32.8453  -3.9260   0.0000
     4 -32.8453  -3.9260   0.0000
     5 -10.9317  -3.1223   0.0000
     6   2.0427  -1.7025   0.0000
     7   5.7257  -1.6432   0.0000
     8   5.7257  -1.6432   0.0000
     9  20.2157   1.2535   0.0000
    10  25.6630   1.3840   0.0000
    11  29.0668   1.5557   0.0000
    12  35.9039   1.8624   0.0000
    13  35.9039   1.8624   0.0000
    14  42.1776   1.9015   0.0000
    15  47.7729   2.1560   0.0000
    16  49.6756   2.2284   0.0000
    17  49.6756   2.2284   0.0000
    18  55.0444   1.9212   0.0000
    19  55.4558   2.0057   0.0000
    20  55.4558   2.0057   0.0000
    21  56.9991   2.1155   0.0000
    22  60.7229   2.2393   0.0000
    23  69.5579   2.4758   0.0000
    24  69.5579   2.4758   0.0000
    25  77.4339   2.4576   0.0000
    26  77.4339   2.4576   0.0000
    27  77.4979   2.1105   0.0000
    28  80.6708   2.3275   0.0000
    29  80.8418   2.4273   0.0000
    30  82.0870   2.5112   0.0000
    31  93.3661   2.4623   0.0000
    32  94.9891   2.5425   0.0000
    33  96.7552   2.2774   0.0000
    34  96.7552   2.2774   0.0000
    35  97.5155   2.7128   0.0000
    36  99.4671   2.4566   0.0000
    37 102.9813   2.2702   0.0000
    38 103.4788   2.4810   0.0000
    39 108.3119   2.4994   0.0000
    40 108.3119   2.4994   0.0000
    41 109.5088   2.8649   0.0000
    42 109.5088   2.8649   0.0000
    43 110.5175   2.4163   0.0000
    44 113.0457   2.4824   0.0000
    45 121.0325   2.5507   0.0000
    46 121.0325   2.5507   0.0000
    47 123.4516   2.5876   0.0000
    48 130.3142   2.8389   0.0000
    49 130.3142   2.8389   0.0000
    50 132.7898   2.6203   0.0000
    51 133.5254   2.7188   0.0000
    52 138.8112   2.3501   0.0000
    53 141.9338   2.7406   0.0000
    54 141.9338   2.7406   0.0000
    55 142.8753   2.7709   0.0000
    56 143.4022   2.5020   0.0000
    57 143.4022   2.5020   0.0000
    58 144.7500   2.4167   0.0000
    59 151.7787   2.8932   0.0000
    60 153.1077   2.7567   0.0000
  0.500000  0.375000  0.000000
  60
     1 -67.7689  -6.4434   0.0000
     2 -33.0584  -3.9085   0.0000
     3 -32.8851  -3.9232   0.0000
     4 -32.8499  -3.9253   0.0000
     5 -10.5225  -3.1357   0.0000
     6   1.7180  -1.7020   0.0000
     7   4.8995  -1.6148   0.0000
     8   5.5842  -1.6479   0.0000
     9  20.5304   1.2127   0.0000
    10  26.4649   1.4826   0.0000
    11  28.3328   1.4601   0.0000
    12  36.2677   1.8978   0.0000
    13  36.5227   1.9138   0.0000
    14  44.0042   1.9859   0.0000
    15  47.1876   2.1092   0.0000
    16  47.1503   2.0026   0.0000
    17  49.2682   2.1743   0.0000
    18  55.2616   1.9786   0.0000
    19  56.2854   2.2069   0.0000
    20  59.0102   2.0094   0.0000
    21  62.1078   1.9906   0.0000
    22  63.5571   2.2996   0.0000
    23  64.7868   2.3627   0.0000
    24  67.6098   2.4513   0.0000
    25  71.0879   2.2678   0.0000
    26  75.1228   2.2148   0.0000
    27  75.4439   2.4883   0.0000
    28  81.8278   2.5097   0.0000
    29  83.4347   2.4457   0.0000
    30  84.5612   2.4013   0.0000
    31  87.8665   2.3864   0.0000
    32  91.7802   2.4635   0.0000
    33  95.6360   2.8806   0.0000
    34  96.0921   2.2333   0.0000
    35  97.1113   2.5353   0.0000
    36  98.1959   2.3401   0.0000
    37  98.6209   2.3639   0.0000
    38 101.9260   2.4516   0.0000
    39 107.3146   2.4077   0.0000
    40 111.4480   2.7264   0.0000
    41 111.6985   2.9615   0.0000
    42 113.3422   2.5041   0.0000
    43 115.1565   2.5992   0.0000
    44 118.7265   2.4926   0.0000
    45 122.9948   2.5406   0.0000
    46 124.7445   2.5807   0.0000
    47 127.5749   2.7671   0.0000
    48 129.9475   2.5976   0.0000
    49 131.4453   2.5985   0.0000
    50 134.1351   2.6486   0.0000
    51 135.1442   2.6712   0.0000
    52 137.3583   2.6962   0.0000
    53 138.1662   2.5022   0.0000
    54 139.6884   2.4673   0.0000
    55 143.5834   2.6925   0.0000
    56 144.3408   2.7920   0.0000
    57 144.5697   2.7545   0.0000
    58 148.7391   2.6807   0.0000
    59 149.5019   2.8253   0.0000
    60 150.7379   2.5125   0.0000
 -0.375000  0.375000  0.000000
  60
     1 -67.7676  -6.4436   0.0000
     2 -33.0171  -3.9112   0.0000
     3 -32.9652  -3.9186   0.0000
     4 -32.8285  -3.9260   0.0000
     5 -10.3222  -3.1467   0.0000
     6   2.2222  -1.6697   0.0000
     7   3.4153  -1.6005   0.0000
     8   5.6596  -1.6435   0.0000
     9  22.1794   1.2232   0.0000
    10  27.1431   1.3469   0.0000
    11  28.1077   1.5649   0.0000
    12  35.5154   1.8674   0.0000
    13  36.0373   1.8776   0.0000
    14  41.5579   1.8825   0.0000
    15  47.1811   2.1032   0.0000
    16  47.8440   2.1508   0.0000
    17  48.3549   2.2222   0.0000
    18  55.5530   1.9649   0.0000
    19  58.5341   2.1977   0.0000
    20  58.8295   2.1590   0.0000
    21  64.6515   2.2097   0.0000
    22  64.6182   2.1047   0.0000
    23  67.0759   2.4429   0.0000
    24  66.9436   2.2210   0.0000
    25  72.5168   2.1701   0.0000
    26  73.7305   2.1503   0.0000
    27  74.3673   2.4622   0.0000
    28  77.0616   2.2587   0.0000
    29  83.7109   2.5454   0.0000
    30  85.7781   2.5478   0.0000
    31  87.2717   2.4215   0.0000
    32  88.5201   2.5003   0.0000
    33  93.5054   2.9414   0.0000
    34  93.0600   2.3325   0.0000
    35  96.7434   2.2189   0.0000
    36  98.2934   2.3437   0.0000
    37  99.6029   2.6181   0.0000
    38 100.0047   2.5606   0.0000
    39 112.5147   2.9232   0.0000
    40 112.1247   2.4641   0.0000
    41 112.6829   2.7243   0.0000
    42 119.2105   2.3558   0.0000
    43 121.1838   2.5733   0.0000
    44 122.0812   2.5581   0.0000
    45 123.3686   2.7230   0.0000
    46 126.2075   2.5576   0.0000
    47 126.5150   2.5663   0.0000
    48 127.9164   2.5739   0.0000
    49 129.4436   2.6598   0.0000
    50 129.5365   2.5105   0.0000
    51 133.3549   2.6795   0.0000
    52 136.9964   2.6377   0.0000
    53 137.4093   2.6573   0.0000
    54 138.3137   2.4804   0.0000
    55 138.6585   2.4623   0.0000
    56 143.5376   2.7559   0.0000
    57 146.2180   2.7655   0.0000
    58 147.3278   2.7166   0.0000
    59 148.8620   2.6878   0.0000
    60 149.4004   2.8315   0.0000
  0.500000  0.500000  0.000000
  60
     1 -67.7659  -6.4437   0.0000
     2 -33.0790  -3.9065   0.0000
     3 -32.8644  -3.9246   0.0000
     4 -32.8644  -3.9246   0.0000
     5 -10.4808  -3.1358   0.0000
     6   1.3999  -1.7181   0.0000
     7   5.4865  -1.6526   0.0000
     8   5.4865  -1.6526   0.0000
     9  19.5033   1.2258   0.0000
    10  25.9732   1.5288   0.0000
    11  28.6654   1.4412   0.0000
    12  37.2124   1.9636   0.0000
    13  37.2124   1.9636   0.0000
    14  44.2114   1.9539   0.0000
    15  46.4376   2.0737   0.0000
    16  49.6556   2.0691   0.0000
    17  49.6556   2.0691   0.0000
    18  53.5627   2.0577   0.0000
    19  57.6639   2.0110   0.0000
    20  57.6639   2.0110   0.0000
    21  62.7938   2.3470   0.0000
    22  65.5681   2.4656   0.0000
    23  65.5681   2.4656   0.0000
    24  65.2098   1.9437   0.0000
    25  66.0042   2.0760   0.0000
    26  75.4550   2.5357   0.0000
    27  75.4550   2.5357   0.0000
    28  80.3936   2.4692   0.0000
    29  81.8769   2.3747   0.0000
    30  87.0181   2.3724   0.0000
    31  92.8668   2.4568   0.0000
    32  94.4444   2.9474   0.0000
    33  95.3427   2.2170   0.0000
    34  95.3427   2.2170   0.0000
    35  96.7819   2.4955   0.0000
    36  96.8622   2.4276   0.0000
    37  97.4602   2.3551   0.0000
    38 102.3120   2.2657   0.0000
    39 107.6402   2.4917   0.0000
    40 107.6402   2.4917   0.0000
    41 109.8271   2.4114   0.0000
    42 112.7166   3.0576   0.0000
    43 112.7166   3.0576   0.0000
    44 116.1938   2.5300   0.0000
    45 128.1762   2.6260   0.0000
    46 128.1762   2.6260   0.0000
    47 128.4821   2.4916   0.0000
    48 131.8414   2.5854   0.0000
    49 131.8414   2.5854   0.0000
    50 135.8638   2.6336   0.0000
    51 135.8638   2.6336   0.0000
    52 138.8885   2.6068   0.0000
    53 139.6929   2.7708   0.0000
    54 143.0692   2.6148   0.0000
    55 144.6129   2.8306   0.0000
    56 144.9356   2.7184   0.0000
    57 145.8904   2.9679   0.0000
    58 145.8904   2.9679   0.0000
    59 147.7289   2.2354   0.0000
    60 150.4847   2.5797   0.0000
  0.375000  0.250000  0.125000
  60
     1 -67.8013  -6.4399   0.0000
     2 -32.9864  -3.9178   0.0000
     3 -32.8243  -3.9273   0.0000
     4 -32.7703  -3.9302   0.0000
     5 -11.6993  -3.1094   0.0000
     6   3.3220  -1.6592   0.0000
     7   5.7035  -1.5911   0.0000
     8   6.4107  -1.6198   0.0000
     9  23.3981   1.2871   0.0000
    10  23.9304   1.1840   0.0000
    11  30.9717   1.6591   0.0000
    12  32.9544   1.6889   0.0000
    13  33.7318   1.7613   0.0000
    14  38.8997   1.8938   0.0000
    15  45.0140   2.1022   0.0000
    16  47.2485   2.2059   0.0000
    17  50.2371   2.3064   0.0000
    18  50.4676   2.0963   0.0000
    19  53.4507   2.0770   0.0000
    20  57.8191   2.0965   0.0000
    21  60.4877   2.1489   0.0000
    22  65.2854   2.2960   0.0000
    23  67.5138   2.2960   0.0000
    24  71.5188   2.3062   0.0000
    25  76.3394   2.4892   0.0000
    26  81.2574   2.4886   0.0000
    27  83.4718   2.4740   0.0000
    28  84.7181   2.4006   0.0000
    29  85.8178   2.4387   0.0000
    30  90.6893   2.4412   0.0000
    31  92.6551   2.3162   0.0000
    32  94.1829   2.4677   0.0000
    33  94.1271   2.2837   0.0000
    34  94.7662   2.5034   0.0000
    35  95.9961   2.3137   0.0000
    36  99.6844   2.5794   0.0000
    37 101.7278   2.6176   0.0000
    38 102.2140   2.5838   0.0000
    39 108.0520   2.4142   0.0000
    40 109.9230   2.5377   0.0000
    41 111.6410   2.6096   0.0000
    42 112.7429   2.6647   0.0000
    43 113.4094   2.4679   0.0000
    44 114.4479   2.5454   0.0000
    45 114.6515   2.4203   0.0000
    46 119.3174   2.5869   0.0000
    47 120.2330   2.4902   0.0000
    48 124.5170   2.6388   0.0000
    49 126.8258   2.7865   0.0000
    50 126.8508   2.6543   0.0000
    51 127.7579   2.6844   0.0000
    52 134.3205   2.6712   0.0000
    53 134.9425   2.4149   0.0000
    54 137.9695   2.5384   0.0000
    55 140.1457   2.5912   0.0000
    56 141.9217   2.6828   0.0000
    57 144.1691   2.7707   0.0000
    58 148.0591   2.8413   0.0000
    59 148.2424   2.7380   0.0000
    60 150.5858   2.6188   0.0000
  0.500000  0.250000  0.125000
  60
     1 -67.7835  -6.4419   0.0000
     2 -33.0631  -3.9129   0.0000
     3 -32.8599  -3.9235   0.0000
     4 -32.7884  -3.9283   0.0000
     5 -10.8567  -3.1309   0.0000
     6   2.0806  -1.6589   0.0000
     7   4.7932  -1.5949   0.0000
     8   5.9874  -1.6237   0.0000
     9  23.1658   1.2025   0.0000
    10  25.5336   1.2913   0.0000
    11  30.0370   1.6392   0.0000
    12  33.5194   1.7459   0.0000
    13  35.6444   1.8149   0.0000
    14  39.6081   1.9635   0.0000
    15  45.2685   2.1619   0.0000
    16  48.5750   2.0631   0.0000
    17  49.9168   2.2352   0.0000
    18  52.3109   2.0585   0.0000
    19  53.3915   2.1651   0.0000
    20  59.7647   2.1009   0.0000
    21  61.9653   2.1554   0.0000
    22  63.0251   2.2125   0.0000
    23  68.1477   2.2941   0.0000
    24  73.1006   2.3591   0.0000
    25  74.7532   2.2746   0.0000
    26  77.3821   2.3468   0.0000
    27  79.5679   2.3595   0.0000
    28  82.5910   2.4787   0.0000
    29  84.8883   2.3869   0.0000
    30  85.7299   2.5158   0.0000
    31  87.4167   2.5723   0.0000
    32  90.5727   2.3378   0.0000
    33  91.6676   2.3788   0.0000
    34  93.7518   2.4628   0.0000
    35  94.6192   2.4171   0.0000
    36 100.1253   2.6192   0.0000
    37 102.1686   2.6258   0.0000
    38 105.6306   2.4711   0.0000
    39 107.0775   2.6259   0.0000
    40 110.9397   2.5670   0.0000
    41 112.3442   2.5013   0.0000
    42 113.0519   2.4957   0.0000
    43 115.4185   2.5836   0.0000
    44 118.2598   2.6695   0.0000
    45 118.7012   2.5779   0.0000
    46 121.0946   2.5536   0.0000
    47 123.6751   2.6043   0.0000
    48 128.8815   2.6513   0.0000
    49 129.2877   2.6021   0.0000
    50 131.7780   2.6703   0.0000
    51 134.0621   2.4919   0.0000
    52 135.6129   2.5498   0.0000
    53 136.8898   2.6577   0.0000
    54 137.1591   2.7222   0.0000
    55 140.3382   2.6067   0.0000
    56 142.5420   2.6878   0.0000
    57 145.2133   2.7129   0.0000
    58 148.0236   2.5979   0.0000
    59 148.8457   2.7492   0.0000
    60 152.1946   2.6126   0.0000
 -0.375000  0.250000  0.125000
  60
     1 -67.7761  -6.4428   0.0000
     2 -33.0961  -3.9108   0.0000
     3 -32.8683  -3.9221   0.0000
     4 -32.8003  -3.9275   0.0000
     5 -10.4630  -3.1490   0.0000
     6   1.5028  -1.6449   0.0000
     7   4.4655  -1.6060   0.0000
     8   5.8044  -1.6265   0.0000
     9  23.1239   1.1775   0.0000
    10  26.2946   1.3476   0.0000
    11  29.8686   1.6264   0.0000
    12  33.3749   1.7462   0.0000
    13  37.1561   1.8616   0.0000
    14  39.3332   1.9799   0.0000
    15  45.2025   2.1560   0.0000
    16  48.2992   2.0525   0.0000
    17  49.3657   2.1273   0.0000
    18  51.8695   2.0529   0.0000
    19  56.5085   2.2593   0.0000
    20  57.2454   2.2027   0.0000
    21  66.3589   2.2348   0.0000
    22  66.3788   2.0434   0.0000
    23  69.1694   2.1673   0.0000
    24  70.8272   2.2463   0.0000
    25  73.0086   2.4178   0.0000
    26  73.6713   2.3215   0.0000
    27  77.7133   2.2943   0.0000
    28  79.6639   2.2979   0.0000
    29  82.7430   2.4835   0.0000
    30  85.2510   2.5777   0.0000
    31  87.0346   2.5806   0.0000
    32  90.6307   2.4925   0.0000
    33  91.0418   2.3588   0.0000
    34  93.1015   2.4592   0.0000
    35  95.1387   2.4873   0.0000
    36  98.6284   2.5706   0.0000
    37 103.6297   2.6797   0.0000
    38 104.4112   2.4872   0.0000
    39 108.6992   2.6011   0.0000
    40 109.1728   2.5823   0.0000
    41 111.6324   2.4620   0.0000
    42 112.3535   2.4071   0.0000
    43 118.2737   2.7044   0.0000
    44 119.7726   2.6978   0.0000
    45 123.3566   2.6344   0.0000
    46 125.8977   2.6918   0.0000
    47 126.7934   2.7151   0.0000
    48 129.1623   2.5177   0.0000
    49 130.8388   2.4748   0.0000
    50 132.2091   2.5368   0.0000
    51 135.4166   2.6473   0.0000
    52 135.4743   2.4515   0.0000
    53 137.6710   2.6131   0.0000
    54 139.3422   2.6729   0.0000
    55 140.8268   2.6507   0.0000
    56 141.9012   2.6433   0.0000
    57 144.8201   2.6601   0.0000
    58 145.0395   2.7512   0.0000
    59 146.3677   2.5713   0.0000
    60 146.5503   2.6335   0.0000
  0.500000  0.375000  0.125000
  60
     1 -67.7762  -6.4427   0.0000
     2 -33.0412  -3.9115   0.0000
     3 -32.8744  -3.9233   0.0000
     4 -32.8351  -3.9261   0.0000
     5 -10.7338  -3.1303   0.0000
     6   2.1256  -1.6840   0.0000
     7   4.9012  -1.6031   0.0000
     8   5.5494  -1.6277   0.0000
     9  21.8097   1.2197   0.0000
    10  25.9783   1.3254   0.0000
    11  28.8067   1.5853   0.0000
    12  34.6876   1.8185   0.0000
    13  36.2335   1.8619   0.0000
    14  41.8149   1.9677   0.0000
    15  47.3833   2.0628   0.0000
    16  48.4567   2.1843   0.0000
    17  49.1819   2.2388   0.0000
    18  53.2639   1.9239   0.0000
    19  54.2411   2.1435   0.0000
    20  59.7825   2.0178   0.0000
    21  60.2512   2.1996   0.0000
    22  65.3406   2.2036   0.0000
    23  66.5921   2.3432   0.0000
    24  68.4129   2.4081   0.0000
    25  72.9375   2.3119   0.0000
    26  75.2281   2.3375   0.0000
    27  81.4894   2.4156   0.0000
    28  81.8456   2.1729   0.0000
    29  83.9073   2.5887   0.0000
    30  84.4888   2.5618   0.0000
    31  88.5958   2.3052   0.0000
    32  89.6724   2.4606   0.0000
    33  91.9762   2.4570   0.0000
    34  92.4761   2.3467   0.0000
    35  96.7579   2.5475   0.0000
    36  98.3471   2.7162   0.0000
    37 106.1635   2.6645   0.0000
    38 106.1971   2.4518   0.0000
    39 109.2861   2.5349   0.0000
    40 110.3583   2.3696   0.0000
    41 111.8259   2.6351   0.0000
    42 111.9250   2.5272   0.0000
    43 113.9002   2.6008   0.0000
    44 117.7191   2.5578   0.0000
    45 119.6654   2.4939   0.0000
    46 122.7777   2.8376   0.0000
    47 125.1833   2.4632   0.0000
    48 127.8847   2.5725   0.0000
    49 130.5527   2.7269   0.0000
    50 130.6660   2.5926   0.0000
    51 131.9674   2.6557   0.0000
    52 135.4944   2.5979   0.0000
    53 138.2408   2.7361   0.0000
    54 140.1189   2.7041   0.0000
    55 143.0481   2.7825   0.0000
    56 143.6164   2.3811   0.0000
    57 148.5028   2.7178   0.0000
    58 149.1195   2.7303   0.0000
    59 150.5887   2.5411   0.0000
    60 151.8168   2.6466   0.0000
 -0.375000  0.375000  0.125000
  60
     1 -67.7689  -6.4435   0.0000
     2 -33.0292  -3.9123   0.0000
     3 -32.9310  -3.9186   0.0000
     4 -32.8441  -3.9254   0.0000
     5 -10.3486  -3.1461   0.0000
     6   2.2310  -1.6558   0.0000
     7   3.7013  -1.6094   0.0000
     8   5.3248  -1.6252   0.0000
     9  23.0931   1.2201   0.0000
    10  26.2667   1.3105   0.0000
    11  28.5722   1.5878   0.0000
    12  33.8952   1.7950   0.0000
    13  37.4333   1.9136   0.0000
    14  40.7664   1.9640   0.0000
    15  46.7061   2.0565   0.0000
    16  48.5461   2.1902   0.0000
    17  49.4118   2.2080   0.0000
    18  53.2629   1.9217   0.0000
    19  57.6620   2.2025   0.0000
    20  60.8383   2.2222   0.0000
    21  62.7501   2.1673   0.0000
    22  64.5806   2.1725   0.0000
    23  67.5595   2.3769   0.0000
    24  70.0886   2.2113   0.0000
    25  70.7047   2.2179   0.0000
    26  73.0120   2.3202   0.0000
    27  77.4561   2.2465   0.0000
    28  79.2635   2.1899   0.0000
    29  83.7738   2.3650   0.0000
    30  85.0627   2.5992   0.0000
    31  85.1701   2.4542   0.0000
    32  88.4113   2.5663   0.0000
    33  89.2540   2.4409   0.0000
    34  92.0190   2.5400   0.0000
    35  94.5425   2.7590   0.0000
    36  98.5376   2.5739   0.0000
    37 104.4650   2.4777   0.0000
    38 107.4774   2.4680   0.0000
    39 109.7741   2.4275   0.0000
    40 111.9932   2.7297   0.0000
    41 114.6683   2.6853   0.0000
    42 118.5480   2.5434   0.0000
    43 118.9071   2.5638   0.0000
    44 119.9786   2.5436   0.0000
    45 121.9891   2.4904   0.0000
    46 123.0537   2.6677   0.0000
    47 127.0045   2.6262   0.0000
    48 127.6066   2.5352   0.0000
    49 129.4775   2.6714   0.0000
    50 130.6403   2.5631   0.0000
    51 134.4653   2.5914   0.0000
    52 134.5227   2.5486   0.0000
    53 137.7011   2.6339   0.0000
    54 139.4930   2.6425   0.0000
    55 140.8253   2.6427   0.0000
    56 142.9001   2.7464   0.0000
    57 145.4120   2.7323   0.0000
    58 148.9765   2.6849   0.0000
    59 149.7427   2.6637   0.0000
    60 150.0702   2.8178   0.0000
 -0.250000  0.375000  0.125000
  60
     1 -67.7719  -6.4432   0.0000
     2 -33.0240  -3.9144   0.0000
     3 -32.9453  -3.9170   0.0000
     4 -32.8189  -3.9265   0.0000
     5 -10.4046  -3.1457   0.0000
     6   2.4442  -1.6349   0.0000
     7   3.3722  -1.6187   0.0000
     8   5.5474  -1.6242   0.0000
     9  24.5162   1.2558   0.0000
    10  24.9810   1.2587   0.0000
    11  29.2958   1.6094   0.0000
    12  33.6984   1.7875   0.0000
    13  37.8339   1.8595   0.0000
    14  38.2657   1.9235   0.0000
    15  47.5688   2.1124   0.0000
    16  48.2268   2.2304   0.0000
    17  49.2852   2.2091   0.0000
    18  54.0415   1.9583   0.0000
    19  55.1659   2.1428   0.0000
    20  61.8733   2.2222   0.0000
    21  62.1593   2.2153   0.0000
    22  65.1547   2.0464   0.0000
    23  66.8136   2.3485   0.0000
    24  70.3681   2.2462   0.0000
    25  72.9337   2.3903   0.0000
    26  76.3117   2.1783   0.0000
    27  78.0251   2.2976   0.0000
    28  79.1804   2.2728   0.0000
    29  79.4866   2.2983   0.0000
    30  85.9113   2.5795   0.0000
    31  86.9715   2.6564   0.0000
    32  89.2715   2.4581   0.0000
    33  89.1878   2.2601   0.0000
    34  91.2400   2.7599   0.0000
    35  93.5727   2.5294   0.0000
    36  99.2731   2.6421   0.0000
    37 103.7064   2.5909   0.0000
    38 107.7933   2.4048   0.0000
    39 111.1330   2.3332   0.0000
    40 112.3342   2.7368   0.0000
    41 114.4868   2.6916   0.0000
    42 116.0339   2.7479   0.0000
    43 117.5499   2.5417   0.0000
    44 121.0230   2.5251   0.0000
    45 121.7021   2.4859   0.0000
    46 123.9528   2.5525   0.0000
    47 124.0362   2.5483   0.0000
    48 128.2856   2.5716   0.0000
    49 129.4679   2.5573   0.0000
    50 130.3403   2.6463   0.0000
    51 133.2822   2.6600   0.0000
    52 133.9509   2.6879   0.0000
    53 139.7303   2.7103   0.0000
    54 141.3045   2.6129   0.0000
    55 142.2907   2.6409   0.0000
    56 144.4049   2.5534   0.0000
    57 145.1538   2.5676   0.0000
    58 146.8288   2.6710   0.0000
    59 147.4770   2.6951   0.0000
    60 149.1857   2.7985   0.0000
 -0.375000  0.500000  0.125000
  60
     1 -67.7659  -6.4438   0.0000
     2 -33.0471  -3.9089   0.0000
     3 -32.8953  -3.9217   0.0000
     4 -32.8733  -3.9245   0.0000
     5 -10.3646  -3.1419   0.0000
     6   1.8168  -1.6926   0.0000
     7   4.6075  -1.6103   0.0000
     8   5.1346  -1.6298   0.0000
     9  21.2406   1.1947   0.0000
    10  27.0647   1.5483   0.0000
    11  27.7326   1.3830   0.0000
    12  35.1132   1.8528   0.0000
    13  37.6584   1.9704   0.0000
    14  43.9758   1.9963   0.0000
    15  45.2952   2.0039   0.0000
    16  47.6097   2.1437   0.0000
    17  50.2650   2.1127   0.0000
    18  55.5439   1.9353   0.0000
    19  57.4969   2.2190   0.0000
    20  60.0675   2.0589   0.0000
    21  62.1120   2.2169   0.0000
    22  64.4386   2.3985   0.0000
    23  66.1481   2.2612   0.0000
    24  67.3625   2.2677   0.0000
    25  69.5776   2.1254   0.0000
    26  73.0641   2.4129   0.0000
    27  73.9360   2.2753   0.0000
    28  82.3212   2.5407   0.0000
    29  85.8227   2.5968   0.0000
    30  85.6581   2.2561   0.0000
    31  86.9556   2.2310   0.0000
    32  87.7366   2.4478   0.0000
    33  91.5799   2.4730   0.0000
    34  91.8249   2.3451   0.0000
    35  94.1294   2.9828   0.0000
    36  98.0156   2.5463   0.0000
    37 106.0479   2.3788   0.0000
    38 106.5001   2.3097   0.0000
    39 107.9136   2.3816   0.0000
    40 110.5100   2.7377   0.0000
    41 112.7371   2.6777   0.0000
    42 114.2854   2.9582   0.0000
    43 114.4484   2.4463   0.0000
    44 124.1676   2.5856   0.0000
    45 124.3656   2.6235   0.0000
    46 127.2840   2.7416   0.0000
    47 127.4190   2.4944   0.0000
    48 127.9071   2.5435   0.0000
    49 131.6331   2.6480   0.0000
    50 131.8712   2.5235   0.0000
    51 133.2689   2.6009   0.0000
    52 136.5293   2.7099   0.0000
    53 138.1052   2.4069   0.0000
    54 139.6111   2.6128   0.0000
    55 142.7018   2.6254   0.0000
    56 144.5019   2.8094   0.0000
    57 144.7724   2.8045   0.0000
    58 145.8493   2.9206   0.0000
    59 147.5857   2.6523   0.0000
    60 149.5252   2.7492   0.0000
 -0.250000  0.500000  0.250000
  60
     1 -67.7658  -6.4438   0.0000
     2 -32.9708  -3.9151   0.0000
     3 -32.9708  -3.9151   0.0000
     4 -32.8821  -3.9245   0.0000
     5 -10.2455  -3.1488   0.0000
     6   3.0055  -1.6339   0.0000
     7   3.0055  -1.6339   0.0000
     8   4.7898  -1.6103   0.0000
     9  24.8613   1.2574   0.0000
    10  24.8613   1.2574   0.0000
    11  28.6744   1.5917   0.0000
    12  32.8707   1.7555   0.0000
    13  39.5020   1.9832   0.0000
    14  39.5020   1.9832   0.0000
    15  45.8059   2.0252   0.0000
    16  49.0928   2.2196   0.0000
    17  51.4199   2.2739   0.0000
    18  53.3764   1.7558   0.0000
    19  59.5180   2.2155   0.0000
    20  59.5180   2.2155   0.0000
    21  63.4251   2.3435   0.0000
    22  64.0136   2.2338   0.0000
    23  64.0136   2.2338   0.0000
    24  70.9096   2.3114   0.0000
    25  75.3153   2.1435   0.0000
    26  75.3153   2.1435   0.0000
    27  76.5615   2.2119   0.0000
    28  76.9052   2.1759   0.0000
    29  80.8146   2.3397   0.0000
    30  80.8146   2.3397   0.0000
    31  85.4927   2.7152   0.0000
    32  86.2391   2.3944   0.0000
    33  91.0282   2.4789   0.0000
    34  91.6583   2.8281   0.0000
    35  91.6583   2.8281   0.0000
    36  99.5184   2.5980   0.0000
    37 108.5716   2.4180   0.0000
    38 108.5716   2.4180   0.0000
    39 109.8128   2.7232   0.0000
    40 117.3691   2.5430   0.0000
    41 117.3691   2.5430   0.0000
    42 119.1301   2.5195   0.0000
    43 120.8419   2.4995   0.0000
    44 120.7661   2.3481   0.0000
    45 121.7706   2.6878   0.0000
    46 121.7770   2.6755   0.0000
    47 121.7770   2.6755   0.0000
    48 122.4944   2.6118   0.0000
    49 131.1085   2.5863   0.0000
    50 131.1085   2.5863   0.0000
    51 133.8249   2.6012   0.0000
    52 134.8902   2.6301   0.0000
    53 135.3918   2.6609   0.0000
    54 142.6908   2.6215   0.0000
    55 142.9972   2.5449   0.0000
    56 142.9972   2.5449   0.0000
    57 145.0085   2.9130   0.0000
    58 146.1512   2.8391   0.0000
    59 146.1512   2.8391   0.0000
    60 153.4029   2.7558   0.0000
