          29           1
  0.000000  0.000000  0.000000
  60
     1 -63.3121   0.0000  -0.0000
     2 -28.1303  -0.0000  -0.0000
     3 -28.1303  -0.0000   0.0000
     4 -28.1302  -0.0000   0.0000
     5 -11.3134   0.0000   0.0000
     6  12.2112   0.0000   0.0000
     7  12.2115   0.0000   0.0000
     8  12.2115   0.0000  -0.0000
     9  30.2596   0.0000   0.0000
    10  34.6114   0.0000  -0.0000
    11  34.6114   0.0000   0.0000
    12  34.6114   0.0000   0.0000
    13  40.6392   0.0000   0.0000
    14  44.1960   0.0000  -0.0000
    15  44.1960   0.0000   0.0000
    16  57.5265   0.0000  -0.0000
    17  57.5274   0.0000  -0.0000
    18  57.5275   0.0000   0.0000
    19  77.4877   0.0000   0.0000
    20  77.4879   0.0000   0.0000
    21  77.4879   0.0000   0.0000
    22  84.2534   0.0000  -0.0000
    23  91.9938   0.0000  -0.0000
    24  91.9938   0.0000   0.0000
    25  91.9938   0.0000   0.0000
    26  99.7955   0.0000  -0.0000
    27  99.7955   0.0000  -0.0000
    28 100.8724   0.0000   0.0000
    29 100.8724   0.0000   0.0000
    30 100.8724   0.0000  -0.0000
    31 117.9835   0.0000  -0.0000
    32 117.9835   0.0000   0.0000
    33 125.2018   0.0000  -0.0000
    34 129.7994   0.0000  -0.0000
    35 129.7994   0.0000   0.0000
    36 129.7994   0.0000  -0.0000
    37 133.5366   0.0000   0.0000
    38 133.5440   0.0000   0.0000
    39 133.5441   0.0000  -0.0000
    40 138.3355   0.0000   0.0000
    41 138.3362   0.0000  -0.0000
    42 138.3362   0.0000   0.0000
    43 140.4477   0.0000  -0.0000
    44 140.4477   0.0000  -0.0000
    45 140.4477   0.0000  -0.0000
    46 142.6786   0.0000   0.0000
    47 142.6786   0.0000   0.0000
    48 142.6786   0.0000   0.0000
    49 143.4345   0.0000   0.0000
    50 147.1665   0.0000   0.0000
    51 147.1665   0.0000   0.0000
    52 147.1665   0.0000   0.0000
    53 148.2401   0.0000  -0.0000
    54 148.2401   0.0000   0.0000
    55 149.1798   0.0000  -0.0000
    56 149.1798   0.0000  -0.0000
    57 149.1798   0.0000  -0.0000
    58 151.1636   0.0000  -0.0000
    59 157.2936   0.0000   0.0000
    60 171.4929   0.0000  -0.0000
  0.125000  0.000000  0.000000
  60
     1 -63.2824   0.0000   0.0000
     2 -28.3133  -0.0000   0.0000
     3 -28.1393  -0.0000  -0.0000
     4 -28.1393  -0.0000   0.0000
     5 -10.7782   0.0000   0.0000
     6  10.8381   0.0000   0.0000
     7  11.8636   0.0000   0.0000
     8  11.8638   0.0000   0.0000
     9  30.7452   0.0000  -0.0000
    10  32.6842   0.0000  -0.0000
    11  35.4747   0.0000   0.0000
    12  35.4747   0.0000  -0.0000
    13  44.2109   0.0000  -0.0000
    14  44.2110   0.0000  -0.0000
    15  45.0593   0.0000   0.0000
    16  56.8295   0.0000  -0.0000
    17  58.7602   0.0000  -0.0000
    18  58.7605   0.0000  -0.0000
    19  74.7778   0.0000  -0.0000
    20  76.1976   0.0000  -0.0000
    21  76.1977   0.0000   0.0000
    22  85.8481   0.0000  -0.0000
    23  87.3538   0.0000   0.0000
    24  87.3538   0.0000   0.0000
    25  94.9321   0.0000  -0.0000
    26  96.9963   0.0000  -0.0000
    27  96.9963   0.0000  -0.0000
    28 101.5057   0.0000  -0.0000
    29 111.3720   0.0000  -0.0000
    30 111.3720   0.0000   0.0000
    31 116.0638   0.0000   0.0000
    32 116.0640   0.0000   0.0000
    33 122.3610   0.0000  -0.0000
    34 124.1356   0.0000   0.0000
    35 125.2038   0.0000  -0.0000
    36 125.2039   0.0000  -0.0000
    37 129.2547   0.0000  -0.0000
    38 130.7128   0.0000  -0.0000
    39 130.7132   0.0000   0.0000
    40 131.9968   0.0000  -0.0000
    41 132.8482   0.0000  -0.0000
    42 132.8528   0.0000  -0.0000
    43 138.7387   0.0000  -0.0000
    44 138.9931   0.0000  -0.0000
    45 138.9931   0.0000  -0.0000
    46 141.9027   0.0000  -0.0000
    47 143.9716   0.0000   0.0000
    48 146.2544   0.0000   0.0000
    49 146.2544   0.0000  -0.0000
    50 150.4573   0.0000   0.0000
    51 150.4604   0.0000  -0.0000
    52 151.2222   0.0000  -0.0000
    53 151.2222   0.0000   0.0000
    54 152.3924   0.0000   0.0000
    55 155.6977   0.0000   0.0000
    56 156.7364   0.0000   0.0000
    57 161.4873   0.0000  -0.0000
    58 161.4874   0.0000  -0.0000
    59 161.7814   0.0000   0.0000
    60 170.2930   0.0000  -0.0000
  0.250000  0.000000  0.000000
  60
     1 -63.2104   0.0000   0.0000
     2 -28.7320   0.0000   0.0000
     3 -28.1609  -0.0000  -0.0000
     4 -28.1609  -0.0000  -0.0000
     5  -9.3580   0.0000  -0.0000
     6   7.7198   0.0000  -0.0000
     7  11.0864   0.0000  -0.0000
     8  11.0864   0.0000  -0.0000
     9  29.2950   0.0000  -0.0000
    10  33.9970   0.0000   0.0000
    11  37.5148   0.0000  -0.0000
    12  37.5148   0.0000   0.0000
    13  44.7176   0.0000  -0.0000
    14  44.7176   0.0000  -0.0000
    15  51.1584   0.0000   0.0000
    16  56.8029   0.0000   0.0000
    17  61.8373   0.0000   0.0000
    18  61.8373   0.0000  -0.0000
    19  70.9966   0.0000   0.0000
    20  70.9966   0.0000  -0.0000
    21  71.0863   0.0000   0.0000
    22  83.6761   0.0000   0.0000
    23  83.6761   0.0000   0.0000
    24  88.4641   0.0000  -0.0000
    25  98.4688   0.0000   0.0000
    26  98.4688   0.0000   0.0000
    27 100.2116   0.0000   0.0000
    28 103.4028   0.0000   0.0000
    29 108.5480   0.0000  -0.0000
    30 108.5480   0.0000   0.0000
    31 111.6349   0.0000   0.0000
    32 115.4369   0.0000   0.0000
    33 117.8925   0.0000   0.0000
    34 117.8925   0.0000  -0.0000
    35 123.1887   0.0000   0.0000
    36 123.1888   0.0000   0.0000
    37 123.7910   0.0000   0.0000
    38 126.8010   0.0000  -0.0000
    39 127.3580   0.0000  -0.0000
    40 127.3580   0.0000   0.0000
    41 131.9728   0.0000   0.0000
    42 131.9728   0.0000   0.0000
    43 136.2645   0.0000   0.0000
    44 136.6124   0.0000   0.0000
    45 136.6124   0.0000   0.0000
    46 141.3369   0.0000  -0.0000
    47 148.9836   0.0000   0.0000
    48 151.2916   0.0000   0.0000
    49 151.2917   0.0000  -0.0000
    50 154.6427   0.0000   0.0000
    51 155.6604   0.0000   0.0000
    52 155.6614   0.0000   0.0000
    53 162.3433   0.0000  -0.0000
    54 162.3464   0.0000  -0.0000
    55 164.3888   0.0000   0.0000
    56 167.6052   0.0000  -0.0000
    57 169.4659   0.0000   0.0000
    58 169.4659   0.0000  -0.0000
    59 172.1465   0.0000   0.0000
    60 178.7262   0.0000  -0.0000
  0.375000  0.000000  0.000000
  60
     1 -63.1377  -0.0000  -0.0000
     2 -29.1233   0.0000   0.0000
     3 -28.1823  -0.0000   0.0000
     4 -28.1823  -0.0000   0.0000
     5  -7.5968   0.0000   0.0000
     6   4.5664   0.0000  -0.0000
     7  10.3800   0.0000   0.0000
     8  10.3800   0.0000  -0.0000
     9  28.2406   0.0000  -0.0000
    10  36.0093   0.0000   0.0000
    11  39.2330   0.0000  -0.0000
    12  39.2330   0.0000  -0.0000
    13  46.6441   0.0000  -0.0000
    14  46.6441   0.0000   0.0000
    15  51.4964   0.0000  -0.0000
    16  61.3042   0.0000  -0.0000
    17  64.0164   0.0000   0.0000
    18  64.0164   0.0000   0.0000
    19  65.2955   0.0000  -0.0000
    20  65.2955   0.0000  -0.0000
    21  71.5779   0.0000  -0.0000
    22  84.4394   0.0000  -0.0000
    23  84.4394   0.0000   0.0000
    24  89.8601   0.0000   0.0000
    25  96.9857   0.0000   0.0000
    26  99.1990   0.0000  -0.0000
    27  99.1990   0.0000   0.0000
    28 101.5248   0.0000  -0.0000
    29 101.5248   0.0000   0.0000
    30 105.6546   0.0000   0.0000
    31 106.5450   0.0000  -0.0000
    32 111.3372   0.0000  -0.0000
    33 111.3372   0.0000  -0.0000
    34 111.4615   0.0000  -0.0000
    35 116.8538   0.0000   0.0000
    36 123.2824   0.0000  -0.0000
    37 123.2824   0.0000   0.0000
    38 125.8217   0.0000   0.0000
    39 129.5169   0.0000   0.0000
    40 129.5169   0.0000  -0.0000
    41 135.8065   0.0000  -0.0000
    42 137.9647   0.0000  -0.0000
    43 137.9647   0.0000  -0.0000
    44 139.9682   0.0000  -0.0000
    45 140.6656   0.0000   0.0000
    46 140.6656   0.0000   0.0000
    47 149.9462   0.0000  -0.0000
    48 149.9462   0.0000   0.0000
    49 151.1017   0.0000   0.0000
    50 159.4754   0.0000   0.0000
    51 165.3783   0.0000   0.0000
    52 165.3783   0.0000  -0.0000
    53 170.3886   0.0000  -0.0000
    54 172.5533   0.0000   0.0000
    55 172.5533   0.0000   0.0000
    56 174.9771   0.0000   0.0000
    57 174.9771   0.0000   0.0000
    58 175.2877   0.0000   0.0000
    59 175.2877   0.0000   0.0000
    60 177.6169   0.0000   0.0000
  0.500000  0.000000  0.000000
  60
     1 -63.1075  -0.0000   0.0000
     2 -29.2784   0.0000   0.0000
     3 -28.1911  -0.0000  -0.0000
     4 -28.1911  -0.0000  -0.0000
     5  -6.6535   0.0000   0.0000
     6   3.1103   0.0000   0.0000
     7  10.1045   0.0000  -0.0000
     8  10.1045   0.0000  -0.0000
     9  27.9575   0.0000   0.0000
    10  36.8204   0.0000   0.0000
    11  39.7485   0.0000   0.0000
    12  39.7485   0.0000  -0.0000
    13  48.4858   0.0000  -0.0000
    14  48.4858   0.0000  -0.0000
    15  51.0962   0.0000  -0.0000
    16  60.5453   0.0000  -0.0000
    17  60.5453   0.0000   0.0000
    18  62.0281   0.0000  -0.0000
    19  66.6348   0.0000  -0.0000
    20  66.6348   0.0000  -0.0000
    21  79.3616   0.0000   0.0000
    22  81.9942   0.0000   0.0000
    23  86.8324   0.0000  -0.0000
    24  86.8324   0.0000   0.0000
    25  93.6275   0.0000  -0.0000
    26  93.6275   0.0000   0.0000
    27  97.0724   0.0000   0.0000
    28 101.9188   0.0000  -0.0000
    29 105.0250   0.0000   0.0000
    30 105.0250   0.0000   0.0000
    31 106.6048   0.0000   0.0000
    32 106.6048   0.0000   0.0000
    33 110.1948   0.0000   0.0000
    34 111.9383   0.0000  -0.0000
    35 113.0363   0.0000   0.0000
    36 122.7820   0.0000  -0.0000
    37 122.7820   0.0000  -0.0000
    38 125.3109   0.0000   0.0000
    39 129.1086   0.0000   0.0000
    40 129.1086   0.0000   0.0000
    41 136.3311   0.0000   0.0000
    42 138.6830   0.0000   0.0000
    43 140.1582   0.0000  -0.0000
    44 140.1582   0.0000   0.0000
    45 144.3446   0.0000   0.0000
    46 144.3446   0.0000  -0.0000
    47 151.4905   0.0000  -0.0000
    48 157.8748   0.0000  -0.0000
    49 157.8748   0.0000  -0.0000
    50 159.1545   0.0000  -0.0000
    51 159.1545   0.0000  -0.0000
    52 165.3569   0.0000  -0.0000
    53 169.7364   0.0000   0.0000
    54 171.5687   0.0000   0.0000
    55 173.9784   0.0000  -0.0000
    56 173.9784   0.0000   0.0000
    57 179.3496   0.0000  -0.0000
    58 179.3496   0.0000  -0.0000
    59 183.4880   0.0000   0.0000
    60 183.4882   0.0000   0.0000
  0.125000  0.125000  0.000000
  60
     1 -63.2726   0.0000   0.0000
     2 -28.3031  -0.0000   0.0000
     3 -28.1754  -0.0000  -0.0000
     4 -28.1754  -0.0000   0.0000
     5 -10.6209   0.0000   0.0000
     6  10.6266   0.0000  -0.0000
     7  11.6878   0.0000   0.0000
     8  11.6878   0.0000  -0.0000
     9  30.9267   0.0000   0.0000
    10  31.2885   0.0000  -0.0000
    11  36.4168   0.0000  -0.0000
    12  36.4168   0.0000   0.0000
    13  43.2602   0.0000   0.0000
    14  44.9941   0.0000   0.0000
    15  46.0047   0.0000   0.0000
    16  57.9260   0.0000   0.0000
    17  57.9260   0.0000  -0.0000
    18  59.1081   0.0000  -0.0000
    19  74.9352   0.0000   0.0000
    20  75.2864   0.0000  -0.0000
    21  75.2864   0.0000   0.0000
    22  86.7268   0.0000  -0.0000
    23  87.7450   0.0000  -0.0000
    24  89.0906   0.0000  -0.0000
    25  89.0906   0.0000  -0.0000
    26  92.6922   0.0000   0.0000
    27 101.4125   0.0000   0.0000
    28 108.0524   0.0000  -0.0000
    29 108.0524   0.0000   0.0000
    30 114.6089   0.0000  -0.0000
    31 115.7440   0.0000   0.0000
    32 116.8751   0.0000  -0.0000
    33 119.1054   0.0000  -0.0000
    34 119.1054   0.0000   0.0000
    35 123.6291   0.0000  -0.0000
    36 124.9765   0.0000  -0.0000
    37 129.2818   0.0000  -0.0000
    38 129.2818   0.0000  -0.0000
    39 130.7831   0.0000  -0.0000
    40 134.3709   0.0000   0.0000
    41 135.6566   0.0000  -0.0000
    42 135.6566   0.0000  -0.0000
    43 137.1136   0.0000   0.0000
    44 137.1136   0.0000  -0.0000
    45 137.5662   0.0000  -0.0000
    46 138.9783   0.0000   0.0000
    47 143.2681   0.0000   0.0000
    48 143.7566   0.0000  -0.0000
    49 148.4795   0.0000   0.0000
    50 151.2761   0.0000   0.0000
    51 151.2761   0.0000  -0.0000
    52 152.8494   0.0000   0.0000
    53 152.8494   0.0000  -0.0000
    54 153.6287   0.0000   0.0000
    55 153.6838   0.0000  -0.0000
    56 159.9904   0.0000   0.0000
    57 159.9904   0.0000  -0.0000
    58 164.0604   0.0000  -0.0000
    59 168.2841   0.0000  -0.0000
    60 170.6777   0.0000  -0.0000
  0.250000  0.125000  0.000000
  60
     1 -63.2149   0.0000   0.0000
     2 -28.6056   0.0000   0.0000
     3 -28.2166  -0.0000  -0.0000
     4 -28.1948  -0.0000   0.0000
     5  -9.5539   0.0000   0.0000
     6   8.4501   0.0000   0.0000
     7  10.9153   0.0000   0.0000
     8  11.0577   0.0000   0.0000
     9  29.2252   0.0000   0.0000
    10  32.4764   0.0000   0.0000
    11  38.2711   0.0000   0.0000
    12  38.5024   0.0000  -0.0000
    13  42.6471   0.0000  -0.0000
    14  45.9512   0.0000  -0.0000
    15  51.4965   0.0000  -0.0000
    16  57.5307   0.0000  -0.0000
    17  59.5101   0.0000   0.0000
    18  61.9587   0.0000   0.0000
    19  70.7689   0.0000   0.0000
    20  70.9940   0.0000   0.0000
    21  74.8909   0.0000   0.0000
    22  82.6654   0.0000   0.0000
    23  83.0798   0.0000   0.0000
    24  89.9588   0.0000   0.0000
    25  90.3545   0.0000   0.0000
    26  97.1990   0.0000  -0.0000
    27 101.7751   0.0000   0.0000
    28 108.1013   0.0000  -0.0000
    29 110.2731   0.0000  -0.0000
    30 111.3601   0.0000  -0.0000
    31 114.2994   0.0000  -0.0000
    32 115.1915   0.0000  -0.0000
    33 116.2675   0.0000  -0.0000
    34 118.6729   0.0000   0.0000
    35 119.2658   0.0000  -0.0000
    36 123.5669   0.0000   0.0000
    37 124.4822   0.0000   0.0000
    38 124.8746   0.0000   0.0000
    39 127.0258   0.0000   0.0000
    40 127.8519   0.0000  -0.0000
    41 133.1714   0.0000   0.0000
    42 133.7804   0.0000   0.0000
    43 135.0599   0.0000  -0.0000
    44 137.6162   0.0000   0.0000
    45 140.8104   0.0000   0.0000
    46 145.0243   0.0000  -0.0000
    47 146.6010   0.0000  -0.0000
    48 147.1206   0.0000  -0.0000
    49 149.5324   0.0000   0.0000
    50 152.2442   0.0000   0.0000
    51 152.2810   0.0000   0.0000
    52 154.5955   0.0000   0.0000
    53 155.0827   0.0000   0.0000
    54 163.3505   0.0000  -0.0000
    55 166.6081   0.0000  -0.0000
    56 168.9501   0.0000   0.0000
    57 170.2464   0.0000   0.0000
    58 171.0760   0.0000   0.0000
    59 171.9939   0.0000   0.0000
    60 177.0466   0.0000  -0.0000
  0.375000  0.125000  0.000000
  60
     1 -63.1425  -0.0000  -0.0000
     2 -28.9756   0.0000  -0.0000
     3 -28.2387  -0.0000   0.0000
     4 -28.2330  -0.0000   0.0000
     5  -7.9722   0.0000  -0.0000
     6   5.6385   0.0000  -0.0000
     7   9.9187   0.0000  -0.0000
     8  10.3852   0.0000  -0.0000
     9  28.6887   0.0000  -0.0000
    10  34.0596   0.0000   0.0000
    11  39.5482   0.0000  -0.0000
    12  40.2071   0.0000   0.0000
    13  43.8711   0.0000   0.0000
    14  47.8854   0.0000  -0.0000
    15  53.6125   0.0000  -0.0000
    16  61.0289   0.0000   0.0000
    17  61.7333   0.0000  -0.0000
    18  63.5921   0.0000  -0.0000
    19  65.2440   0.0000  -0.0000
    20  69.1762   0.0000   0.0000
    21  72.9035   0.0000   0.0000
    22  80.7272   0.0000   0.0000
    23  82.5173   0.0000   0.0000
    24  92.1992   0.0000   0.0000
    25  92.7987   0.0000   0.0000
    26  96.5519   0.0000  -0.0000
    27 100.7084   0.0000   0.0000
    28 101.7041   0.0000   0.0000
    29 102.8972   0.0000  -0.0000
    30 106.8655   0.0000   0.0000
    31 109.0368   0.0000  -0.0000
    32 111.8822   0.0000  -0.0000
    33 113.6221   0.0000  -0.0000
    34 114.4408   0.0000  -0.0000
    35 118.8810   0.0000  -0.0000
    36 122.0309   0.0000  -0.0000
    37 122.7022   0.0000   0.0000
    38 124.9488   0.0000  -0.0000
    39 128.0841   0.0000  -0.0000
    40 128.6031   0.0000  -0.0000
    41 134.0596   0.0000  -0.0000
    42 136.2281   0.0000  -0.0000
    43 139.2739   0.0000   0.0000
    44 139.7353   0.0000   0.0000
    45 143.3867   0.0000   0.0000
    46 144.0999   0.0000   0.0000
    47 149.0774   0.0000   0.0000
    48 150.9399   0.0000   0.0000
    49 153.0225   0.0000   0.0000
    50 155.5416   0.0000   0.0000
    51 158.4663   0.0000  -0.0000
    52 161.1973   0.0000  -0.0000
    53 164.2556   0.0000  -0.0000
    54 165.4216   0.0000  -0.0000
    55 173.5856   0.0000  -0.0000
    56 174.1779   0.0000   0.0000
    57 175.5557   0.0000   0.0000
    58 178.9126   0.0000   0.0000
    59 180.6811   0.0000   0.0000
    60 182.2695   0.0000  -0.0000
  0.500000  0.125000  0.000000
  60
     1 -63.0981  -0.0000   0.0000
     2 -29.1883   0.0000   0.0000
     3 -28.2834  -0.0000   0.0000
     4 -28.2287  -0.0000   0.0000
     5  -6.7237   0.0000  -0.0000
     6   3.7035   0.0000   0.0000
     7   9.3006   0.0000  -0.0000
     8  10.0236   0.0000   0.0000
     9  28.7646   0.0000  -0.0000
    10  35.0601   0.0000  -0.0000
    11  39.9475   0.0000  -0.0000
    12  40.7262   0.0000   0.0000
    13  46.7019   0.0000  -0.0000
    14  49.0865   0.0000  -0.0000
    15  53.1523   0.0000   0.0000
    16  59.7373   0.0000  -0.0000
    17  61.0336   0.0000   0.0000
    18  63.3851   0.0000  -0.0000
    19  66.8657   0.0000   0.0000
    20  68.4436   0.0000  -0.0000
    21  77.4972   0.0000   0.0000
    22  83.7041   0.0000   0.0000
    23  85.4254   0.0000   0.0000
    24  85.6512   0.0000  -0.0000
    25  90.8421   0.0000   0.0000
    26  93.3993   0.0000   0.0000
    27  96.1764   0.0000   0.0000
    28  98.5698   0.0000   0.0000
    29 103.0342   0.0000   0.0000
    30 103.2880   0.0000   0.0000
    31 105.3287   0.0000  -0.0000
    32 109.2658   0.0000  -0.0000
    33 113.1343   0.0000   0.0000
    34 116.6486   0.0000   0.0000
    35 117.4763   0.0000  -0.0000
    36 121.0285   0.0000  -0.0000
    37 122.4621   0.0000   0.0000
    38 122.9243   0.0000   0.0000
    39 127.6602   0.0000  -0.0000
    40 129.1168   0.0000  -0.0000
    41 131.6695   0.0000  -0.0000
    42 138.3203   0.0000   0.0000
    43 144.0901   0.0000  -0.0000
    44 145.2651   0.0000  -0.0000
    45 145.4259   0.0000   0.0000
    46 149.7683   0.0000  -0.0000
    47 150.5803   0.0000   0.0000
    48 156.0147   0.0000   0.0000
    49 159.1182   0.0000   0.0000
    50 159.5537   0.0000   0.0000
    51 160.1452   0.0000   0.0000
    52 163.2121   0.0000  -0.0000
    53 168.0098   0.0000  -0.0000
    54 170.3255   0.0000  -0.0000
    55 170.3344   0.0000   0.0000
    56 172.0142   0.0000   0.0000
    57 175.4830   0.0000  -0.0000
    58 176.8710   0.0000  -0.0000
    59 178.4148   0.0000  -0.0000
    60 180.9861   0.0000   0.0000
 -0.375000  0.125000  0.000000
  60
     1 -63.1081  -0.0000   0.0000
     2 -29.1412   0.0000   0.0000
     3 -28.3129  -0.0000   0.0000
     4 -28.1928  -0.0000  -0.0000
     5  -6.9994   0.0000  -0.0000
     6   4.1493   0.0000   0.0000
     7   9.2930   0.0000  -0.0000
     8  10.1463   0.0000   0.0000
     9  29.0567   0.0000  -0.0000
    10  34.8453   0.0000  -0.0000
    11  39.9673   0.0000  -0.0000
    12  40.3297   0.0000   0.0000
    13  46.1561   0.0000   0.0000
    14  47.9523   0.0000  -0.0000
    15  53.4172   0.0000   0.0000
    16  60.2252   0.0000   0.0000
    17  62.7507   0.0000  -0.0000
    18  63.4212   0.0000  -0.0000
    19  65.6919   0.0000  -0.0000
    20  68.8633   0.0000   0.0000
    21  74.6195   0.0000  -0.0000
    22  81.5891   0.0000  -0.0000
    23  84.9371   0.0000   0.0000
    24  89.0716   0.0000   0.0000
    25  92.9086   0.0000  -0.0000
    26  95.3022   0.0000   0.0000
    27  97.6499   0.0000   0.0000
    28  98.2973   0.0000   0.0000
    29 102.1761   0.0000  -0.0000
    30 103.0298   0.0000  -0.0000
    31 105.3495   0.0000   0.0000
    32 110.2438   0.0000  -0.0000
    33 112.7452   0.0000  -0.0000
    34 116.1942   0.0000  -0.0000
    35 116.5400   0.0000  -0.0000
    36 122.0336   0.0000   0.0000
    37 123.7809   0.0000   0.0000
    38 124.8553   0.0000   0.0000
    39 128.3482   0.0000  -0.0000
    40 128.6510   0.0000   0.0000
    41 129.3926   0.0000   0.0000
    42 139.8946   0.0000   0.0000
    43 142.0213   0.0000   0.0000
    44 143.6533   0.0000  -0.0000
    45 145.9077   0.0000   0.0000
    46 148.0175   0.0000   0.0000
    47 148.7732   0.0000   0.0000
    48 154.8258   0.0000  -0.0000
    49 156.3146   0.0000   0.0000
    50 158.7261   0.0000  -0.0000
    51 163.2943   0.0000   0.0000
    52 164.4012   0.0000  -0.0000
    53 167.8798   0.0000  -0.0000
    54 168.0996   0.0000  -0.0000
    55 170.2483   0.0000  -0.0000
    56 174.0940   0.0000  -0.0000
    57 174.6453   0.0000  -0.0000
    58 176.3255   0.0000  -0.0000
    59 178.3141   0.0000  -0.0000
    60 181.7189   0.0000  -0.0000
 -0.250000  0.125000  0.000000
  60
     1 -63.1665   0.0000  -0.0000
     2 -28.8646   0.0000   0.0000
     3 -28.2963  -0.0000   0.0000
     4 -28.1517  -0.0000  -0.0000
     5  -8.4837   0.0000  -0.0000
     6   6.5889   0.0000   0.0000
     7   9.9071   0.0000   0.0000
     8  10.7119   0.0000  -0.0000
     9  29.6479   0.0000  -0.0000
    10  33.4060   0.0000   0.0000
    11  38.5665   0.0000   0.0000
    12  39.4943   0.0000   0.0000
    13  43.8941   0.0000  -0.0000
    14  46.3328   0.0000  -0.0000
    15  53.7002   0.0000  -0.0000
    16  58.8852   0.0000   0.0000
    17  61.9085   0.0000   0.0000
    18  64.0634   0.0000  -0.0000
    19  65.3207   0.0000   0.0000
    20  71.6326   0.0000  -0.0000
    21  72.6281   0.0000   0.0000
    22  79.9828   0.0000  -0.0000
    23  81.5695   0.0000  -0.0000
    24  91.8479   0.0000   0.0000
    25  93.8200   0.0000   0.0000
    26 100.1122   0.0000   0.0000
    27 100.8458   0.0000  -0.0000
    28 103.1509   0.0000  -0.0000
    29 105.8616   0.0000   0.0000
    30 107.7723   0.0000  -0.0000
    31 108.7149   0.0000  -0.0000
    32 112.3859   0.0000   0.0000
    33 113.8442   0.0000   0.0000
    34 114.1384   0.0000  -0.0000
    35 118.4321   0.0000  -0.0000
    36 123.3495   0.0000  -0.0000
    37 125.8795   0.0000  -0.0000
    38 127.3428   0.0000  -0.0000
    39 127.9802   0.0000  -0.0000
    40 128.4623   0.0000  -0.0000
    41 129.7109   0.0000  -0.0000
    42 134.2808   0.0000  -0.0000
    43 136.1633   0.0000  -0.0000
    44 138.8794   0.0000   0.0000
    45 142.1504   0.0000  -0.0000
    46 145.6662   0.0000   0.0000
    47 150.4083   0.0000  -0.0000
    48 151.6070   0.0000   0.0000
    49 152.2054   0.0000   0.0000
    50 152.7691   0.0000   0.0000
    51 155.8891   0.0000  -0.0000
    52 162.1255   0.0000  -0.0000
    53 162.4998   0.0000   0.0000
    54 166.6757   0.0000  -0.0000
    55 167.3605   0.0000  -0.0000
    56 168.1916   0.0000  -0.0000
    57 173.6073   0.0000  -0.0000
    58 176.4678   0.0000  -0.0000
    59 179.4498   0.0000  -0.0000
    60 179.7382   0.0000   0.0000
 -0.125000  0.125000  0.000000
  60
     1 -63.2387   0.0000   0.0000
     2 -28.5188   0.0000   0.0000
     3 -28.2257  -0.0000   0.0000
     4 -28.1295  -0.0000   0.0000
     5  -9.9694   0.0000  -0.0000
     6   9.2703   0.0000   0.0000
     7  11.0036   0.0000  -0.0000
     8  11.4368   0.0000   0.0000
     9  30.8532   0.0000   0.0000
    10  31.7018   0.0000   0.0000
    11  36.3388   0.0000  -0.0000
    12  37.8327   0.0000  -0.0000
    13  43.6464   0.0000   0.0000
    14  44.9302   0.0000  -0.0000
    15  49.5306   0.0000   0.0000
    16  57.3215   0.0000   0.0000
    17  58.6010   0.0000  -0.0000
    18  61.4408   0.0000  -0.0000
    19  70.6072   0.0000  -0.0000
    20  74.4031   0.0000  -0.0000
    21  75.8548   0.0000  -0.0000
    22  82.0497   0.0000  -0.0000
    23  83.9793   0.0000  -0.0000
    24  89.2390   0.0000   0.0000
    25  93.6600   0.0000  -0.0000
    26  97.3681   0.0000  -0.0000
    27  97.8738   0.0000   0.0000
    28 110.3443   0.0000   0.0000
    29 112.0703   0.0000   0.0000
    30 112.8593   0.0000  -0.0000
    31 114.5195   0.0000  -0.0000
    32 115.9530   0.0000  -0.0000
    33 116.5936   0.0000  -0.0000
    34 118.1796   0.0000   0.0000
    35 120.7796   0.0000  -0.0000
    36 122.0542   0.0000  -0.0000
    37 122.6181   0.0000   0.0000
    38 128.7808   0.0000  -0.0000
    39 129.6629   0.0000  -0.0000
    40 130.1147   0.0000  -0.0000
    41 130.5806   0.0000   0.0000
    42 133.6868   0.0000  -0.0000
    43 135.2489   0.0000  -0.0000
    44 139.0492   0.0000  -0.0000
    45 139.4766   0.0000  -0.0000
    46 142.3791   0.0000   0.0000
    47 142.6447   0.0000   0.0000
    48 150.2437   0.0000  -0.0000
    49 150.8322   0.0000   0.0000
    50 152.4464   0.0000   0.0000
    51 153.6936   0.0000  -0.0000
    52 154.6903   0.0000  -0.0000
    53 157.0483   0.0000   0.0000
    54 157.7742   0.0000   0.0000
    55 159.3204   0.0000  -0.0000
    56 164.2602   0.0000   0.0000
    57 165.0856   0.0000  -0.0000
    58 166.1377   0.0000  -0.0000
    59 171.3631   0.0000   0.0000
    60 174.1095   0.0000   0.0000
  0.250000  0.250000  0.000000
  60
     1 -63.1773   0.0000   0.0000
     2 -28.6509   0.0000   0.0000
     3 -28.2858  -0.0000  -0.0000
     4 -28.2858  -0.0000   0.0000
     5  -9.0031   0.0000   0.0000
     6   7.5536   0.0000  -0.0000
     7  10.6674   0.0000   0.0000
     8  10.6674   0.0000  -0.0000
     9  26.8637   0.0000  -0.0000
    10  33.4184   0.0000  -0.0000
    11  40.6171   0.0000   0.0000
    12  40.8578   0.0000   0.0000
    13  40.8578   0.0000   0.0000
    14  47.3250   0.0000   0.0000
    15  55.1171   0.0000   0.0000
    16  59.1477   0.0000  -0.0000
    17  59.1477   0.0000   0.0000
    18  62.1999   0.0000  -0.0000
    19  70.4760   0.0000   0.0000
    20  70.4764   0.0000   0.0000
    21  72.0156   0.0000   0.0000
    22  76.9975   0.0000  -0.0000
    23  87.5303   0.0000   0.0000
    24  87.5304   0.0000   0.0000
    25  91.7096   0.0000  -0.0000
    26  94.6704   0.0000   0.0000
    27 103.3792   0.0000  -0.0000
    28 104.0547   0.0000   0.0000
    29 104.0548   0.0000  -0.0000
    30 108.9555   0.0000   0.0000
    31 114.3744   0.0000   0.0000
    32 114.6250   0.0000   0.0000
    33 119.1358   0.0000   0.0000
    34 119.1358   0.0000  -0.0000
    35 121.3954   0.0000   0.0000
    36 123.8115   0.0000  -0.0000
    37 123.8116   0.0000  -0.0000
    38 125.9928   0.0000   0.0000
    39 127.4434   0.0000   0.0000
    40 130.6573   0.0000   0.0000
    41 132.3672   0.0000  -0.0000
    42 132.3672   0.0000  -0.0000
    43 134.8053   0.0000   0.0000
    44 134.9997   0.0000   0.0000
    45 139.9916   0.0000   0.0000
    46 139.9918   0.0000   0.0000
    47 140.8643   0.0000  -0.0000
    48 150.4599   0.0000  -0.0000
    49 156.3080   0.0000   0.0000
    50 156.3088   0.0000  -0.0000
    51 156.4813   0.0000   0.0000
    52 156.5694   0.0000   0.0000
    53 160.7394   0.0000  -0.0000
    54 160.7396   0.0000  -0.0000
    55 162.6720   0.0000   0.0000
    56 171.9737   0.0000  -0.0000
    57 179.9624   0.0000   0.0000
    58 180.0814   0.0000  -0.0000
    59 180.0835   0.0000   0.0000
    60 182.7550   0.0000   0.0000
  0.375000  0.250000  0.000000
  60
     1 -63.1195  -0.0000  -0.0000
     2 -28.8593   0.0000   0.0000
     3 -28.3541  -0.0000   0.0000
     4 -28.3281  -0.0000  -0.0000
     5  -7.9273   0.0000  -0.0000
     6   6.0144   0.0000   0.0000
     7   9.6090   0.0000  -0.0000
     8  10.1732   0.0000   0.0000
     9  26.4811   0.0000   0.0000
    10  34.3819   0.0000  -0.0000
    11  39.0543   0.0000   0.0000
    12  42.8405   0.0000   0.0000
    13  43.7105   0.0000   0.0000
    14  49.4190   0.0000   0.0000
    15  57.8349   0.0000  -0.0000
    16  59.9273   0.0000   0.0000
    17  61.9099   0.0000  -0.0000
    18  62.4167   0.0000   0.0000
    19  66.3973   0.0000  -0.0000
    20  68.9143   0.0000  -0.0000
    21  74.7208   0.0000   0.0000
    22  76.0058   0.0000  -0.0000
    23  82.2248   0.0000  -0.0000
    24  87.6704   0.0000  -0.0000
    25  93.8021   0.0000  -0.0000
    26  95.3004   0.0000   0.0000
    27  97.4634   0.0000  -0.0000
    28 100.2728   0.0000  -0.0000
    29 102.7344   0.0000   0.0000
    30 104.5583   0.0000   0.0000
    31 109.8811   0.0000  -0.0000
    32 112.1708   0.0000   0.0000
    33 116.0201   0.0000   0.0000
    34 119.1963   0.0000  -0.0000
    35 119.4270   0.0000  -0.0000
    36 120.8865   0.0000   0.0000
    37 123.9368   0.0000   0.0000
    38 126.0149   0.0000   0.0000
    39 127.8140   0.0000   0.0000
    40 129.1019   0.0000   0.0000
    41 135.2091   0.0000   0.0000
    42 137.3415   0.0000   0.0000
    43 138.2834   0.0000  -0.0000
    44 139.1549   0.0000  -0.0000
    45 141.9549   0.0000   0.0000
    46 142.4083   0.0000  -0.0000
    47 144.1169   0.0000  -0.0000
    48 152.6307   0.0000  -0.0000
    49 155.6159   0.0000   0.0000
    50 157.4799   0.0000   0.0000
    51 157.6151   0.0000  -0.0000
    52 162.3674   0.0000  -0.0000
    53 164.5447   0.0000  -0.0000
    54 169.2098   0.0000   0.0000
    55 173.1563   0.0000  -0.0000
    56 174.7979   0.0000   0.0000
    57 176.0476   0.0000  -0.0000
    58 178.8715   0.0000   0.0000
    59 179.7701   0.0000   0.0000
    60 185.8090   0.0000   0.0000
  0.500000  0.250000  0.000000
  60
     1 -63.0752  -0.0000  -0.0000
     2 -28.9975   0.0000  -0.0000
     3 -28.4722  -0.0000   0.0000
     4 -28.3190  -0.0000   0.0000
     5  -6.8493   0.0000  -0.0000
     6   4.8883   0.0000  -0.0000
     7   8.0847   0.0000   0.0000
     8   9.8414   0.0000   0.0000
     9  28.0073   0.0000   0.0000
    10  34.5812   0.0000  -0.0000
    11  38.6546   0.0000   0.0000
    12  43.3231   0.0000   0.0000
    13  45.7439   0.0000  -0.0000
    14  50.9345   0.0000  -0.0000
    15  57.4216   0.0000   0.0000
    16  57.8661   0.0000   0.0000
    17  60.8678   0.0000  -0.0000
    18  64.5037   0.0000   0.0000
    19  67.5217   0.0000   0.0000
    20  73.9630   0.0000  -0.0000
    21  75.9024   0.0000   0.0000
    22  79.4048   0.0000  -0.0000
    23  80.3941   0.0000   0.0000
    24  85.6399   0.0000   0.0000
    25  87.9371   0.0000   0.0000
    26  91.8850   0.0000   0.0000
    27  93.6099   0.0000   0.0000
    28  99.8045   0.0000  -0.0000
    29 100.6483   0.0000   0.0000
    30 105.1115   0.0000  -0.0000
    31 106.1714   0.0000   0.0000
    32 107.5725   0.0000   0.0000
    33 112.5544   0.0000   0.0000
    34 117.6157   0.0000   0.0000
    35 117.9599   0.0000   0.0000
    36 119.8876   0.0000   0.0000
    37 121.7804   0.0000   0.0000
    38 124.4863   0.0000   0.0000
    39 129.5640   0.0000  -0.0000
    40 131.5557   0.0000   0.0000
    41 136.9121   0.0000  -0.0000
    42 139.2423   0.0000  -0.0000
    43 144.3466   0.0000  -0.0000
    44 146.1533   0.0000   0.0000
    45 147.4976   0.0000  -0.0000
    46 147.7698   0.0000  -0.0000
    47 153.6882   0.0000   0.0000
    48 155.5850   0.0000  -0.0000
    49 156.3727   0.0000   0.0000
    50 157.9782   0.0000   0.0000
    51 160.4085   0.0000  -0.0000
    52 162.0834   0.0000   0.0000
    53 162.9790   0.0000  -0.0000
    54 169.3019   0.0000  -0.0000
    55 172.8380   0.0000  -0.0000
    56 174.0681   0.0000   0.0000
    57 175.0441   0.0000  -0.0000
    58 176.0337   0.0000  -0.0000
    59 179.0398   0.0000  -0.0000
    60 181.8489   0.0000   0.0000
 -0.375000  0.250000  0.000000
  60
     1 -63.0708  -0.0000  -0.0000
     2 -28.9915   0.0000  -0.0000
     3 -28.5716   0.0000   0.0000
     4 -28.2637  -0.0000  -0.0000
     5  -6.5506   0.0000  -0.0000
     6   4.8304   0.0000   0.0000
     7   7.2820   0.0000  -0.0000
     8   9.8404   0.0000   0.0000
     9  30.1325   0.0000   0.0000
    10  33.3579   0.0000   0.0000
    11  39.4708   0.0000  -0.0000
    12  43.1675   0.0000   0.0000
    13  46.6847   0.0000  -0.0000
    14  46.7100   0.0000  -0.0000
    15  57.4705   0.0000  -0.0000
    16  60.1095   0.0000  -0.0000
    17  60.7854   0.0000  -0.0000
    18  65.1348   0.0000  -0.0000
    19  68.4251   0.0000   0.0000
    20  71.2050   0.0000  -0.0000
    21  77.8790   0.0000  -0.0000
    22  79.8180   0.0000   0.0000
    23  83.5299   0.0000   0.0000
    24  86.1336   0.0000  -0.0000
    25  87.6526   0.0000   0.0000
    26  90.8919   0.0000  -0.0000
    27  91.5640   0.0000  -0.0000
    28  98.0493   0.0000   0.0000
    29 100.5860   0.0000   0.0000
    30 103.6069   0.0000   0.0000
    31 105.6206   0.0000  -0.0000
    32 107.8572   0.0000  -0.0000
    33 111.0203   0.0000  -0.0000
    34 114.2140   0.0000   0.0000
    35 118.6766   0.0000   0.0000
    36 121.6667   0.0000  -0.0000
    37 122.2022   0.0000  -0.0000
    38 124.1354   0.0000  -0.0000
    39 131.8391   0.0000  -0.0000
    40 133.6867   0.0000  -0.0000
    41 134.3735   0.0000   0.0000
    42 139.7275   0.0000   0.0000
    43 144.5491   0.0000   0.0000
    44 147.6824   0.0000   0.0000
    45 149.7649   0.0000   0.0000
    46 150.7742   0.0000  -0.0000
    47 153.6950   0.0000   0.0000
    48 156.8822   0.0000  -0.0000
    49 157.6172   0.0000   0.0000
    50 158.6034   0.0000   0.0000
    51 161.1453   0.0000  -0.0000
    52 162.1575   0.0000   0.0000
    53 165.6137   0.0000   0.0000
    54 168.2596   0.0000   0.0000
    55 169.7071   0.0000  -0.0000
    56 170.1226   0.0000   0.0000
    57 171.9020   0.0000  -0.0000
    58 175.5029   0.0000  -0.0000
    59 177.7227   0.0000  -0.0000
    60 183.1432   0.0000   0.0000
 -0.250000  0.250000  0.000000
  60
     1 -63.1087  -0.0000  -0.0000
     2 -28.9362   0.0000   0.0000
     3 -28.5023  -0.0000  -0.0000
     4 -28.1944  -0.0000  -0.0000
     5  -7.3133   0.0000   0.0000
     6   5.6568   0.0000  -0.0000
     7   7.9857   0.0000   0.0000
     8  10.1883   0.0000   0.0000
     9  31.2938   0.0000   0.0000
    10  32.1973   0.0000  -0.0000
    11  39.7824   0.0000   0.0000
    12  41.4907   0.0000   0.0000
    13  43.7138   0.0000   0.0000
    14  47.4138   0.0000  -0.0000
    15  57.1179   0.0000   0.0000
    16  58.9294   0.0000  -0.0000
    17  63.6076   0.0000  -0.0000
    18  63.7053   0.0000   0.0000
    19  66.0236   0.0000  -0.0000
    20  72.9595   0.0000   0.0000
    21  75.8852   0.0000  -0.0000
    22  76.5855   0.0000   0.0000
    23  77.7464   0.0000  -0.0000
    24  92.1362   0.0000  -0.0000
    25  94.3278   0.0000  -0.0000
    26  95.7928   0.0000   0.0000
    27  96.7908   0.0000  -0.0000
    28  99.9308   0.0000   0.0000
    29 101.7298   0.0000  -0.0000
    30 102.0047   0.0000  -0.0000
    31 108.4334   0.0000   0.0000
    32 109.6468   0.0000  -0.0000
    33 109.7544   0.0000   0.0000
    34 112.0490   0.0000  -0.0000
    35 121.3433   0.0000   0.0000
    36 121.7218   0.0000  -0.0000
    37 122.7806   0.0000  -0.0000
    38 127.3940   0.0000   0.0000
    39 129.5517   0.0000   0.0000
    40 131.7260   0.0000   0.0000
    41 133.2914   0.0000  -0.0000
    42 137.0246   0.0000  -0.0000
    43 139.2058   0.0000   0.0000
    44 143.5475   0.0000   0.0000
    45 146.6046   0.0000  -0.0000
    46 147.6827   0.0000  -0.0000
    47 151.4897   0.0000  -0.0000
    48 154.1633   0.0000   0.0000
    49 156.4593   0.0000   0.0000
    50 156.6384   0.0000   0.0000
    51 157.0019   0.0000  -0.0000
    52 163.6595   0.0000   0.0000
    53 165.7619   0.0000   0.0000
    54 170.0222   0.0000   0.0000
    55 170.0415   0.0000   0.0000
    56 173.0667   0.0000   0.0000
    57 173.3763   0.0000   0.0000
    58 175.5608   0.0000   0.0000
    59 176.5548   0.0000  -0.0000
    60 181.2897   0.0000  -0.0000
  0.375000  0.375000  0.000000
  60
     1 -63.0821  -0.0000   0.0000
     2 -28.9157   0.0000   0.0000
     3 -28.3981  -0.0000   0.0000
     4 -28.3981  -0.0000   0.0000
     5  -7.5018   0.0000   0.0000
     6   5.2323   0.0000   0.0000
     7   9.8851   0.0000  -0.0000
     8   9.8851   0.0000   0.0000
     9  24.3280   0.0000  -0.0000
    10  35.2550   0.0000   0.0000
    11  38.0901   0.0000   0.0000
    12  45.7373   0.0000  -0.0000
    13  45.7373   0.0000  -0.0000
    14  50.8263   0.0000   0.0000
    15  60.2944   0.0000  -0.0000
    16  60.2944   0.0000   0.0000
    17  60.9018   0.0000   0.0000
    18  66.0807   0.0000  -0.0000
    19  67.8269   0.0000   0.0000
    20  67.8269   0.0000  -0.0000
    21  68.4446   0.0000   0.0000
    22  75.0626   0.0000  -0.0000
    23  85.0300   0.0000  -0.0000
    24  85.0300   0.0000  -0.0000
    25  93.0577   0.0000  -0.0000
    26  94.0072   0.0000  -0.0000
    27  94.0072   0.0000  -0.0000
    28  97.4274   0.0000  -0.0000
    29  98.5393   0.0000  -0.0000
    30 101.6187   0.0000   0.0000
    31 112.9180   0.0000  -0.0000
    32 116.5445   0.0000  -0.0000
    33 116.5445   0.0000  -0.0000
    34 117.4052   0.0000  -0.0000
    35 119.4412   0.0000  -0.0000
    36 120.2406   0.0000   0.0000
    37 123.9896   0.0000   0.0000
    38 124.8364   0.0000  -0.0000
    39 129.9896   0.0000   0.0000
    40 129.9896   0.0000  -0.0000
    41 132.5349   0.0000  -0.0000
    42 133.3779   0.0000   0.0000
    43 133.3779   0.0000   0.0000
    44 138.4622   0.0000  -0.0000
    45 146.2984   0.0000   0.0000
    46 146.2984   0.0000  -0.0000
    47 148.2847   0.0000  -0.0000
    48 159.2002   0.0000  -0.0000
    49 159.2003   0.0000   0.0000
    50 160.4909   0.0000  -0.0000
    51 162.0918   0.0000   0.0000
    52 166.8792   0.0000   0.0000
    53 171.0624   0.0000  -0.0000
    54 171.0624   0.0000  -0.0000
    55 172.9778   0.0000   0.0000
    56 172.9778   0.0000   0.0000
    57 173.1731   0.0000   0.0000
    58 173.5758   0.0000   0.0000
    59 184.6464   0.0000  -0.0000
    60 184.6724   0.0000   0.0000
  0.500000  0.375000  0.000000
  60
     1 -63.0522  -0.0000   0.0000
     2 -28.9546   0.0000  -0.0000
     3 -28.5027  -0.0000  -0.0000
     4 -28.4084  -0.0000   0.0000
     5  -6.9252   0.0000  -0.0000
     6   4.8310   0.0000  -0.0000
     7   8.7543   0.0000  -0.0000
     8   9.6760   0.0000  -0.0000
     9  24.9726   0.0000   0.0000
    10  35.9361   0.0000   0.0000
    11  37.1551   0.0000  -0.0000
    12  46.4296   0.0000  -0.0000
    13  47.0524   0.0000   0.0000
    14  53.4563   0.0000   0.0000
    15  56.7671   0.0000  -0.0000
    16  59.6121   0.0000  -0.0000
    17  60.3517   0.0000   0.0000
    18  66.9592   0.0000  -0.0000
    19  68.2644   0.0000   0.0000
    20  70.8887   0.0000  -0.0000
    21  74.6313   0.0000   0.0000
    22  78.2337   0.0000  -0.0000
    23  79.1807   0.0000   0.0000
    24  82.6349   0.0000  -0.0000
    25  86.0751   0.0000  -0.0000
    26  90.8480   0.0000   0.0000
    27  91.9356   0.0000   0.0000
    28 100.9591   0.0000   0.0000
    29 101.2845   0.0000   0.0000
    30 102.7110   0.0000   0.0000
    31 106.4602   0.0000  -0.0000
    32 111.0953   0.0000   0.0000
    33 115.5754   0.0000   0.0000
    34 117.8226   0.0000  -0.0000
    35 118.3478   0.0000  -0.0000
    36 118.8369   0.0000  -0.0000
    37 119.7089   0.0000  -0.0000
    38 122.4651   0.0000  -0.0000
    39 129.2658   0.0000   0.0000
    40 135.1540   0.0000  -0.0000
    41 136.6236   0.0000  -0.0000
    42 137.3381   0.0000   0.0000
    43 140.2935   0.0000   0.0000
    44 142.4528   0.0000  -0.0000
    45 148.3233   0.0000   0.0000
    46 151.0947   0.0000  -0.0000
    47 154.5920   0.0000   0.0000
    48 158.2857   0.0000  -0.0000
    49 159.8002   0.0000  -0.0000
    50 161.7739   0.0000  -0.0000
    51 162.8651   0.0000  -0.0000
    52 166.1582   0.0000   0.0000
    53 166.1639   0.0000   0.0000
    54 168.0411   0.0000   0.0000
    55 172.7143   0.0000  -0.0000
    56 174.2665   0.0000   0.0000
    57 175.7327   0.0000  -0.0000
    58 179.0070   0.0000   0.0000
    59 180.9725   0.0000   0.0000
    60 181.4920   0.0000  -0.0000
 -0.375000  0.375000  0.000000
  60
     1 -63.0476  -0.0000  -0.0000
     2 -28.8439   0.0000   0.0000
     3 -28.7192   0.0000  -0.0000
     4 -28.3529  -0.0000  -0.0000
     5  -6.5264   0.0000  -0.0000
     6   5.3984   0.0000   0.0000
     7   6.7656   0.0000  -0.0000
     8   9.6529   0.0000   0.0000
     9  27.6076   0.0000   0.0000
    10  35.1691   0.0000   0.0000
    11  37.7695   0.0000  -0.0000
    12  45.5407   0.0000  -0.0000
    13  46.5547   0.0000   0.0000
    14  49.9693   0.0000  -0.0000
    15  57.9013   0.0000   0.0000
    16  59.7489   0.0000   0.0000
    17  60.1324   0.0000  -0.0000
    18  67.0013   0.0000   0.0000
    19  70.8748   0.0000   0.0000
    20  71.7051   0.0000  -0.0000
    21  77.5546   0.0000   0.0000
    22  78.8880   0.0000   0.0000
    23  81.4838   0.0000  -0.0000
    24  81.7425   0.0000   0.0000
    25  87.1383   0.0000  -0.0000
    26  89.4335   0.0000  -0.0000
    27  90.6133   0.0000   0.0000
    28  92.8825   0.0000   0.0000
    29 103.0683   0.0000   0.0000
    30 104.4820   0.0000   0.0000
    31 105.5681   0.0000   0.0000
    32 108.3129   0.0000   0.0000
    33 112.5475   0.0000  -0.0000
    34 115.5782   0.0000   0.0000
    35 116.2972   0.0000   0.0000
    36 118.3303   0.0000  -0.0000
    37 121.0095   0.0000  -0.0000
    38 121.9321   0.0000  -0.0000
    39 135.7460   0.0000   0.0000
    40 137.4814   0.0000   0.0000
    41 137.9808   0.0000  -0.0000
    42 143.3493   0.0000   0.0000
    43 146.3322   0.0000   0.0000
    44 147.2368   0.0000   0.0000
    45 148.8524   0.0000   0.0000
    46 151.6416   0.0000   0.0000
    47 153.6492   0.0000   0.0000
    48 155.4803   0.0000  -0.0000
    49 155.5378   0.0000   0.0000
    50 157.1768   0.0000  -0.0000
    51 160.9737   0.0000   0.0000
    52 165.1301   0.0000   0.0000
    53 165.7600   0.0000   0.0000
    54 166.5880   0.0000   0.0000
    55 167.0095   0.0000  -0.0000
    56 173.0021   0.0000  -0.0000
    57 177.6445   0.0000  -0.0000
    58 177.7798   0.0000  -0.0000
    59 179.0356   0.0000   0.0000
    60 181.2900   0.0000  -0.0000
  0.500000  0.500000  0.000000
  60
     1 -63.0427  -0.0000   0.0000
     2 -29.0041   0.0000   0.0000
     3 -28.4451  -0.0000  -0.0000
     4 -28.4451  -0.0000  -0.0000
     5  -6.9444   0.0000  -0.0000
     6   4.4770   0.0000  -0.0000
     7   9.6120   0.0000  -0.0000
     8   9.6120   0.0000  -0.0000
     9  23.4742   0.0000   0.0000
    10  35.4169   0.0000   0.0000
    11  37.7219   0.0000   0.0000
    12  48.0671   0.0000   0.0000
    13  48.0671   0.0000   0.0000
    14  53.3147   0.0000  -0.0000
    15  59.3642   0.0000   0.0000
    16  59.7978   0.0000  -0.0000
    17  59.7978   0.0000   0.0000
    18  64.2719   0.0000  -0.0000
    19  69.3715   0.0000   0.0000
    20  69.3715   0.0000   0.0000
    21  77.7296   0.0000   0.0000
    22  78.3284   0.0000   0.0000
    23  79.1815   0.0000  -0.0000
    24  80.5241   0.0000   0.0000
    25  80.5241   0.0000  -0.0000
    26  92.2340   0.0000   0.0000
    27  92.2340   0.0000   0.0000
    28  98.9829   0.0000   0.0000
    29 100.0874   0.0000   0.0000
    30 105.0400   0.0000  -0.0000
    31 112.2998   0.0000  -0.0000
    32 114.6093   0.0000  -0.0000
    33 114.6093   0.0000   0.0000
    34 115.1136   0.0000  -0.0000
    35 116.2100   0.0000  -0.0000
    36 119.6279   0.0000   0.0000
    37 119.6318   0.0000  -0.0000
    38 123.2022   0.0000  -0.0000
    39 129.1837   0.0000   0.0000
    40 129.1837   0.0000  -0.0000
    41 131.7086   0.0000   0.0000
    42 138.5221   0.0000   0.0000
    43 138.5221   0.0000   0.0000
    44 141.2990   0.0000   0.0000
    45 155.3223   0.0000   0.0000
    46 155.3223   0.0000   0.0000
    47 157.1094   0.0000  -0.0000
    48 159.0907   0.0000   0.0000
    49 159.0907   0.0000  -0.0000
    50 164.0381   0.0000   0.0000
    51 164.0381   0.0000  -0.0000
    52 167.0669   0.0000   0.0000
    53 167.7361   0.0000  -0.0000
    54 171.9944   0.0000  -0.0000
    55 173.7063   0.0000   0.0000
    56 176.9932   0.0000  -0.0000
    57 176.9932   0.0000  -0.0000
    58 177.3120   0.0000   0.0000
    59 177.8254   0.0000   0.0000
    60 180.7015   0.0000  -0.0000
  0.375000  0.250000  0.125000
  60
     1 -63.1571  -0.0000  -0.0000
     2 -28.7952   0.0000  -0.0000
     3 -28.3488  -0.0000  -0.0000
     4 -28.2092  -0.0000  -0.0000
     5  -8.4633   0.0000  -0.0000
     6   6.8794   0.0000  -0.0000
     7   9.6999   0.0000   0.0000
     8  10.5160   0.0000   0.0000
     9  28.6788   0.0000  -0.0000
    10  33.1143   0.0000  -0.0000
    11  39.7233   0.0000  -0.0000
    12  40.3312   0.0000   0.0000
    13  42.6182   0.0000  -0.0000
    14  47.4942   0.0000   0.0000
    15  55.7370   0.0000  -0.0000
    16  58.4748   0.0000  -0.0000
    17  61.4255   0.0000  -0.0000
    18  63.1765   0.0000  -0.0000
    19  66.1412   0.0000   0.0000
    20  70.9954   0.0000  -0.0000
    21  73.9297   0.0000   0.0000
    22  79.6476   0.0000   0.0000
    23  81.7204   0.0000  -0.0000
    24  86.8363   0.0000  -0.0000
    25  94.1939   0.0000  -0.0000
    26  98.7526   0.0000  -0.0000
    27 101.3986   0.0000  -0.0000
    28 102.4267   0.0000  -0.0000
    29 103.9785   0.0000  -0.0000
    30 110.9206   0.0000  -0.0000
    31 111.4933   0.0000   0.0000
    32 113.2002   0.0000  -0.0000
    33 114.4523   0.0000   0.0000
    34 115.0071   0.0000  -0.0000
    35 115.2660   0.0000   0.0000
    36 120.7224   0.0000   0.0000
    37 122.6629   0.0000   0.0000
    38 126.1050   0.0000  -0.0000
    39 130.1401   0.0000   0.0000
    40 133.5049   0.0000   0.0000
    41 135.8341   0.0000   0.0000
    42 136.2929   0.0000   0.0000
    43 136.6137   0.0000   0.0000
    44 137.7007   0.0000   0.0000
    45 138.3445   0.0000   0.0000
    46 144.1989   0.0000  -0.0000
    47 144.4696   0.0000   0.0000
    48 150.3651   0.0000  -0.0000
    49 152.4978   0.0000  -0.0000
    50 154.6030   0.0000   0.0000
    51 155.6717   0.0000   0.0000
    52 161.8346   0.0000  -0.0000
    53 162.1596   0.0000   0.0000
    54 166.6509   0.0000   0.0000
    55 168.5070   0.0000  -0.0000
    56 171.5740   0.0000   0.0000
    57 175.6317   0.0000  -0.0000
    58 178.3977   0.0000  -0.0000
    59 179.8272   0.0000  -0.0000
    60 181.3047   0.0000   0.0000
  0.500000  0.250000  0.125000
  60
     1 -63.0989  -0.0000  -0.0000
     2 -28.9860   0.0000   0.0000
     3 -28.4387  -0.0000  -0.0000
     4 -28.2531  -0.0000   0.0000
     5  -7.1753   0.0000   0.0000
     6   5.1900   0.0000   0.0000
     7   8.4676   0.0000   0.0000
     8   9.9276   0.0000  -0.0000
     9  29.4461   0.0000  -0.0000
    10  33.4422   0.0000   0.0000
    11  39.4393   0.0000  -0.0000
    12  42.2122   0.0000  -0.0000
    13  44.3616   0.0000  -0.0000
    14  48.9756   0.0000  -0.0000
    15  56.5328   0.0000   0.0000
    16  59.1513   0.0000   0.0000
    17  62.4481   0.0000  -0.0000
    18  64.2553   0.0000   0.0000
    19  65.7226   0.0000   0.0000
    20  72.2898   0.0000  -0.0000
    21  75.0345   0.0000  -0.0000
    22  77.1844   0.0000  -0.0000
    23  82.6067   0.0000   0.0000
    24  88.5689   0.0000  -0.0000
    25  90.4509   0.0000   0.0000
    26  93.8788   0.0000  -0.0000
    27  96.4007   0.0000   0.0000
    28 100.8116   0.0000   0.0000
    29 102.4444   0.0000  -0.0000
    30 104.3693   0.0000   0.0000
    31 107.3969   0.0000   0.0000
    32 109.7027   0.0000   0.0000
    33 111.2296   0.0000  -0.0000
    34 113.5263   0.0000   0.0000
    35 114.4276   0.0000  -0.0000
    36 122.1538   0.0000  -0.0000
    37 124.5058   0.0000   0.0000
    38 127.7801   0.0000  -0.0000
    39 130.1839   0.0000   0.0000
    40 133.7890   0.0000  -0.0000
    41 135.5632   0.0000  -0.0000
    42 136.6205   0.0000  -0.0000
    43 139.6416   0.0000  -0.0000
    44 143.1544   0.0000  -0.0000
    45 143.8514   0.0000  -0.0000
    46 146.4017   0.0000   0.0000
    47 149.4550   0.0000   0.0000
    48 156.0443   0.0000   0.0000
    49 156.5093   0.0000  -0.0000
    50 159.0212   0.0000   0.0000
    51 161.8329   0.0000  -0.0000
    52 163.4349   0.0000   0.0000
    53 164.8945   0.0000  -0.0000
    54 166.1516   0.0000  -0.0000
    55 169.7814   0.0000   0.0000
    56 172.0438   0.0000   0.0000
    57 175.3637   0.0000   0.0000
    58 178.5769   0.0000  -0.0000
    59 180.1631   0.0000   0.0000
    60 182.8553   0.0000  -0.0000
 -0.375000  0.250000  0.125000
  60
     1 -63.0747  -0.0000   0.0000
     2 -29.0666   0.0000   0.0000
     3 -28.4601  -0.0000   0.0000
     4 -28.2827  -0.0000  -0.0000
     5  -6.5422   0.0000  -0.0000
     6   4.3511   0.0000   0.0000
     7   8.0263   0.0000   0.0000
     8   9.6898   0.0000  -0.0000
     9  30.0365   0.0000   0.0000
    10  33.3246   0.0000   0.0000
    11  39.6027   0.0000  -0.0000
    12  42.4496   0.0000   0.0000
    13  46.3603   0.0000   0.0000
    14  48.6748   0.0000  -0.0000
    15  56.3473   0.0000  -0.0000
    16  59.3541   0.0000   0.0000
    17  60.7773   0.0000  -0.0000
    18  64.2193   0.0000  -0.0000
    19  69.0032   0.0000   0.0000
    20  69.9931   0.0000  -0.0000
    21  80.0508   0.0000  -0.0000
    22  80.3091   0.0000  -0.0000
    23  83.8333   0.0000  -0.0000
    24  86.0026   0.0000   0.0000
    25  88.4313   0.0000  -0.0000
    26  88.9039   0.0000  -0.0000
    27  93.8387   0.0000   0.0000
    28  96.2630   0.0000   0.0000
    29 100.9005   0.0000   0.0000
    30 104.0696   0.0000   0.0000
    31 106.6063   0.0000   0.0000
    32 110.5519   0.0000   0.0000
    33 110.8672   0.0000   0.0000
    34 112.6932   0.0000   0.0000
    35 115.7253   0.0000   0.0000
    36 120.1380   0.0000  -0.0000
    37 126.1816   0.0000   0.0000
    38 126.5120   0.0000  -0.0000
    39 131.6681   0.0000   0.0000
    40 131.7915   0.0000   0.0000
    41 134.5227   0.0000   0.0000
    42 135.4623   0.0000   0.0000
    43 144.4005   0.0000   0.0000
    44 145.3369   0.0000   0.0000
    45 149.8770   0.0000   0.0000
    46 152.2506   0.0000   0.0000
    47 153.4281   0.0000  -0.0000
    48 156.0131   0.0000  -0.0000
    49 158.1511   0.0000  -0.0000
    50 159.4166   0.0000   0.0000
    51 162.9246   0.0000  -0.0000
    52 163.0398   0.0000   0.0000
    53 166.1039   0.0000  -0.0000
    54 168.1934   0.0000  -0.0000
    55 169.8264   0.0000   0.0000
    56 171.8826   0.0000   0.0000
    57 174.2259   0.0000   0.0000
    58 174.8713   0.0000   0.0000
    59 175.9251   0.0000   0.0000
    60 176.2990   0.0000  -0.0000
  0.500000  0.375000  0.125000
  60
     1 -63.0758  -0.0000   0.0000
     2 -28.9196   0.0000   0.0000
     3 -28.4737  -0.0000  -0.0000
     4 -28.3743  -0.0000  -0.0000
     5  -7.1351   0.0000   0.0000
     6   5.3002   0.0000   0.0000
     7   8.7092   0.0000   0.0000
     8   9.5211   0.0000   0.0000
     9  26.7299   0.0000  -0.0000
    10  34.9618   0.0000  -0.0000
    11  37.9214   0.0000  -0.0000
    12  44.4340   0.0000   0.0000
    13  45.6793   0.0000   0.0000
    14  51.2158   0.0000  -0.0000
    15  57.6285   0.0000  -0.0000
    16  60.0453   0.0000  -0.0000
    17  61.2350   0.0000   0.0000
    18  64.6826   0.0000  -0.0000
    19  66.5075   0.0000   0.0000
    20  72.0699   0.0000  -0.0000
    21  73.5780   0.0000  -0.0000
    22  79.3272   0.0000   0.0000
    23  80.9491   0.0000   0.0000
    24  83.6140   0.0000  -0.0000
    25  88.2952   0.0000   0.0000
    26  91.2147   0.0000   0.0000
    27  98.3763   0.0000  -0.0000
    28  99.2913   0.0000  -0.0000
    29 102.9203   0.0000   0.0000
    30 103.4863   0.0000  -0.0000
    31 106.6864   0.0000   0.0000
    32 109.5232   0.0000   0.0000
    33 111.1073   0.0000   0.0000
    34 111.5468   0.0000   0.0000
    35 118.1449   0.0000  -0.0000
    36 121.1154   0.0000  -0.0000
    37 127.9960   0.0000  -0.0000
    38 129.4529   0.0000  -0.0000
    39 131.6998   0.0000   0.0000
    40 132.8264   0.0000   0.0000
    41 134.6608   0.0000  -0.0000
    42 135.4748   0.0000   0.0000
    43 138.6987   0.0000  -0.0000
    44 142.3787   0.0000   0.0000
    45 144.3057   0.0000   0.0000
    46 149.2878   0.0000  -0.0000
    47 150.3123   0.0000  -0.0000
    48 153.9575   0.0000  -0.0000
    49 157.8416   0.0000   0.0000
    50 158.9565   0.0000  -0.0000
    51 160.1020   0.0000   0.0000
    52 164.1452   0.0000   0.0000
    53 167.4040   0.0000  -0.0000
    54 169.5829   0.0000   0.0000
    55 172.6503   0.0000   0.0000
    56 173.1706   0.0000  -0.0000
    57 178.6214   0.0000  -0.0000
    58 179.9244   0.0000   0.0000
    59 180.8713   0.0000  -0.0000
    60 182.8214   0.0000  -0.0000
 -0.375000  0.375000  0.125000
  60
     1 -63.0516  -0.0000  -0.0000
     2 -28.8821   0.0000  -0.0000
     3 -28.6227   0.0000   0.0000
     4 -28.3974  -0.0000  -0.0000
     5  -6.5380   0.0000   0.0000
     6   5.3708   0.0000   0.0000
     7   7.1422   0.0000   0.0000
     8   9.1877   0.0000   0.0000
     9  28.8836   0.0000  -0.0000
    10  33.8830   0.0000   0.0000
    11  38.2249   0.0000   0.0000
    12  43.9368   0.0000  -0.0000
    13  47.3083   0.0000   0.0000
    14  50.2140   0.0000  -0.0000
    15  57.5946   0.0000   0.0000
    16  60.0653   0.0000   0.0000
    17  60.8112   0.0000  -0.0000
    18  64.6768   0.0000  -0.0000
    19  70.1127   0.0000  -0.0000
    20  74.0377   0.0000  -0.0000
    21  76.2797   0.0000   0.0000
    22  78.2623   0.0000  -0.0000
    23  82.3618   0.0000   0.0000
    24  84.8338   0.0000  -0.0000
    25  85.4088   0.0000   0.0000
    26  88.6496   0.0000   0.0000
    27  93.4033   0.0000  -0.0000
    28  95.4276   0.0000   0.0000
    29 101.2475   0.0000  -0.0000
    30 103.1773   0.0000  -0.0000
    31 104.6822   0.0000  -0.0000
    32 107.5355   0.0000   0.0000
    33 109.4208   0.0000  -0.0000
    34 111.8993   0.0000  -0.0000
    35 116.3095   0.0000  -0.0000
    36 120.2565   0.0000   0.0000
    37 126.3297   0.0000  -0.0000
    38 129.9976   0.0000   0.0000
    39 132.5941   0.0000  -0.0000
    40 136.1409   0.0000   0.0000
    41 139.7065   0.0000   0.0000
    42 142.9311   0.0000   0.0000
    43 143.5541   0.0000  -0.0000
    44 144.7777   0.0000   0.0000
    45 147.1784   0.0000   0.0000
    46 149.1487   0.0000  -0.0000
    47 153.7888   0.0000  -0.0000
    48 154.2567   0.0000   0.0000
    49 156.4995   0.0000  -0.0000
    50 158.0505   0.0000  -0.0000
    51 161.5155   0.0000  -0.0000
    52 162.5792   0.0000   0.0000
    53 166.2820   0.0000   0.0000
    54 168.3738   0.0000   0.0000
    55 169.8462   0.0000  -0.0000
    56 172.6256   0.0000  -0.0000
    57 175.6996   0.0000  -0.0000
    58 179.8624   0.0000   0.0000
    59 180.7053   0.0000  -0.0000
    60 181.5840   0.0000   0.0000
 -0.250000  0.375000  0.125000
  60
     1 -63.0612  -0.0000  -0.0000
     2 -28.8768   0.0000   0.0000
     3 -28.6579   0.0000  -0.0000
     4 -28.3316  -0.0000   0.0000
     5  -6.5542   0.0000   0.0000
     6   5.5652   0.0000  -0.0000
     7   6.7506   0.0000   0.0000
     8   9.3979   0.0000  -0.0000
     9  31.5016   0.0000  -0.0000
    10  31.6074   0.0000  -0.0000
    11  39.0537   0.0000   0.0000
    12  43.5977   0.0000  -0.0000
    13  46.3908   0.0000  -0.0000
    14  48.1370   0.0000  -0.0000
    15  58.8637   0.0000  -0.0000
    16  59.5833   0.0000  -0.0000
    17  61.1543   0.0000  -0.0000
    18  65.4296   0.0000   0.0000
    19  67.6385   0.0000   0.0000
    20  74.7959   0.0000   0.0000
    21  76.2790   0.0000   0.0000
    22  78.3570   0.0000  -0.0000
    23  81.2406   0.0000  -0.0000
    24  85.0131   0.0000   0.0000
    25  88.7021   0.0000   0.0000
    26  92.0627   0.0000  -0.0000
    27  94.1543   0.0000  -0.0000
    28  95.2993   0.0000  -0.0000
    29  96.3906   0.0000  -0.0000
    30 105.0744   0.0000  -0.0000
    31 106.9827   0.0000   0.0000
    32 107.2369   0.0000  -0.0000
    33 109.2020   0.0000   0.0000
    34 112.1327   0.0000   0.0000
    35 113.8143   0.0000  -0.0000
    36 121.2305   0.0000  -0.0000
    37 126.4374   0.0000  -0.0000
    38 129.9874   0.0000  -0.0000
    39 133.6937   0.0000   0.0000
    40 136.7528   0.0000  -0.0000
    41 139.5919   0.0000   0.0000
    42 140.2728   0.0000   0.0000
    43 141.8741   0.0000   0.0000
    44 146.1366   0.0000  -0.0000
    45 146.7008   0.0000  -0.0000
    46 149.1874   0.0000  -0.0000
    47 150.0595   0.0000  -0.0000
    48 154.8912   0.0000  -0.0000
    49 156.4366   0.0000   0.0000
    50 158.4031   0.0000   0.0000
    51 161.3184   0.0000  -0.0000
    52 161.9402   0.0000  -0.0000
    53 168.6754   0.0000   0.0000
    54 170.3462   0.0000  -0.0000
    55 171.5003   0.0000   0.0000
    56 173.6399   0.0000  -0.0000
    57 174.6460   0.0000   0.0000
    58 176.7169   0.0000   0.0000
    59 178.6570   0.0000  -0.0000
    60 180.4079   0.0000  -0.0000
 -0.375000  0.500000  0.125000
  60
     1 -63.0422  -0.0000  -0.0000
     2 -28.9214   0.0000  -0.0000
     3 -28.5261   0.0000   0.0000
     4 -28.4749  -0.0000   0.0000
     5  -6.6857   0.0000   0.0000
     6   4.9417   0.0000   0.0000
     7   8.3616   0.0000   0.0000
     8   9.0488   0.0000   0.0000
     9  26.0357   0.0000   0.0000
    10  36.1024   0.0000   0.0000
    11  36.6278   0.0000  -0.0000
    12  45.5180   0.0000  -0.0000
    13  48.2897   0.0000  -0.0000
    14  53.5508   0.0000   0.0000
    15  55.5130   0.0000   0.0000
    16  60.0428   0.0000   0.0000
    17  60.5570   0.0000   0.0000
    18  66.7547   0.0000  -0.0000
    19  69.6816   0.0000  -0.0000
    20  72.4951   0.0000  -0.0000
    21  75.6439   0.0000   0.0000
    22  79.1586   0.0000  -0.0000
    23  80.7667   0.0000  -0.0000
    24  81.7862   0.0000  -0.0000
    25  83.5193   0.0000   0.0000
    26  89.2788   0.0000  -0.0000
    27  89.5389   0.0000  -0.0000
    28 102.0199   0.0000  -0.0000
    29 102.8669   0.0000  -0.0000
    30 104.5301   0.0000  -0.0000
    31 104.8079   0.0000   0.0000
    32 106.4721   0.0000  -0.0000
    33 110.3427   0.0000   0.0000
    34 111.2375   0.0000  -0.0000
    35 116.8191   0.0000   0.0000
    36 120.4122   0.0000  -0.0000
    37 127.6747   0.0000  -0.0000
    38 128.3686   0.0000  -0.0000
    39 129.6065   0.0000   0.0000
    40 133.5363   0.0000   0.0000
    41 137.6430   0.0000  -0.0000
    42 138.5244   0.0000  -0.0000
    43 139.9033   0.0000  -0.0000
    44 149.3146   0.0000   0.0000
    45 150.9328   0.0000   0.0000
    46 154.0459   0.0000  -0.0000
    47 154.0884   0.0000  -0.0000
    48 155.5417   0.0000  -0.0000
    49 158.6275   0.0000  -0.0000
    50 159.5062   0.0000  -0.0000
    51 160.2149   0.0000   0.0000
    52 165.3257   0.0000  -0.0000
    53 165.9180   0.0000  -0.0000
    54 167.6824   0.0000   0.0000
    55 172.1209   0.0000  -0.0000
    56 174.4440   0.0000  -0.0000
    57 175.5840   0.0000   0.0000
    58 176.7628   0.0000  -0.0000
    59 177.5407   0.0000   0.0000
    60 181.3704   0.0000  -0.0000
 -0.250000  0.500000  0.250000
  60
     1 -63.0418  -0.0000   0.0000
     2 -28.7229   0.0000  -0.0000
     3 -28.7229   0.0000  -0.0000
     4 -28.5044   0.0000  -0.0000
     5  -6.4144   0.0000   0.0000
     6   6.3263   0.0000   0.0000
     7   6.3263   0.0000   0.0000
     8   8.4881   0.0000   0.0000
     9  31.4144   0.0000   0.0000
    10  31.4144   0.0000   0.0000
    11  38.3533   0.0000   0.0000
    12  43.1026   0.0000   0.0000
    13  49.5228   0.0000   0.0000
    14  49.5228   0.0000  -0.0000
    15  57.0143   0.0000  -0.0000
    16  60.8860   0.0000   0.0000
    17  62.1550   0.0000  -0.0000
    18  63.9240   0.0000   0.0000
    19  72.5399   0.0000  -0.0000
    20  72.5399   0.0000   0.0000
    21  77.7952   0.0000   0.0000
    22  77.7952   0.0000   0.0000
    23  77.9075   0.0000  -0.0000
    24  86.7009   0.0000  -0.0000
    25  90.5558   0.0000   0.0000
    26  90.5558   0.0000  -0.0000
    27  91.9485   0.0000  -0.0000
    28  92.3270   0.0000  -0.0000
    29  97.5805   0.0000  -0.0000
    30  97.5805   0.0000   0.0000
    31 105.0643   0.0000  -0.0000
    32 105.5224   0.0000   0.0000
    33 111.2087   0.0000   0.0000
    34 112.9369   0.0000   0.0000
    35 112.9369   0.0000  -0.0000
    36 121.3497   0.0000  -0.0000
    37 131.0743   0.0000  -0.0000
    38 131.0743   0.0000   0.0000
    39 134.3829   0.0000   0.0000
    40 141.8431   0.0000   0.0000
    41 141.8431   0.0000  -0.0000
    42 143.6535   0.0000   0.0000
    43 145.0730   0.0000   0.0000
    44 145.2913   0.0000  -0.0000
    45 147.6263   0.0000   0.0000
    46 147.6263   0.0000  -0.0000
    47 148.0809   0.0000  -0.0000
    48 148.2762   0.0000   0.0000
    49 158.1005   0.0000   0.0000
    50 158.1005   0.0000  -0.0000
    51 161.6809   0.0000  -0.0000
    52 162.6913   0.0000   0.0000
    53 163.6861   0.0000  -0.0000
    54 171.7492   0.0000   0.0000
    55 171.7492   0.0000   0.0000
    56 172.6967   0.0000   0.0000
    57 176.3771   0.0000   0.0000
    58 176.8197   0.0000   0.0000
    59 176.8197   0.0000  -0.0000
    60 185.3691   0.0000   0.0000
