          29           1
  0.000000  0.000000  0.000000
  60
     1 -68.9593  -0.0000  -0.0000
     2 -33.9464  -0.0000  -0.0000
     3 -33.9463  -0.0000  -0.0000
     4 -33.9463  -0.0000  -0.0000
     5 -13.7799   0.0000  -0.0000
     6   6.7136   0.0000   0.0000
     7   6.7138   0.0000   0.0000
     8   6.7138   0.0000   0.0000
     9  17.7128   0.0000  -0.0000
    10  26.8825   0.0000  -0.0000
    11  26.8825   0.0000   0.0000
    12  26.8825   0.0000  -0.0000
    13  31.5863   0.0000  -0.0000
    14  34.3156   0.0000   0.0000
    15  34.3156   0.0000  -0.0000
    16  41.1121   0.0000   0.0000
    17  41.1131   0.0000   0.0000
    18  41.1131   0.0000   0.0000
    19  57.6772   0.0000   0.0000
    20  57.6775   0.0000  -0.0000
    21  57.6775   0.0000  -0.0000
    22  60.6884   0.0000   0.0000
    23  71.2377   0.0000  -0.0000
    24  71.2377   0.0000  -0.0000
    25  71.2377   0.0000  -0.0000
    26  77.5240   0.0000  -0.0000
    27  77.5240   0.0000  -0.0000
    28  78.5592   0.0000   0.0000
    29  78.5592   0.0000   0.0000
    30  78.5592   0.0000   0.0000
    31  90.2100   0.0000   0.0000
    32  91.0690   0.0000  -0.0000
    33  91.0690   0.0000   0.0000
    34 100.4024   0.0000   0.0000
    35 100.4024   0.0000  -0.0000
    36 100.4024   0.0000   0.0000
    37 101.1781   0.0000  -0.0000
    38 101.1886   0.0000   0.0000
    39 101.1886   0.0000   0.0000
    40 107.6437   0.0000   0.0000
    41 107.6438   0.0000  -0.0000
    42 107.6438   0.0000   0.0000
    43 109.4113   0.0000   0.0000
    44 109.4113   0.0000  -0.0000
    45 109.4113   0.0000  -0.0000
    46 111.2014   0.0000  -0.0000
    47 111.2014   0.0000  -0.0000
    48 111.2014   0.0000  -0.0000
    49 111.5444   0.0000  -0.0000
    50 114.5026   0.0000   0.0000
    51 114.5026   0.0000  -0.0000
    52 114.5026   0.0000  -0.0000
    53 115.4773   0.0000   0.0000
    54 115.4773   0.0000   0.0000
    55 116.0452   0.0000   0.0000
    56 116.0452   0.0000   0.0000
    57 116.0452   0.0000   0.0000
    58 117.8692   0.0000   0.0000
    59 120.2639   0.0000  -0.0000
    60 130.4011   0.0000  -0.0000
  0.125000  0.000000  0.000000
  60
     1 -68.9533  -0.0000   0.0000
     2 -33.9926  -0.0000  -0.0000
     3 -33.9496  -0.0000  -0.0000
     4 -33.9495  -0.0000  -0.0000
     5 -13.4755   0.0000   0.0000
     6   5.6053   0.0000   0.0000
     7   6.5277   0.0000   0.0000
     8   6.5279   0.0000  -0.0000
     9  18.5477   0.0000  -0.0000
    10  24.9638   0.0000   0.0000
    11  27.4591   0.0000  -0.0000
    12  27.4591   0.0000   0.0000
    13  33.7626   0.0000   0.0000
    14  33.7627   0.0000   0.0000
    15  34.8432   0.0000   0.0000
    16  40.8176   0.0000   0.0000
    17  42.5823   0.0000  -0.0000
    18  42.5828   0.0000  -0.0000
    19  55.3660   0.0000   0.0000
    20  57.0900   0.0000  -0.0000
    21  57.0902   0.0000  -0.0000
    22  62.5066   0.0000  -0.0000
    23  67.5319   0.0000  -0.0000
    24  67.5319   0.0000  -0.0000
    25  72.9363   0.0000   0.0000
    26  75.2817   0.0000  -0.0000
    27  75.2818   0.0000  -0.0000
    28  79.0515   0.0000   0.0000
    29  86.4066   0.0000   0.0000
    30  86.4067   0.0000  -0.0000
    31  89.6375   0.0000  -0.0000
    32  89.6378   0.0000  -0.0000
    33  89.6874   0.0000   0.0000
    34  96.0034   0.0000  -0.0000
    35  97.0369   0.0000  -0.0000
    36  97.0370   0.0000   0.0000
    37  97.7843   0.0000  -0.0000
    38 100.9884   0.0000  -0.0000
    39 100.9955   0.0000  -0.0000
    40 101.7208   0.0000   0.0000
    41 101.7209   0.0000  -0.0000
    42 102.8492   0.0000   0.0000
    43 107.8487   0.0000  -0.0000
    44 108.1341   0.0000   0.0000
    45 108.1341   0.0000   0.0000
    46 109.6996   0.0000   0.0000
    47 111.5103   0.0000  -0.0000
    48 113.7290   0.0000  -0.0000
    49 113.7291   0.0000  -0.0000
    50 116.3711   0.0000   0.0000
    51 116.3744   0.0000  -0.0000
    52 117.8010   0.0000  -0.0000
    53 117.8010   0.0000  -0.0000
    54 118.7492   0.0000   0.0000
    55 118.9135   0.0000   0.0000
    56 121.6896   0.0000  -0.0000
    57 125.2122   0.0000  -0.0000
    58 125.8130   0.0000   0.0000
    59 125.8132   0.0000  -0.0000
    60 130.4141   0.0000  -0.0000
  0.250000  0.000000  0.000000
  60
     1 -68.9389  -0.0000   0.0000
     2 -34.1021  -0.0000   0.0000
     3 -33.9574  -0.0000   0.0000
     4 -33.9574  -0.0000   0.0000
     5 -12.6673   0.0000  -0.0000
     6   3.2664   0.0000  -0.0000
     7   6.1032   0.0000  -0.0000
     8   6.1032   0.0000  -0.0000
     9  19.5476   0.0000  -0.0000
    10  23.9577   0.0000   0.0000
    11  28.6230   0.0000  -0.0000
    12  28.6230   0.0000   0.0000
    13  33.5316   0.0000  -0.0000
    14  33.5317   0.0000   0.0000
    15  37.4062   0.0000   0.0000
    16  42.8384   0.0000  -0.0000
    17  45.6136   0.0000   0.0000
    18  45.6138   0.0000   0.0000
    19  52.4705   0.0000   0.0000
    20  54.3090   0.0000   0.0000
    21  54.3090   0.0000  -0.0000
    22  63.9202   0.0000  -0.0000
    23  63.9202   0.0000   0.0000
    24  65.4173   0.0000   0.0000
    25  75.8893   0.0000   0.0000
    26  76.3601   0.0000   0.0000
    27  76.3601   0.0000  -0.0000
    28  80.5250   0.0000  -0.0000
    29  83.7817   0.0000   0.0000
    30  83.7817   0.0000   0.0000
    31  84.8834   0.0000   0.0000
    32  89.0223   0.0000  -0.0000
    33  91.4943   0.0000   0.0000
    34  91.4943   0.0000   0.0000
    35  94.1926   0.0000  -0.0000
    36  94.7791   0.0000  -0.0000
    37  94.7791   0.0000   0.0000
    38  96.4601   0.0000  -0.0000
    39  98.8429   0.0000  -0.0000
    40  98.8429   0.0000  -0.0000
    41 101.4159   0.0000  -0.0000
    42 101.4159   0.0000   0.0000
    43 105.9860   0.0000   0.0000
    44 106.2278   0.0000   0.0000
    45 106.2278   0.0000  -0.0000
    46 107.9797   0.0000   0.0000
    47 115.1204   0.0000  -0.0000
    48 116.0753   0.0000  -0.0000
    49 116.0755   0.0000  -0.0000
    50 118.0302   0.0000   0.0000
    51 120.8965   0.0000  -0.0000
    52 120.8975   0.0000   0.0000
    53 126.4200   0.0000  -0.0000
    54 126.4230   0.0000  -0.0000
    55 128.0980   0.0000   0.0000
    56 128.9845   0.0000  -0.0000
    57 131.3787   0.0000   0.0000
    58 131.3787   0.0000  -0.0000
    59 133.7527   0.0000  -0.0000
    60 139.4093   0.0000   0.0000
  0.375000  0.000000  0.000000
  60
     1 -68.9244  -0.0000  -0.0000
     2 -34.2089  -0.0000  -0.0000
     3 -33.9651  -0.0000  -0.0000
     4 -33.9651  -0.0000   0.0000
     5 -11.7078   0.0000   0.0000
     6   1.0973   0.0000   0.0000
     7   5.7080   0.0000   0.0000
     8   5.7080   0.0000  -0.0000
     9  19.3232   0.0000   0.0000
    10  25.1067   0.0000   0.0000
    11  29.1024   0.0000  -0.0000
    12  29.1024   0.0000   0.0000
    13  35.1350   0.0000   0.0000
    14  35.1350   0.0000  -0.0000
    15  36.6269   0.0000  -0.0000
    16  45.6167   0.0000  -0.0000
    17  47.7729   0.0000   0.0000
    18  47.7729   0.0000  -0.0000
    19  50.3470   0.0000   0.0000
    20  50.3470   0.0000  -0.0000
    21  54.2843   0.0000   0.0000
    22  64.4903   0.0000  -0.0000
    23  64.4903   0.0000   0.0000
    24  68.1875   0.0000  -0.0000
    25  73.3459   0.0000   0.0000
    26  76.4538   0.0000  -0.0000
    27  76.4538   0.0000   0.0000
    28  78.7495   0.0000   0.0000
    29  78.7495   0.0000  -0.0000
    30  79.7357   0.0000  -0.0000
    31  82.9560   0.0000  -0.0000
    32  84.5039   0.0000  -0.0000
    33  86.4891   0.0000  -0.0000
    34  86.4891   0.0000   0.0000
    35  91.0717   0.0000   0.0000
    36  94.2046   0.0000   0.0000
    37  94.3741   0.0000   0.0000
    38  94.3741   0.0000   0.0000
    39  99.6272   0.0000   0.0000
    40  99.6272   0.0000  -0.0000
    41 105.4753   0.0000   0.0000
    42 107.0329   0.0000  -0.0000
    43 107.0329   0.0000  -0.0000
    44 107.5636   0.0000  -0.0000
    45 109.0152   0.0000   0.0000
    46 109.0152   0.0000   0.0000
    47 114.5622   0.0000   0.0000
    48 115.3931   0.0000  -0.0000
    49 115.3931   0.0000   0.0000
    50 122.9441   0.0000  -0.0000
    51 128.0632   0.0000   0.0000
    52 128.0632   0.0000  -0.0000
    53 130.6246   0.0000  -0.0000
    54 133.5702   0.0000  -0.0000
    55 133.5702   0.0000   0.0000
    56 135.4012   0.0000   0.0000
    57 135.4012   0.0000   0.0000
    58 136.3517   0.0000   0.0000
    59 136.4094   0.0000  -0.0000
    60 136.4094   0.0000   0.0000
  0.500000  0.000000  0.000000
  60
     1 -68.9184  -0.0000   0.0000
     2 -34.2524  -0.0000   0.0000
     3 -33.9683  -0.0000   0.0000
     4 -33.9683  -0.0000  -0.0000
     5 -11.2413   0.0000   0.0000
     6   0.1894   0.0000  -0.0000
     7   5.5518   0.0000  -0.0000
     8   5.5518   0.0000  -0.0000
     9  19.1099   0.0000  -0.0000
    10  25.8711   0.0000   0.0000
    11  29.1067   0.0000  -0.0000
    12  29.1067   0.0000   0.0000
    13  36.1707   0.0000  -0.0000
    14  36.6543   0.0000  -0.0000
    15  36.6543   0.0000   0.0000
    16  45.3106   0.0000  -0.0000
    17  46.3933   0.0000  -0.0000
    18  46.3933   0.0000  -0.0000
    19  50.2868   0.0000   0.0000
    20  50.2868   0.0000   0.0000
    21  61.2113   0.0000   0.0000
    22  63.2471   0.0000  -0.0000
    23  66.6728   0.0000   0.0000
    24  66.6728   0.0000   0.0000
    25  71.9678   0.0000  -0.0000
    26  71.9678   0.0000  -0.0000
    27  73.0976   0.0000  -0.0000
    28  76.7709   0.0000  -0.0000
    29  81.0657   0.0000   0.0000
    30  81.0657   0.0000  -0.0000
    31  83.1843   0.0000   0.0000
    32  83.1843   0.0000  -0.0000
    33  84.3169   0.0000  -0.0000
    34  85.6376   0.0000  -0.0000
    35  87.4036   0.0000   0.0000
    36  93.9125   0.0000  -0.0000
    37  93.9125   0.0000   0.0000
    38  94.3830   0.0000   0.0000
    39  99.3763   0.0000  -0.0000
    40  99.3763   0.0000   0.0000
    41 105.7046   0.0000  -0.0000
    42 107.1999   0.0000   0.0000
    43 108.5245   0.0000   0.0000
    44 108.5245   0.0000   0.0000
    45 110.9796   0.0000   0.0000
    46 110.9796   0.0000  -0.0000
    47 114.4177   0.0000   0.0000
    48 122.6193   0.0000  -0.0000
    49 122.6194   0.0000   0.0000
    50 123.2003   0.0000  -0.0000
    51 123.2003   0.0000   0.0000
    52 126.6330   0.0000  -0.0000
    53 130.5371   0.0000  -0.0000
    54 132.3751   0.0000   0.0000
    55 134.2072   0.0000   0.0000
    56 134.2072   0.0000   0.0000
    57 138.9162   0.0000  -0.0000
    58 138.9162   0.0000  -0.0000
    59 142.5351   0.0000   0.0000
    60 142.5398   0.0000   0.0000
  0.125000  0.125000  0.000000
  60
     1 -68.9513  -0.0000  -0.0000
     2 -33.9891  -0.0000   0.0000
     3 -33.9596  -0.0000   0.0000
     4 -33.9596  -0.0000  -0.0000
     5 -13.3819   0.0000   0.0000
     6   5.5063   0.0000  -0.0000
     7   6.3610   0.0000  -0.0000
     8   6.3611   0.0000   0.0000
     9  18.8717   0.0000   0.0000
    10  24.0198   0.0000   0.0000
    11  27.9475   0.0000  -0.0000
    12  27.9475   0.0000   0.0000
    13  32.2737   0.0000  -0.0000
    14  34.9346   0.0000  -0.0000
    15  35.7588   0.0000  -0.0000
    16  41.7451   0.0000   0.0000
    17  41.7451   0.0000   0.0000
    18  43.1031   0.0000   0.0000
    19  55.5211   0.0000  -0.0000
    20  56.4066   0.0000  -0.0000
    21  56.4066   0.0000  -0.0000
    22  63.3431   0.0000   0.0000
    23  68.2492   0.0000   0.0000
    24  68.6226   0.0000   0.0000
    25  68.6226   0.0000   0.0000
    26  71.7695   0.0000  -0.0000
    27  78.3829   0.0000   0.0000
    28  83.8655   0.0000   0.0000
    29  83.8655   0.0000   0.0000
    30  88.4685   0.0000   0.0000
    31  88.9603   0.0000  -0.0000
    32  90.4477   0.0000   0.0000
    33  90.6175   0.0000   0.0000
    34  92.4849   0.0000  -0.0000
    35  92.4849   0.0000   0.0000
    36  96.9352   0.0000   0.0000
    37  98.9010   0.0000   0.0000
    38  98.9010   0.0000  -0.0000
    39 101.1483   0.0000  -0.0000
    40 101.6417   0.0000  -0.0000
    41 105.3600   0.0000   0.0000
    42 105.3600   0.0000   0.0000
    43 106.5764   0.0000   0.0000
    44 106.5764   0.0000  -0.0000
    45 107.0513   0.0000   0.0000
    46 108.2980   0.0000  -0.0000
    47 111.5495   0.0000   0.0000
    48 111.7645   0.0000  -0.0000
    49 115.4966   0.0000  -0.0000
    50 116.3969   0.0000   0.0000
    51 116.3969   0.0000   0.0000
    52 117.5518   0.0000   0.0000
    53 118.4642   0.0000   0.0000
    54 118.4642   0.0000  -0.0000
    55 119.6972   0.0000  -0.0000
    56 124.5705   0.0000   0.0000
    57 124.5705   0.0000   0.0000
    58 127.5815   0.0000  -0.0000
    59 131.0567   0.0000   0.0000
    60 131.1633   0.0000  -0.0000
  0.250000  0.125000  0.000000
  60
     1 -68.9397  -0.0000  -0.0000
     2 -34.0687  -0.0000  -0.0000
     3 -33.9724  -0.0000   0.0000
     4 -33.9661  -0.0000  -0.0000
     5 -12.7617   0.0000  -0.0000
     6   3.8341   0.0000   0.0000
     7   5.9293   0.0000   0.0000
     8   5.9647   0.0000  -0.0000
     9  20.0829   0.0000  -0.0000
    10  22.6959   0.0000   0.0000
    11  28.8185   0.0000   0.0000
    12  29.1210   0.0000  -0.0000
    13  31.2462   0.0000   0.0000
    14  35.2664   0.0000  -0.0000
    15  39.0415   0.0000  -0.0000
    16  42.6461   0.0000  -0.0000
    17  43.7713   0.0000   0.0000
    18  45.4714   0.0000   0.0000
    19  52.6099   0.0000   0.0000
    20  53.8524   0.0000   0.0000
    21  56.6033   0.0000   0.0000
    22  63.3947   0.0000  -0.0000
    23  63.4255   0.0000   0.0000
    24  67.0689   0.0000   0.0000
    25  69.7838   0.0000  -0.0000
    26  74.4055   0.0000   0.0000
    27  78.2455   0.0000  -0.0000
    28  83.3957   0.0000   0.0000
    29  85.5401   0.0000  -0.0000
    30  86.4018   0.0000  -0.0000
    31  87.2496   0.0000   0.0000
    32  88.9159   0.0000  -0.0000
    33  89.0135   0.0000   0.0000
    34  91.4447   0.0000  -0.0000
    35  92.3482   0.0000  -0.0000
    36  94.1484   0.0000  -0.0000
    37  95.9777   0.0000  -0.0000
    38  96.1942   0.0000   0.0000
    39  98.6508   0.0000   0.0000
    40  99.2721   0.0000   0.0000
    41 101.3161   0.0000   0.0000
    42 103.3870   0.0000   0.0000
    43 104.2411   0.0000   0.0000
    44 105.9128   0.0000   0.0000
    45 109.3911   0.0000   0.0000
    46 112.5646   0.0000   0.0000
    47 113.7270   0.0000   0.0000
    48 114.5601   0.0000  -0.0000
    49 114.6517   0.0000  -0.0000
    50 116.9976   0.0000  -0.0000
    51 117.2502   0.0000   0.0000
    52 119.5865   0.0000  -0.0000
    53 119.5873   0.0000   0.0000
    54 126.8056   0.0000   0.0000
    55 128.4149   0.0000  -0.0000
    56 131.6199   0.0000  -0.0000
    57 132.4358   0.0000  -0.0000
    58 132.9435   0.0000  -0.0000
    59 133.1319   0.0000  -0.0000
    60 136.5626   0.0000   0.0000
  0.375000  0.125000  0.000000
  60
     1 -68.9253  -0.0000  -0.0000
     2 -34.1696  -0.0000   0.0000
     3 -33.9802  -0.0000  -0.0000
     4 -33.9784  -0.0000  -0.0000
     5 -11.8674   0.0000  -0.0000
     6   1.8256   0.0000   0.0000
     7   5.3333   0.0000  -0.0000
     8   5.5869   0.0000   0.0000
     9  20.1589   0.0000  -0.0000
    10  23.7350   0.0000  -0.0000
    11  28.4398   0.0000  -0.0000
    12  29.7776   0.0000   0.0000
    13  32.6783   0.0000  -0.0000
    14  36.3781   0.0000   0.0000
    15  38.9330   0.0000   0.0000
    16  46.0902   0.0000  -0.0000
    17  46.8430   0.0000  -0.0000
    18  47.1200   0.0000  -0.0000
    19  49.1582   0.0000   0.0000
    20  52.5892   0.0000   0.0000
    21  55.9529   0.0000  -0.0000
    22  61.4821   0.0000  -0.0000
    23  62.9705   0.0000  -0.0000
    24  69.6259   0.0000   0.0000
    25  71.7375   0.0000  -0.0000
    26  74.0431   0.0000   0.0000
    27  76.8769   0.0000  -0.0000
    28  78.9637   0.0000  -0.0000
    29  79.1768   0.0000   0.0000
    30  80.7537   0.0000  -0.0000
    31  84.2544   0.0000  -0.0000
    32  86.1657   0.0000   0.0000
    33  87.9561   0.0000   0.0000
    34  88.7732   0.0000   0.0000
    35  91.0661   0.0000  -0.0000
    36  93.6331   0.0000  -0.0000
    37  94.1826   0.0000  -0.0000
    38  96.4871   0.0000   0.0000
    39  97.1159   0.0000  -0.0000
    40  99.8828   0.0000   0.0000
    41 103.2551   0.0000   0.0000
    42 105.2958   0.0000  -0.0000
    43 106.8183   0.0000  -0.0000
    44 108.0020   0.0000  -0.0000
    45 111.2050   0.0000   0.0000
    46 111.5248   0.0000  -0.0000
    47 114.0361   0.0000   0.0000
    48 116.9372   0.0000   0.0000
    49 117.0767   0.0000  -0.0000
    50 120.4029   0.0000   0.0000
    51 123.2585   0.0000  -0.0000
    52 124.1245   0.0000  -0.0000
    53 127.4212   0.0000  -0.0000
    54 128.0545   0.0000  -0.0000
    55 133.3844   0.0000   0.0000
    56 134.1367   0.0000   0.0000
    57 134.2719   0.0000   0.0000
    58 138.5890   0.0000   0.0000
    59 140.1238   0.0000   0.0000
    60 140.3038   0.0000  -0.0000
  0.500000  0.125000  0.000000
  60
     1 -68.9165  -0.0000  -0.0000
     2 -34.2292  -0.0000   0.0000
     3 -33.9931  -0.0000   0.0000
     4 -33.9787  -0.0000  -0.0000
     5 -11.2181   0.0000   0.0000
     6   0.5805   0.0000   0.0000
     7   4.9020   0.0000  -0.0000
     8   5.4264   0.0000  -0.0000
     9  19.9245   0.0000   0.0000
    10  25.1291   0.0000  -0.0000
    11  28.0533   0.0000  -0.0000
    12  29.7773   0.0000   0.0000
    13  34.8057   0.0000   0.0000
    14  37.1739   0.0000   0.0000
    15  38.4510   0.0000   0.0000
    16  45.7672   0.0000  -0.0000
    17  45.9219   0.0000   0.0000
    18  47.0468   0.0000   0.0000
    19  50.4559   0.0000  -0.0000
    20  52.1296   0.0000  -0.0000
    21  59.7996   0.0000  -0.0000
    22  64.4716   0.0000  -0.0000
    23  65.4502   0.0000   0.0000
    24  65.8936   0.0000  -0.0000
    25  69.6518   0.0000  -0.0000
    26  72.4093   0.0000   0.0000
    27  74.3347   0.0000  -0.0000
    28  74.5557   0.0000  -0.0000
    29  78.1986   0.0000  -0.0000
    30  79.8237   0.0000   0.0000
    31  80.4914   0.0000   0.0000
    32  84.3152   0.0000   0.0000
    33  85.7189   0.0000  -0.0000
    34  89.2912   0.0000  -0.0000
    35  90.7393   0.0000  -0.0000
    36  93.8420   0.0000  -0.0000
    37  94.0634   0.0000  -0.0000
    38  94.8200   0.0000   0.0000
    39  98.0495   0.0000  -0.0000
    40  98.3827   0.0000   0.0000
    41 101.9283   0.0000   0.0000
    42 106.1561   0.0000   0.0000
    43 110.9665   0.0000  -0.0000
    44 111.2158   0.0000   0.0000
    45 112.0892   0.0000  -0.0000
    46 115.0101   0.0000  -0.0000
    47 116.4205   0.0000   0.0000
    48 120.4004   0.0000   0.0000
    49 123.2039   0.0000   0.0000
    50 123.7323   0.0000   0.0000
    51 123.7684   0.0000  -0.0000
    52 125.4972   0.0000  -0.0000
    53 129.8555   0.0000  -0.0000
    54 131.4650   0.0000  -0.0000
    55 132.1638   0.0000   0.0000
    56 132.4246   0.0000  -0.0000
    57 136.0416   0.0000  -0.0000
    58 137.2100   0.0000  -0.0000
    59 138.4998   0.0000   0.0000
    60 140.5791   0.0000   0.0000
 -0.375000  0.125000  0.000000
  60
     1 -68.9184  -0.0000   0.0000
     2 -34.2156  -0.0000  -0.0000
     3 -34.0009  -0.0000  -0.0000
     4 -33.9686  -0.0000   0.0000
     5 -11.3615   0.0000   0.0000
     6   0.8655   0.0000  -0.0000
     7   4.8414   0.0000   0.0000
     8   5.5619   0.0000  -0.0000
     9  20.0715   0.0000  -0.0000
    10  24.8676   0.0000   0.0000
    11  28.2026   0.0000   0.0000
    12  29.7706   0.0000  -0.0000
    13  34.7498   0.0000  -0.0000
    14  35.8074   0.0000   0.0000
    15  38.6454   0.0000   0.0000
    16  45.9140   0.0000  -0.0000
    17  46.9928   0.0000   0.0000
    18  47.5303   0.0000  -0.0000
    19  49.2009   0.0000  -0.0000
    20  53.0194   0.0000  -0.0000
    21  57.3659   0.0000  -0.0000
    22  62.1532   0.0000  -0.0000
    23  65.5081   0.0000   0.0000
    24  68.4712   0.0000   0.0000
    25  71.5373   0.0000   0.0000
    26  73.0538   0.0000   0.0000
    27  74.4275   0.0000   0.0000
    28  75.5039   0.0000   0.0000
    29  79.2431   0.0000  -0.0000
    30  79.3023   0.0000  -0.0000
    31  79.8833   0.0000   0.0000
    32  84.2367   0.0000  -0.0000
    33  86.1033   0.0000  -0.0000
    34  89.0978   0.0000  -0.0000
    35  90.1884   0.0000   0.0000
    36  94.2280   0.0000   0.0000
    37  95.1413   0.0000  -0.0000
    38  96.2547   0.0000  -0.0000
    39  98.1878   0.0000  -0.0000
    40  98.6632   0.0000  -0.0000
    41 100.1515   0.0000  -0.0000
    42 107.0823   0.0000   0.0000
    43 109.0491   0.0000  -0.0000
    44 111.1121   0.0000   0.0000
    45 111.5348   0.0000   0.0000
    46 114.8353   0.0000  -0.0000
    47 114.9089   0.0000  -0.0000
    48 119.2859   0.0000   0.0000
    49 120.8796   0.0000  -0.0000
    50 122.5761   0.0000   0.0000
    51 125.3694   0.0000   0.0000
    52 127.6936   0.0000   0.0000
    53 129.3488   0.0000  -0.0000
    54 130.3007   0.0000   0.0000
    55 131.7463   0.0000  -0.0000
    56 134.3632   0.0000  -0.0000
    57 135.0804   0.0000  -0.0000
    58 136.3219   0.0000   0.0000
    59 138.7607   0.0000  -0.0000
    60 140.6972   0.0000   0.0000
 -0.250000  0.125000  0.000000
  60
     1 -68.9301  -0.0000  -0.0000
     2 -34.1383  -0.0000   0.0000
     3 -33.9951  -0.0000  -0.0000
     4 -33.9560  -0.0000  -0.0000
     5 -12.1614   0.0000   0.0000
     6   2.4805   0.0000  -0.0000
     7   5.2031   0.0000  -0.0000
     8   5.9331   0.0000   0.0000
     9  20.4103   0.0000   0.0000
    10  23.4278   0.0000  -0.0000
    11  28.6232   0.0000  -0.0000
    12  29.5780   0.0000   0.0000
    13  32.2295   0.0000  -0.0000
    14  35.0162   0.0000   0.0000
    15  39.2141   0.0000   0.0000
    16  44.4414   0.0000  -0.0000
    17  46.7086   0.0000   0.0000
    18  47.2057   0.0000  -0.0000
    19  49.2699   0.0000  -0.0000
    20  53.8639   0.0000  -0.0000
    21  56.2205   0.0000  -0.0000
    22  60.4290   0.0000   0.0000
    23  62.8114   0.0000  -0.0000
    24  68.6503   0.0000   0.0000
    25  72.4614   0.0000   0.0000
    26  76.4744   0.0000  -0.0000
    27  77.2422   0.0000  -0.0000
    28  79.6196   0.0000   0.0000
    29  81.8011   0.0000  -0.0000
    30  82.6125   0.0000   0.0000
    31  83.6875   0.0000   0.0000
    32  86.8079   0.0000   0.0000
    33  88.0048   0.0000   0.0000
    34  88.3504   0.0000  -0.0000
    35  90.7683   0.0000   0.0000
    36  94.8734   0.0000  -0.0000
    37  95.7104   0.0000  -0.0000
    38  97.7855   0.0000  -0.0000
    39  98.8870   0.0000   0.0000
    40  99.6376   0.0000   0.0000
    41 100.4907   0.0000   0.0000
    42 103.2950   0.0000   0.0000
    43 105.0311   0.0000   0.0000
    44 107.1761   0.0000   0.0000
    45 109.0391   0.0000   0.0000
    46 112.7160   0.0000   0.0000
    47 114.1526   0.0000   0.0000
    48 117.4271   0.0000  -0.0000
    49 118.3893   0.0000   0.0000
    50 118.5790   0.0000   0.0000
    51 120.0641   0.0000  -0.0000
    52 125.6875   0.0000  -0.0000
    53 125.9428   0.0000   0.0000
    54 128.7258   0.0000  -0.0000
    55 129.7697   0.0000  -0.0000
    56 130.4736   0.0000  -0.0000
    57 134.4224   0.0000  -0.0000
    58 135.6175   0.0000   0.0000
    59 138.5495   0.0000  -0.0000
    60 138.8353   0.0000  -0.0000
 -0.125000  0.125000  0.000000
  60
     1 -68.9445  -0.0000  -0.0000
     2 -34.0453  -0.0000  -0.0000
     3 -33.9742  -0.0000   0.0000
     4 -33.9480  -0.0000  -0.0000
     5 -13.0099   0.0000  -0.0000
     6   4.4085   0.0000  -0.0000
     7   5.9143   0.0000  -0.0000
     8   6.3419   0.0000  -0.0000
     9  19.6175   0.0000  -0.0000
    10  23.5282   0.0000   0.0000
    11  28.2248   0.0000   0.0000
    12  28.4391   0.0000   0.0000
    13  32.3740   0.0000  -0.0000
    14  34.2083   0.0000   0.0000
    15  37.8737   0.0000  -0.0000
    16  41.9155   0.0000   0.0000
    17  42.9176   0.0000  -0.0000
    18  45.0866   0.0000  -0.0000
    19  52.5963   0.0000   0.0000
    20  55.8310   0.0000   0.0000
    21  57.3555   0.0000   0.0000
    22  62.0176   0.0000  -0.0000
    23  65.1525   0.0000   0.0000
    24  66.2671   0.0000   0.0000
    25  72.5388   0.0000   0.0000
    26  74.5273   0.0000   0.0000
    27  75.6115   0.0000   0.0000
    28  84.9870   0.0000  -0.0000
    29  87.0957   0.0000  -0.0000
    30  87.2781   0.0000   0.0000
    31  87.6316   0.0000  -0.0000
    32  89.5095   0.0000   0.0000
    33  89.9982   0.0000  -0.0000
    34  90.6594   0.0000   0.0000
    35  92.8035   0.0000  -0.0000
    36  94.3196   0.0000   0.0000
    37  94.4090   0.0000  -0.0000
    38  98.0758   0.0000   0.0000
    39  99.5935   0.0000   0.0000
    40 100.7005   0.0000  -0.0000
    41 101.4346   0.0000  -0.0000
    42 102.9155   0.0000  -0.0000
    43 103.8893   0.0000  -0.0000
    44 108.0953   0.0000   0.0000
    45 108.5175   0.0000  -0.0000
    46 109.1949   0.0000  -0.0000
    47 110.8299   0.0000   0.0000
    48 114.6114   0.0000   0.0000
    49 117.1592   0.0000  -0.0000
    50 118.2686   0.0000  -0.0000
    51 118.4546   0.0000   0.0000
    52 119.5149   0.0000  -0.0000
    53 122.3162   0.0000  -0.0000
    54 122.8737   0.0000  -0.0000
    55 123.9456   0.0000  -0.0000
    56 126.4827   0.0000   0.0000
    57 126.7778   0.0000   0.0000
    58 129.3297   0.0000  -0.0000
    59 133.3790   0.0000   0.0000
    60 135.6538   0.0000   0.0000
  0.250000  0.250000  0.000000
  60
     1 -68.9321  -0.0000   0.0000
     2 -34.0821  -0.0000   0.0000
     3 -33.9921  -0.0000   0.0000
     4 -33.9921  -0.0000   0.0000
     5 -12.4047   0.0000   0.0000
     6   3.2544   0.0000   0.0000
     7   5.6213   0.0000   0.0000
     8   5.6213   0.0000   0.0000
     9  20.8600   0.0000  -0.0000
    10  21.1750   0.0000  -0.0000
    11  28.8656   0.0000  -0.0000
    12  30.4680   0.0000   0.0000
    13  30.4680   0.0000  -0.0000
    14  36.7411   0.0000  -0.0000
    15  42.8524   0.0000  -0.0000
    16  43.7300   0.0000   0.0000
    17  43.7300   0.0000   0.0000
    18  45.3286   0.0000  -0.0000
    19  53.3331   0.0000   0.0000
    20  53.3331   0.0000   0.0000
    21  53.7856   0.0000   0.0000
    22  59.8947   0.0000  -0.0000
    23  66.7141   0.0000   0.0000
    24  66.7141   0.0000   0.0000
    25  68.4146   0.0000   0.0000
    26  73.2655   0.0000   0.0000
    27  78.5686   0.0000   0.0000
    28  80.6904   0.0000   0.0000
    29  80.6904   0.0000   0.0000
    30  84.7691   0.0000  -0.0000
    31  86.5582   0.0000   0.0000
    32  88.5455   0.0000   0.0000
    33  90.8525   0.0000   0.0000
    34  91.6824   0.0000   0.0000
    35  91.6824   0.0000  -0.0000
    36  95.9352   0.0000   0.0000
    37  95.9352   0.0000  -0.0000
    38  97.5897   0.0000   0.0000
    39  99.3251   0.0000  -0.0000
    40 101.3749   0.0000   0.0000
    41 101.6666   0.0000  -0.0000
    42 103.0786   0.0000  -0.0000
    43 103.0786   0.0000  -0.0000
    44 105.1910   0.0000  -0.0000
    45 108.1226   0.0000   0.0000
    46 108.1226   0.0000  -0.0000
    47 108.2314   0.0000  -0.0000
    48 117.0679   0.0000   0.0000
    49 118.3782   0.0000   0.0000
    50 118.3782   0.0000  -0.0000
    51 121.2202   0.0000   0.0000
    52 121.6425   0.0000  -0.0000
    53 125.1548   0.0000  -0.0000
    54 125.1548   0.0000   0.0000
    55 126.7530   0.0000  -0.0000
    56 131.8078   0.0000  -0.0000
    57 138.2739   0.0000   0.0000
    58 138.4401   0.0000   0.0000
    59 138.4401   0.0000  -0.0000
    60 139.9441   0.0000  -0.0000
  0.375000  0.250000  0.000000
  60
     1 -68.9205  -0.0000   0.0000
     2 -34.1414  -0.0000  -0.0000
     3 -34.0118  -0.0000   0.0000
     4 -34.0050  -0.0000   0.0000
     5 -11.7482   0.0000  -0.0000
     6   2.1124   0.0000   0.0000
     7   4.9285   0.0000   0.0000
     8   5.2883   0.0000  -0.0000
     9  20.2533   0.0000  -0.0000
    10  22.5095   0.0000  -0.0000
    11  27.3399   0.0000   0.0000
    12  31.4331   0.0000   0.0000
    13  32.0672   0.0000  -0.0000
    14  38.0192   0.0000   0.0000
    15  43.2653   0.0000   0.0000
    16  45.1865   0.0000   0.0000
    17  45.7101   0.0000   0.0000
    18  47.8288   0.0000   0.0000
    19  50.2206   0.0000   0.0000
    20  52.2434   0.0000   0.0000
    21  56.6596   0.0000  -0.0000
    22  58.7533   0.0000  -0.0000
    23  62.7631   0.0000  -0.0000
    24  66.8008   0.0000  -0.0000
    25  71.7617   0.0000   0.0000
    26  72.7306   0.0000   0.0000
    27  75.5136   0.0000   0.0000
    28  76.8364   0.0000  -0.0000
    29  77.8772   0.0000  -0.0000
    30  80.8066   0.0000   0.0000
    31  84.1588   0.0000   0.0000
    32  86.5200   0.0000   0.0000
    33  88.6392   0.0000   0.0000
    34  91.0090   0.0000   0.0000
    35  92.0355   0.0000   0.0000
    36  92.9163   0.0000  -0.0000
    37  96.3184   0.0000   0.0000
    38  97.4879   0.0000  -0.0000
    39  97.6838   0.0000  -0.0000
    40  99.6257   0.0000  -0.0000
    41 103.6633   0.0000  -0.0000
    42 106.0831   0.0000   0.0000
    43 106.6820   0.0000   0.0000
    44 107.6377   0.0000  -0.0000
    45 109.9576   0.0000   0.0000
    46 110.0330   0.0000   0.0000
    47 112.2755   0.0000  -0.0000
    48 117.4775   0.0000  -0.0000
    49 118.7407   0.0000  -0.0000
    50 121.1073   0.0000   0.0000
    51 121.5645   0.0000   0.0000
    52 126.0569   0.0000  -0.0000
    53 126.3671   0.0000  -0.0000
    54 130.3595   0.0000  -0.0000
    55 133.8995   0.0000   0.0000
    56 134.5430   0.0000   0.0000
    57 135.4921   0.0000  -0.0000
    58 138.3403   0.0000   0.0000
    59 139.3484   0.0000  -0.0000
    60 142.3423   0.0000   0.0000
  0.500000  0.250000  0.000000
  60
     1 -68.9117  -0.0000   0.0000
     2 -34.1814  -0.0000   0.0000
     3 -34.0442  -0.0000  -0.0000
     4 -34.0036  -0.0000   0.0000
     5 -11.1436   0.0000  -0.0000
     6   1.3514   0.0000   0.0000
     7   3.8831   0.0000  -0.0000
     8   5.1404   0.0000  -0.0000
     9  20.6237   0.0000  -0.0000
    10  24.0538   0.0000  -0.0000
    11  26.4743   0.0000  -0.0000
    12  31.4570   0.0000   0.0000
    13  33.0949   0.0000  -0.0000
    14  38.8005   0.0000   0.0000
    15  42.6689   0.0000   0.0000
    16  44.6803   0.0000  -0.0000
    17  44.9198   0.0000  -0.0000
    18  48.6276   0.0000  -0.0000
    19  51.2306   0.0000   0.0000
    20  56.5894   0.0000   0.0000
    21  58.7164   0.0000  -0.0000
    22  61.3700   0.0000   0.0000
    23  61.4316   0.0000   0.0000
    24  65.6200   0.0000   0.0000
    25  67.2938   0.0000  -0.0000
    26  71.0755   0.0000  -0.0000
    27  72.2955   0.0000  -0.0000
    28  76.4861   0.0000  -0.0000
    29  76.9146   0.0000  -0.0000
    30  80.1930   0.0000   0.0000
    31  80.8169   0.0000  -0.0000
    32  81.9065   0.0000   0.0000
    33  86.8309   0.0000  -0.0000
    34  89.0085   0.0000  -0.0000
    35  91.3394   0.0000  -0.0000
    36  91.5589   0.0000  -0.0000
    37  93.9873   0.0000   0.0000
    38  96.5350   0.0000  -0.0000
    39  99.9150   0.0000  -0.0000
    40 100.0605   0.0000  -0.0000
    41 106.3466   0.0000   0.0000
    42 106.4122   0.0000   0.0000
    43 111.4497   0.0000  -0.0000
    44 112.6243   0.0000  -0.0000
    45 112.6944   0.0000  -0.0000
    46 114.6537   0.0000   0.0000
    47 119.2687   0.0000  -0.0000
    48 119.3450   0.0000  -0.0000
    49 121.6590   0.0000   0.0000
    50 121.7538   0.0000   0.0000
    51 124.0289   0.0000  -0.0000
    52 125.2666   0.0000  -0.0000
    53 125.6653   0.0000  -0.0000
    54 129.6715   0.0000  -0.0000
    55 133.8960   0.0000  -0.0000
    56 134.0774   0.0000  -0.0000
    57 136.0383   0.0000  -0.0000
    58 136.5027   0.0000  -0.0000
    59 139.0321   0.0000  -0.0000
    60 140.6452   0.0000   0.0000
 -0.375000  0.250000  0.000000
  60
     1 -68.9109  -0.0000   0.0000
     2 -34.1787  -0.0000   0.0000
     3 -34.0714  -0.0000   0.0000
     4 -33.9886  -0.0000  -0.0000
     5 -11.0203   0.0000   0.0000
     6   1.3997   0.0000   0.0000
     7   3.2498   0.0000   0.0000
     8   5.2505   0.0000   0.0000
     9  21.3873   0.0000  -0.0000
    10  24.1159   0.0000  -0.0000
    11  26.8789   0.0000   0.0000
    12  31.2841   0.0000  -0.0000
    13  33.8061   0.0000   0.0000
    14  35.7572   0.0000   0.0000
    15  42.3537   0.0000  -0.0000
    16  45.2194   0.0000  -0.0000
    17  45.7481   0.0000  -0.0000
    18  49.2237   0.0000  -0.0000
    19  51.8916   0.0000  -0.0000
    20  54.9182   0.0000   0.0000
    21  59.1932   0.0000  -0.0000
    22  61.9647   0.0000  -0.0000
    23  64.7574   0.0000  -0.0000
    24  66.7216   0.0000   0.0000
    25  67.4776   0.0000  -0.0000
    26  69.7207   0.0000  -0.0000
    27  70.2089   0.0000  -0.0000
    28  75.1527   0.0000  -0.0000
    29  77.5736   0.0000  -0.0000
    30  78.8713   0.0000  -0.0000
    31  81.0455   0.0000  -0.0000
    32  81.5780   0.0000   0.0000
    33  84.7580   0.0000   0.0000
    34  86.3986   0.0000  -0.0000
    35  91.9694   0.0000   0.0000
    36  93.7049   0.0000  -0.0000
    37  94.2314   0.0000  -0.0000
    38  94.7607   0.0000  -0.0000
    39 101.3030   0.0000   0.0000
    40 102.8034   0.0000  -0.0000
    41 104.4003   0.0000  -0.0000
    42 106.0740   0.0000  -0.0000
    43 111.4528   0.0000   0.0000
    44 114.3087   0.0000   0.0000
    45 114.5810   0.0000   0.0000
    46 116.2432   0.0000   0.0000
    47 119.3901   0.0000  -0.0000
    48 120.4790   0.0000  -0.0000
    49 121.4822   0.0000   0.0000
    50 122.7969   0.0000   0.0000
    51 125.0993   0.0000   0.0000
    52 125.1713   0.0000   0.0000
    53 128.4622   0.0000  -0.0000
    54 129.9942   0.0000   0.0000
    55 131.4350   0.0000  -0.0000
    56 132.3342   0.0000  -0.0000
    57 133.4036   0.0000  -0.0000
    58 135.7313   0.0000   0.0000
    59 136.8497   0.0000  -0.0000
    60 141.4283   0.0000  -0.0000
 -0.250000  0.250000  0.000000
  60
     1 -68.9185  -0.0000   0.0000
     2 -34.1598  -0.0000   0.0000
     3 -34.0525  -0.0000  -0.0000
     4 -33.9689  -0.0000  -0.0000
     5 -11.4772   0.0000  -0.0000
     6   1.9126   0.0000  -0.0000
     7   3.7668   0.0000  -0.0000
     8   5.5719   0.0000   0.0000
     9  21.8880   0.0000  -0.0000
    10  22.9683   0.0000  -0.0000
    11  27.6257   0.0000   0.0000
    12  31.3537   0.0000  -0.0000
    13  32.2293   0.0000  -0.0000
    14  35.1595   0.0000   0.0000
    15  41.9200   0.0000  -0.0000
    16  44.6255   0.0000  -0.0000
    17  47.2148   0.0000   0.0000
    18  47.6439   0.0000  -0.0000
    19  50.6470   0.0000   0.0000
    20  56.0609   0.0000  -0.0000
    21  57.3804   0.0000   0.0000
    22  58.8872   0.0000   0.0000
    23  60.4265   0.0000   0.0000
    24  70.5303   0.0000  -0.0000
    25  71.4035   0.0000  -0.0000
    26  74.2829   0.0000   0.0000
    27  74.5630   0.0000   0.0000
    28  76.9980   0.0000   0.0000
    29  77.7253   0.0000  -0.0000
    30  78.6803   0.0000  -0.0000
    31  81.7029   0.0000  -0.0000
    32  83.9491   0.0000   0.0000
    33  84.8722   0.0000  -0.0000
    34  85.7718   0.0000   0.0000
    35  93.1132   0.0000   0.0000
    36  94.2498   0.0000   0.0000
    37  95.6007   0.0000   0.0000
    38  95.6502   0.0000   0.0000
    39 100.6037   0.0000  -0.0000
    40 101.9363   0.0000   0.0000
    41 103.1204   0.0000  -0.0000
    42 105.0604   0.0000   0.0000
    43 105.6579   0.0000  -0.0000
    44 111.5828   0.0000  -0.0000
    45 112.8142   0.0000  -0.0000
    46 113.0629   0.0000   0.0000
    47 117.4690   0.0000  -0.0000
    48 119.2231   0.0000   0.0000
    49 121.1447   0.0000  -0.0000
    50 121.5699   0.0000  -0.0000
    51 121.7373   0.0000  -0.0000
    52 126.0121   0.0000   0.0000
    53 126.8561   0.0000   0.0000
    54 131.5252   0.0000   0.0000
    55 131.8245   0.0000   0.0000
    56 133.7070   0.0000   0.0000
    57 133.7946   0.0000  -0.0000
    58 136.6752   0.0000   0.0000
    59 137.5625   0.0000   0.0000
    60 138.2786   0.0000   0.0000
  0.375000  0.375000  0.000000
  60
     1 -68.9129  -0.0000   0.0000
     2 -34.1614  -0.0000   0.0000
     3 -34.0250  -0.0000  -0.0000
     4 -34.0250  -0.0000   0.0000
     5 -11.4080   0.0000   0.0000
     6   1.5278   0.0000   0.0000
     7   5.0006   0.0000  -0.0000
     8   5.0006   0.0000   0.0000
     9  18.8873   0.0000  -0.0000
    10  22.9997   0.0000  -0.0000
    11  26.5166   0.0000  -0.0000
    12  32.9822   0.0000  -0.0000
    13  32.9822   0.0000  -0.0000
    14  39.4475   0.0000   0.0000
    15  43.8525   0.0000  -0.0000
    16  46.1966   0.0000  -0.0000
    17  46.1966   0.0000  -0.0000
    18  51.3882   0.0000  -0.0000
    19  51.6940   0.0000  -0.0000
    20  51.6941   0.0000  -0.0000
    21  53.2563   0.0000  -0.0000
    22  56.1971   0.0000   0.0000
    23  64.6162   0.0000  -0.0000
    24  64.6167   0.0000  -0.0000
    25  72.2278   0.0000  -0.0000
    26  72.2278   0.0000   0.0000
    27  72.3421   0.0000   0.0000
    28  75.0774   0.0000   0.0000
    29  75.4135   0.0000  -0.0000
    30  75.9772   0.0000   0.0000
    31  87.2715   0.0000   0.0000
    32  87.9342   0.0000  -0.0000
    33  90.3064   0.0000  -0.0000
    34  90.3064   0.0000   0.0000
    35  90.4574   0.0000  -0.0000
    36  92.9342   0.0000  -0.0000
    37  96.2767   0.0000  -0.0000
    38  96.6690   0.0000  -0.0000
    39 101.2354   0.0000   0.0000
    40 101.2354   0.0000   0.0000
    41 101.8261   0.0000  -0.0000
    42 101.8262   0.0000  -0.0000
    43 103.2679   0.0000   0.0000
    44 105.0563   0.0000   0.0000
    45 112.9933   0.0000  -0.0000
    46 112.9934   0.0000   0.0000
    47 115.3383   0.0000   0.0000
    48 121.1474   0.0000   0.0000
    49 121.1483   0.0000   0.0000
    50 123.3024   0.0000   0.0000
    51 124.8423   0.0000  -0.0000
    52 129.6759   0.0000  -0.0000
    53 132.4916   0.0000  -0.0000
    54 132.4916   0.0000  -0.0000
    55 133.1558   0.0000  -0.0000
    56 133.9530   0.0000  -0.0000
    57 133.9531   0.0000  -0.0000
    58 135.2563   0.0000   0.0000
    59 141.1398   0.0000   0.0000
    60 142.9469   0.0000   0.0000
  0.500000  0.375000  0.000000
  60
     1 -68.9069  -0.0000  -0.0000
     2 -34.1754  -0.0000   0.0000
     3 -34.0529  -0.0000   0.0000
     4 -34.0285  -0.0000  -0.0000
     5 -11.0425   0.0000   0.0000
     6   1.2248   0.0000   0.0000
     7   4.2241   0.0000   0.0000
     8   4.8750   0.0000   0.0000
     9  19.1446   0.0000   0.0000
    10  23.7546   0.0000   0.0000
    11  25.9175   0.0000  -0.0000
    12  33.2528   0.0000   0.0000
    13  33.4320   0.0000   0.0000
    14  41.0684   0.0000   0.0000
    15  43.3655   0.0000   0.0000
    16  44.0421   0.0000  -0.0000
    17  45.8011   0.0000   0.0000
    18  51.5788   0.0000   0.0000
    19  52.4532   0.0000  -0.0000
    20  55.1953   0.0000  -0.0000
    21  58.0105   0.0000   0.0000
    22  58.9080   0.0000  -0.0000
    23  60.1645   0.0000  -0.0000
    24  62.7900   0.0000   0.0000
    25  66.2497   0.0000   0.0000
    26  70.1209   0.0000   0.0000
    27  70.3022   0.0000   0.0000
    28  75.6631   0.0000   0.0000
    29  77.8356   0.0000   0.0000
    30  78.7820   0.0000   0.0000
    31  81.8864   0.0000   0.0000
    32  85.7137   0.0000  -0.0000
    33  88.5118   0.0000   0.0000
    34  89.7419   0.0000   0.0000
    35  90.1693   0.0000  -0.0000
    36  91.7471   0.0000   0.0000
    37  92.1830   0.0000  -0.0000
    38  95.2334   0.0000  -0.0000
    39 100.1521   0.0000   0.0000
    40 103.6589   0.0000   0.0000
    41 103.7032   0.0000   0.0000
    42 105.7677   0.0000   0.0000
    43 107.2113   0.0000  -0.0000
    44 110.9544   0.0000  -0.0000
    45 114.9339   0.0000   0.0000
    46 116.3721   0.0000  -0.0000
    47 118.8513   0.0000  -0.0000
    48 120.8088   0.0000   0.0000
    49 122.3153   0.0000   0.0000
    50 125.2633   0.0000  -0.0000
    51 126.2321   0.0000  -0.0000
    52 128.2568   0.0000  -0.0000
    53 129.1160   0.0000  -0.0000
    54 130.4839   0.0000   0.0000
    55 134.0594   0.0000   0.0000
    56 134.2917   0.0000  -0.0000
    57 135.0341   0.0000   0.0000
    58 138.9075   0.0000  -0.0000
    59 139.3478   0.0000   0.0000
    60 140.8519   0.0000  -0.0000
 -0.375000  0.375000  0.000000
  60
     1 -68.9061  -0.0000  -0.0000
     2 -34.1467  -0.0000  -0.0000
     3 -34.1081  -0.0000  -0.0000
     4 -34.0134  -0.0000  -0.0000
     5 -10.8820   0.0000  -0.0000
     6   1.7075   0.0000  -0.0000
     7   2.8391   0.0000  -0.0000
     8   4.9724   0.0000   0.0000
     9  20.5373   0.0000   0.0000
    10  24.9466   0.0000  -0.0000
    11  25.3380   0.0000  -0.0000
    12  32.5417   0.0000  -0.0000
    13  32.9250   0.0000  -0.0000
    14  38.8146   0.0000   0.0000
    15  43.9328   0.0000  -0.0000
    16  44.1595   0.0000   0.0000
    17  44.7648   0.0000   0.0000
    18  51.9290   0.0000  -0.0000
    19  54.3120   0.0000  -0.0000
    20  54.9704   0.0000   0.0000
    21  60.1207   0.0000   0.0000
    22  60.4175   0.0000  -0.0000
    23  62.2692   0.0000  -0.0000
    24  62.3457   0.0000   0.0000
    25  67.7235   0.0000   0.0000
    26  68.7296   0.0000   0.0000
    27  69.2966   0.0000  -0.0000
    28  71.9237   0.0000  -0.0000
    29  77.5329   0.0000   0.0000
    30  79.7702   0.0000  -0.0000
    31  81.4253   0.0000   0.0000
    32  82.3545   0.0000  -0.0000
    33  86.5223   0.0000  -0.0000
    34  86.8957   0.0000   0.0000
    35  90.3655   0.0000  -0.0000
    36  91.8351   0.0000   0.0000
    37  92.6744   0.0000   0.0000
    38  93.2791   0.0000   0.0000
    39 104.5377   0.0000   0.0000
    40 104.5397   0.0000  -0.0000
    41 104.5947   0.0000  -0.0000
    42 111.3586   0.0000  -0.0000
    43 113.0422   0.0000  -0.0000
    44 114.0867   0.0000  -0.0000
    45 115.1039   0.0000  -0.0000
    46 117.9015   0.0000   0.0000
    47 118.0977   0.0000  -0.0000
    48 119.1084   0.0000  -0.0000
    49 120.5359   0.0000   0.0000
    50 121.0426   0.0000   0.0000
    51 124.3880   0.0000   0.0000
    52 127.9023   0.0000  -0.0000
    53 128.3008   0.0000   0.0000
    54 128.9985   0.0000  -0.0000
    55 129.5332   0.0000   0.0000
    56 134.0965   0.0000  -0.0000
    57 136.1469   0.0000   0.0000
    58 137.5121   0.0000   0.0000
    59 139.0371   0.0000  -0.0000
    60 139.1660   0.0000   0.0000
  0.500000  0.500000  0.000000
  60
     1 -68.9050  -0.0000  -0.0000
     2 -34.1905  -0.0000  -0.0000
     3 -34.0387  -0.0000  -0.0000
     4 -34.0387  -0.0000   0.0000
     5 -10.9924   0.0000  -0.0000
     6   0.9213   0.0000   0.0000
     7   4.7706   0.0000   0.0000
     8   4.7706   0.0000  -0.0000
     9  18.2229   0.0000   0.0000
    10  23.2289   0.0000  -0.0000
    11  26.2466   0.0000  -0.0000
    12  34.0629   0.0000   0.0000
    13  34.0629   0.0000   0.0000
    14  41.3563   0.0000   0.0000
    15  42.5686   0.0000  -0.0000
    16  46.3410   0.0000   0.0000
    17  46.3410   0.0000   0.0000
    18  50.0361   0.0000   0.0000
    19  53.9702   0.0000  -0.0000
    20  53.9702   0.0000   0.0000
    21  58.0876   0.0000  -0.0000
    22  60.7852   0.0000  -0.0000
    23  60.7852   0.0000  -0.0000
    24  60.8780   0.0000  -0.0000
    25  61.6328   0.0000  -0.0000
    26  70.2375   0.0000   0.0000
    27  70.2375   0.0000  -0.0000
    28  74.2087   0.0000  -0.0000
    29  76.5127   0.0000  -0.0000
    30  81.2883   0.0000   0.0000
    31  86.8059   0.0000  -0.0000
    32  87.4089   0.0000   0.0000
    33  89.0592   0.0000   0.0000
    34  89.0592   0.0000  -0.0000
    35  89.6950   0.0000   0.0000
    36  90.5212   0.0000   0.0000
    37  90.8541   0.0000   0.0000
    38  95.6337   0.0000   0.0000
    39 100.6097   0.0000   0.0000
    40 100.6097   0.0000  -0.0000
    41 102.6237   0.0000  -0.0000
    42 104.4812   0.0000  -0.0000
    43 104.4812   0.0000   0.0000
    44 108.2578   0.0000  -0.0000
    45 119.2136   0.0000  -0.0000
    46 119.5824   0.0000  -0.0000
    47 119.5824   0.0000   0.0000
    48 122.9914   0.0000   0.0000
    49 122.9914   0.0000   0.0000
    50 127.0103   0.0000   0.0000
    51 127.0103   0.0000   0.0000
    52 129.6709   0.0000  -0.0000
    53 130.4741   0.0000   0.0000
    54 133.7607   0.0000   0.0000
    55 134.6309   0.0000   0.0000
    56 135.3256   0.0000   0.0000
    57 135.9594   0.0000  -0.0000
    58 135.9594   0.0000  -0.0000
    59 137.9578   0.0000   0.0000
    60 140.6429   0.0000  -0.0000
  0.375000  0.250000  0.125000
  60
     1 -68.9281  -0.0000   0.0000
     2 -34.1206  -0.0000  -0.0000
     3 -34.0097  -0.0000  -0.0000
     4 -33.9716  -0.0000   0.0000
     5 -12.1153   0.0000   0.0000
     6   2.7105   0.0000   0.0000
     7   4.9933   0.0000  -0.0000
     8   5.6974   0.0000  -0.0000
     9  21.4355   0.0000   0.0000
    10  21.7796   0.0000  -0.0000
    11  28.3334   0.0000  -0.0000
    12  30.6354   0.0000   0.0000
    13  31.0571   0.0000   0.0000
    14  36.2054   0.0000  -0.0000
    15  41.5478   0.0000   0.0000
    16  43.7048   0.0000  -0.0000
    17  46.3338   0.0000  -0.0000
    18  46.9541   0.0000   0.0000
    19  49.6134   0.0000   0.0000
    20  53.8384   0.0000  -0.0000
    21  56.2403   0.0000   0.0000
    22  60.7654   0.0000   0.0000
    23  63.0064   0.0000   0.0000
    24  66.5585   0.0000   0.0000
    25  70.6581   0.0000   0.0000
    26  75.6156   0.0000  -0.0000
    27  77.7295   0.0000  -0.0000
    28  79.1054   0.0000  -0.0000
    29  79.9751   0.0000   0.0000
    30  84.2106   0.0000  -0.0000
    31  86.5155   0.0000   0.0000
    32  87.8257   0.0000   0.0000
    33  87.9927   0.0000  -0.0000
    34  88.4359   0.0000   0.0000
    35  89.6758   0.0000  -0.0000
    36  92.8087   0.0000   0.0000
    37  94.8556   0.0000   0.0000
    38  94.9761   0.0000   0.0000
    39 100.9034   0.0000   0.0000
    40 102.3740   0.0000  -0.0000
    41 103.9377   0.0000  -0.0000
    42 105.1780   0.0000  -0.0000
    43 105.9212   0.0000   0.0000
    44 106.9752   0.0000   0.0000
    45 106.9781   0.0000  -0.0000
    46 111.3236   0.0000   0.0000
    47 112.3187   0.0000   0.0000
    48 116.0905   0.0000  -0.0000
    49 118.1121   0.0000  -0.0000
    50 118.2972   0.0000   0.0000
    51 119.0453   0.0000   0.0000
    52 125.4464   0.0000   0.0000
    53 126.0424   0.0000   0.0000
    54 128.6881   0.0000   0.0000
    55 130.9379   0.0000  -0.0000
    56 132.3955   0.0000  -0.0000
    57 134.1234   0.0000   0.0000
    58 137.9916   0.0000  -0.0000
    59 138.1799   0.0000   0.0000
    60 140.6207   0.0000  -0.0000
  0.500000  0.250000  0.125000
  60
     1 -68.9165  -0.0000   0.0000
     2 -34.1752  -0.0000  -0.0000
     3 -34.0353  -0.0000   0.0000
     4 -33.9848  -0.0000  -0.0000
     5 -11.3792   0.0000  -0.0000
     6   1.5707   0.0000   0.0000
     7   4.1499   0.0000   0.0000
     8   5.3089   0.0000  -0.0000
     9  21.2389   0.0000  -0.0000
    10  23.3939   0.0000  -0.0000
    11  27.3026   0.0000   0.0000
    12  30.8049   0.0000  -0.0000
    13  33.0231   0.0000   0.0000
    14  36.7053   0.0000   0.0000
    15  41.7595   0.0000   0.0000
    16  45.2344   0.0000   0.0000
    17  46.1348   0.0000   0.0000
    18  48.5993   0.0000  -0.0000
    19  49.5881   0.0000   0.0000
    20  55.7533   0.0000   0.0000
    21  57.8405   0.0000  -0.0000
    22  58.5454   0.0000  -0.0000
    23  63.5466   0.0000   0.0000
    24  68.0877   0.0000  -0.0000
    25  69.6814   0.0000  -0.0000
    26  72.0404   0.0000   0.0000
    27  74.1979   0.0000  -0.0000
    28  76.7444   0.0000  -0.0000
    29  79.1278   0.0000  -0.0000
    30  79.7426   0.0000  -0.0000
    31  81.0970   0.0000  -0.0000
    32  84.5313   0.0000  -0.0000
    33  85.4186   0.0000   0.0000
    34  87.4391   0.0000  -0.0000
    35  88.3693   0.0000  -0.0000
    36  93.1319   0.0000  -0.0000
    37  95.0565   0.0000  -0.0000
    38  98.5628   0.0000  -0.0000
    39  99.7393   0.0000  -0.0000
    40 103.6316   0.0000  -0.0000
    41 104.8066   0.0000  -0.0000
    42 105.4139   0.0000   0.0000
    43 107.6765   0.0000   0.0000
    44 110.0599   0.0000   0.0000
    45 110.8209   0.0000  -0.0000
    46 112.9303   0.0000  -0.0000
    47 115.4023   0.0000   0.0000
    48 120.0572   0.0000   0.0000
    49 120.6013   0.0000  -0.0000
    50 123.0111   0.0000   0.0000
    51 124.9940   0.0000  -0.0000
    52 126.6078   0.0000  -0.0000
    53 127.7552   0.0000   0.0000
    54 128.0506   0.0000  -0.0000
    55 130.8836   0.0000  -0.0000
    56 133.0730   0.0000   0.0000
    57 135.4332   0.0000  -0.0000
    58 138.0467   0.0000   0.0000
    59 138.9250   0.0000  -0.0000
    60 142.0344   0.0000   0.0000
 -0.375000  0.250000  0.125000
  60
     1 -68.9117  -0.0000  -0.0000
     2 -34.1988  -0.0000   0.0000
     3 -34.0414  -0.0000  -0.0000
     4 -33.9933  -0.0000   0.0000
     5 -11.0378   0.0000  -0.0000
     6   1.0472   0.0000  -0.0000
     7   3.8502   0.0000   0.0000
     8   5.1371   0.0000  -0.0000
     9  21.1369   0.0000   0.0000
    10  24.2697   0.0000   0.0000
    11  27.0698   0.0000  -0.0000
    12  30.6052   0.0000  -0.0000
    13  34.3323   0.0000   0.0000
    14  36.4323   0.0000  -0.0000
    15  41.7383   0.0000  -0.0000
    16  44.8868   0.0000  -0.0000
    17  45.8937   0.0000  -0.0000
    18  48.1112   0.0000  -0.0000
    19  52.5747   0.0000   0.0000
    20  53.2397   0.0000   0.0000
    21  61.8221   0.0000   0.0000
    22  61.9818   0.0000   0.0000
    23  64.4560   0.0000  -0.0000
    24  65.9842   0.0000   0.0000
    25  68.0239   0.0000   0.0000
    26  68.8083   0.0000  -0.0000
    27  72.4869   0.0000  -0.0000
    28  74.3408   0.0000   0.0000
    29  76.9392   0.0000  -0.0000
    30  79.1162   0.0000  -0.0000
    31  80.7029   0.0000   0.0000
    32  84.2879   0.0000  -0.0000
    33  84.7908   0.0000   0.0000
    34  86.8526   0.0000  -0.0000
    35  88.7192   0.0000  -0.0000
    36  91.9015   0.0000   0.0000
    37  96.4505   0.0000   0.0000
    38  97.3433   0.0000  -0.0000
    39 101.3003   0.0000   0.0000
    40 101.9688   0.0000  -0.0000
    41 104.2631   0.0000  -0.0000
    42 104.8447   0.0000   0.0000
    43 109.9480   0.0000  -0.0000
    44 111.5713   0.0000   0.0000
    45 114.7968   0.0000  -0.0000
    46 117.4848   0.0000  -0.0000
    47 118.2982   0.0000  -0.0000
    48 120.4727   0.0000  -0.0000
    49 122.0629   0.0000   0.0000
    50 123.4496   0.0000  -0.0000
    51 126.4864   0.0000   0.0000
    52 126.5035   0.0000  -0.0000
    53 128.5725   0.0000  -0.0000
    54 130.0428   0.0000   0.0000
    55 131.4356   0.0000  -0.0000
    56 132.1940   0.0000   0.0000
    57 135.3531   0.0000   0.0000
    58 135.4652   0.0000  -0.0000
    59 136.7390   0.0000  -0.0000
    60 136.9260   0.0000  -0.0000
  0.500000  0.375000  0.125000
  60
     1 -68.9117  -0.0000   0.0000
     2 -34.1617  -0.0000  -0.0000
     3 -34.0456  -0.0000   0.0000
     4 -34.0176  -0.0000   0.0000
     5 -11.2462   0.0000  -0.0000
     6   1.6099   0.0000   0.0000
     7   4.2312   0.0000  -0.0000
     8   4.8606   0.0000   0.0000
     9  20.3130   0.0000  -0.0000
    10  23.4653   0.0000  -0.0000
    11  26.2013   0.0000   0.0000
    12  31.7812   0.0000   0.0000
    13  33.3855   0.0000  -0.0000
    14  38.8818   0.0000   0.0000
    15  44.1454   0.0000   0.0000
    16  44.6360   0.0000   0.0000
    17  45.6502   0.0000   0.0000
    18  49.7046   0.0000   0.0000
    19  50.4155   0.0000  -0.0000
    20  55.8190   0.0000  -0.0000
    21  56.0006   0.0000  -0.0000
    22  60.8808   0.0000  -0.0000
    23  62.0126   0.0000  -0.0000
    24  63.5509   0.0000   0.0000
    25  68.0227   0.0000   0.0000
    26  70.1861   0.0000  -0.0000
    27  75.7691   0.0000  -0.0000
    28  76.4681   0.0000   0.0000
    29  77.6761   0.0000  -0.0000
    30  78.6217   0.0000   0.0000
    31  82.7494   0.0000   0.0000
    32  83.2679   0.0000   0.0000
    33  85.8354   0.0000  -0.0000
    34  86.4515   0.0000  -0.0000
    35  90.0721   0.0000  -0.0000
    36  91.3335   0.0000   0.0000
    37  98.6814   0.0000   0.0000
    38  99.1174   0.0000   0.0000
    39 101.9625   0.0000  -0.0000
    40 103.0711   0.0000   0.0000
    41 104.2677   0.0000  -0.0000
    42 104.4946   0.0000  -0.0000
    43 106.0638   0.0000  -0.0000
    44 109.9013   0.0000   0.0000
    45 111.7957   0.0000  -0.0000
    46 114.2619   0.0000   0.0000
    47 116.9765   0.0000   0.0000
    48 119.2795   0.0000  -0.0000
    49 121.5976   0.0000  -0.0000
    50 121.9096   0.0000   0.0000
    51 122.8548   0.0000   0.0000
    52 126.2985   0.0000  -0.0000
    53 129.0131   0.0000   0.0000
    54 130.7615   0.0000   0.0000
    55 133.3312   0.0000  -0.0000
    56 134.1501   0.0000   0.0000
    57 138.6464   0.0000   0.0000
    58 139.2198   0.0000   0.0000
    59 140.7028   0.0000   0.0000
    60 141.3843   0.0000   0.0000
 -0.375000  0.375000  0.125000
  60
     1 -68.9069  -0.0000   0.0000
     2 -34.1539  -0.0000   0.0000
     3 -34.0855  -0.0000  -0.0000
     4 -34.0238  -0.0000   0.0000
     5 -10.9098   0.0000  -0.0000
     6   1.7180   0.0000  -0.0000
     7   3.1101   0.0000   0.0000
     8   4.6575   0.0000   0.0000
     9  21.3788   0.0000   0.0000
    10  24.1321   0.0000   0.0000
    11  25.8079   0.0000   0.0000
    12  30.9112   0.0000  -0.0000
    13  34.4592   0.0000  -0.0000
    14  37.8236   0.0000  -0.0000
    15  43.3319   0.0000  -0.0000
    16  44.9995   0.0000  -0.0000
    17  45.8927   0.0000  -0.0000
    18  49.6943   0.0000  -0.0000
    19  53.6845   0.0000   0.0000
    20  56.6119   0.0000  -0.0000
    21  58.4384   0.0000   0.0000
    22  60.1736   0.0000  -0.0000
    23  62.8153   0.0000  -0.0000
    24  65.3493   0.0000  -0.0000
    25  65.9555   0.0000   0.0000
    26  68.1124   0.0000  -0.0000
    27  72.2843   0.0000   0.0000
    28  74.0035   0.0000  -0.0000
    29  78.0783   0.0000  -0.0000
    30  78.8771   0.0000   0.0000
    31  79.3295   0.0000  -0.0000
    32  82.1132   0.0000   0.0000
    33  83.0557   0.0000  -0.0000
    34  85.7670   0.0000  -0.0000
    35  87.8109   0.0000  -0.0000
    36  91.7627   0.0000   0.0000
    37  97.4272   0.0000   0.0000
    38 100.1809   0.0000  -0.0000
    39 102.4169   0.0000   0.0000
    40 104.2429   0.0000   0.0000
    41 106.6467   0.0000  -0.0000
    42 110.7302   0.0000   0.0000
    43 110.8901   0.0000   0.0000
    44 112.0110   0.0000   0.0000
    45 113.9228   0.0000  -0.0000
    46 114.6892   0.0000   0.0000
    47 118.4142   0.0000  -0.0000
    48 119.0007   0.0000  -0.0000
    49 120.8781   0.0000  -0.0000
    50 121.8150   0.0000  -0.0000
    51 125.4820   0.0000   0.0000
    52 125.6572   0.0000  -0.0000
    53 128.4365   0.0000   0.0000
    54 130.2132   0.0000  -0.0000
    55 131.4424   0.0000  -0.0000
    56 133.3403   0.0000  -0.0000
    57 135.6660   0.0000  -0.0000
    58 138.9764   0.0000  -0.0000
    59 139.7523   0.0000   0.0000
    60 139.9290   0.0000   0.0000
 -0.250000  0.375000  0.125000
  60
     1 -68.9089  -0.0000   0.0000
     2 -34.1489  -0.0000  -0.0000
     3 -34.0959  -0.0000   0.0000
     4 -34.0063  -0.0000   0.0000
     5 -10.9702   0.0000   0.0000
     6   1.9264   0.0000   0.0000
     7   2.7980   0.0000  -0.0000
     8   4.8849   0.0000   0.0000
     9  22.4944   0.0000   0.0000
    10  23.0928   0.0000   0.0000
    11  26.4948   0.0000  -0.0000
    12  30.7613   0.0000   0.0000
    13  35.1403   0.0000  -0.0000
    14  35.2677   0.0000   0.0000
    15  44.1238   0.0000   0.0000
    16  44.6366   0.0000   0.0000
    17  45.7322   0.0000   0.0000
    18  50.4697   0.0000   0.0000
    19  51.2135   0.0000   0.0000
    20  57.7053   0.0000   0.0000
    21  57.7498   0.0000  -0.0000
    22  60.8635   0.0000   0.0000
    23  62.1874   0.0000  -0.0000
    24  65.6496   0.0000  -0.0000
    25  67.9279   0.0000  -0.0000
    26  71.2266   0.0000   0.0000
    27  72.7638   0.0000  -0.0000
    28  73.9247   0.0000  -0.0000
    29  74.0764   0.0000   0.0000
    30  79.7638   0.0000   0.0000
    31  80.5210   0.0000   0.0000
    32  83.0916   0.0000  -0.0000
    33  83.2604   0.0000   0.0000
    34  84.7510   0.0000   0.0000
    35  87.2446   0.0000  -0.0000
    36  92.4105   0.0000  -0.0000
    37  96.4947   0.0000   0.0000
    38 100.6335   0.0000  -0.0000
    39 103.8234   0.0000  -0.0000
    40 104.4997   0.0000  -0.0000
    41 106.3764   0.0000  -0.0000
    42 108.2195   0.0000   0.0000
    43 109.8394   0.0000   0.0000
    44 112.9451   0.0000  -0.0000
    45 113.6107   0.0000   0.0000
    46 115.6838   0.0000   0.0000
    47 115.8032   0.0000  -0.0000
    48 119.6594   0.0000  -0.0000
    49 120.7233   0.0000   0.0000
    50 121.4507   0.0000  -0.0000
    51 124.3376   0.0000   0.0000
    52 124.9458   0.0000  -0.0000
    53 130.3961   0.0000   0.0000
    54 131.8935   0.0000   0.0000
    55 132.8227   0.0000   0.0000
    56 134.9132   0.0000  -0.0000
    57 135.5416   0.0000   0.0000
    58 137.2087   0.0000   0.0000
    59 137.3593   0.0000   0.0000
    60 139.1849   0.0000   0.0000
 -0.375000  0.500000  0.125000
  60
     1 -68.9049  -0.0000   0.0000
     2 -34.1680  -0.0000   0.0000
     3 -34.0606  -0.0000   0.0000
     4 -34.0441  -0.0000  -0.0000
     5 -10.9040   0.0000   0.0000
     6   1.3200   0.0000   0.0000
     7   3.9501   0.0000   0.0000
     8   4.4556   0.0000  -0.0000
     9  19.7870   0.0000  -0.0000
    10  24.2959   0.0000   0.0000
    11  25.4553   0.0000  -0.0000
    12  32.0384   0.0000   0.0000
    13  34.5468   0.0000   0.0000
    14  40.9240   0.0000   0.0000
    15  42.0834   0.0000  -0.0000
    16  43.9742   0.0000   0.0000
    17  46.8920   0.0000   0.0000
    18  51.9897   0.0000  -0.0000
    19  53.5431   0.0000  -0.0000
    20  56.1204   0.0000   0.0000
    21  57.7234   0.0000   0.0000
    22  59.7227   0.0000   0.0000
    23  61.5016   0.0000   0.0000
    24  62.7226   0.0000   0.0000
    25  64.9918   0.0000   0.0000
    26  68.0059   0.0000   0.0000
    27  69.0288   0.0000   0.0000
    28  76.1194   0.0000   0.0000
    29  79.8344   0.0000   0.0000
    30  80.0282   0.0000   0.0000
    31  81.2209   0.0000  -0.0000
    32  81.8052   0.0000  -0.0000
    33  85.4047   0.0000   0.0000
    34  85.8474   0.0000   0.0000
    35  87.0176   0.0000   0.0000
    36  91.0741   0.0000   0.0000
    37  99.0645   0.0000  -0.0000
    38  99.4245   0.0000  -0.0000
    39 100.8265   0.0000   0.0000
    40 102.7307   0.0000  -0.0000
    41 105.0584   0.0000  -0.0000
    42 106.0898   0.0000   0.0000
    43 106.7856   0.0000  -0.0000
    44 115.9343   0.0000   0.0000
    45 115.9622   0.0000   0.0000
    46 118.5894   0.0000   0.0000
    47 118.9724   0.0000  -0.0000
    48 119.0185   0.0000   0.0000
    49 122.8930   0.0000  -0.0000
    50 123.0956   0.0000  -0.0000
    51 124.7101   0.0000   0.0000
    52 127.1776   0.0000   0.0000
    53 129.0263   0.0000   0.0000
    54 130.4908   0.0000  -0.0000
    55 133.1962   0.0000  -0.0000
    56 134.5385   0.0000   0.0000
    57 135.0803   0.0000   0.0000
    58 135.9507   0.0000   0.0000
    59 138.0138   0.0000   0.0000
    60 139.4006   0.0000  -0.0000
 -0.250000  0.500000  0.250000
  60
     1 -68.9049  -0.0000  -0.0000
     2 -34.1140  -0.0000   0.0000
     3 -34.1140  -0.0000  -0.0000
     4 -34.0494  -0.0000  -0.0000
     5 -10.8137   0.0000  -0.0000
     6   2.4481   0.0000  -0.0000
     7   2.4481   0.0000  -0.0000
     8   4.1495   0.0000  -0.0000
     9  22.9888   0.0000   0.0000
    10  22.9888   0.0000   0.0000
    11  25.8902   0.0000  -0.0000
    12  29.8301   0.0000   0.0000
    13  36.4792   0.0000  -0.0000
    14  36.4792   0.0000   0.0000
    15  42.3876   0.0000  -0.0000
    16  45.5709   0.0000   0.0000
    17  47.8954   0.0000   0.0000
    18  50.0338   0.0000  -0.0000
    19  55.3274   0.0000   0.0000
    20  55.3274   0.0000   0.0000
    21  58.7824   0.0000  -0.0000
    22  59.6712   0.0000  -0.0000
    23  59.6712   0.0000  -0.0000
    24  65.9739   0.0000   0.0000
    25  70.3749   0.0000   0.0000
    26  70.3749   0.0000   0.0000
    27  71.5356   0.0000  -0.0000
    28  71.8384   0.0000   0.0000
    29  75.3541   0.0000  -0.0000
    30  75.3541   0.0000  -0.0000
    31  79.1260   0.0000   0.0000
    32  80.3897   0.0000  -0.0000
    33  84.6568   0.0000  -0.0000
    34  85.0130   0.0000  -0.0000
    35  85.0130   0.0000  -0.0000
    36  92.7042   0.0000  -0.0000
    37 101.3673   0.0000   0.0000
    38 101.3673   0.0000   0.0000
    39 101.8428   0.0000   0.0000
    40 109.3663   0.0000   0.0000
    41 109.3663   0.0000   0.0000
    42 111.2056   0.0000   0.0000
    43 112.7654   0.0000   0.0000
    44 112.9482   0.0000  -0.0000
    45 113.4728   0.0000   0.0000
    46 113.5893   0.0000   0.0000
    47 113.5893   0.0000   0.0000
    48 114.3003   0.0000   0.0000
    49 122.4437   0.0000  -0.0000
    50 122.4437   0.0000   0.0000
    51 124.7728   0.0000   0.0000
    52 125.5278   0.0000  -0.0000
    53 126.7179   0.0000   0.0000
    54 133.0364   0.0000  -0.0000
    55 133.6193   0.0000   0.0000
    56 133.6193   0.0000  -0.0000
    57 134.9668   0.0000  -0.0000
    58 136.2969   0.0000   0.0000
    59 136.2969   0.0000  -0.0000
    60 143.1952   0.0000   0.0000
