          29           1
  0.000000  0.000000  0.000000
  60
     1 -64.1716  -6.4168   0.0000
     2 -28.9421  -3.9310   0.0000
     3 -28.9421  -3.9310   0.0000
     4 -28.9421  -3.9310   0.0000
     5 -11.8948  -3.2361   0.0000
     6  11.2326  -1.6928   0.0000
     7  11.2326  -1.6928   0.0000
     8  11.2326  -1.6928   0.0000
     9  28.6775   1.2089   0.0000
    10  33.8298   1.6627   0.0000
    11  33.8298   1.6627   0.0000
    12  33.8298   1.6627   0.0000
    13  39.7947   1.7693   0.0000
    14  43.1647   1.8682   0.0000
    15  43.1647   1.8682   0.0000
    16  55.7942   2.5469   0.0000
    17  55.7942   2.5469   0.0000
    18  55.7942   2.5469   0.0000
    19  75.2845   2.6726   0.0000
    20  75.2845   2.6726   0.0000
    21  75.2845   2.6726   0.0000
    22  81.8556   2.4948   0.0000
    23  89.8590   2.4541   0.0000
    24  89.8590   2.4541   0.0000
    25  89.8590   2.4541   0.0000
    26  97.6054   2.5259   0.0000
    27  97.6054   2.5259   0.0000
    28  98.6859   2.7479   0.0000
    29  98.6859   2.7479   0.0000
    30  98.6859   2.7479   0.0000
    31 115.1114   2.6517   0.0000
    32 115.1114   2.6517   0.0000
    33 121.5206   2.8815   0.0000
    34 126.7980   2.5362   0.0000
    35 126.7980   2.5362   0.0000
    36 126.7980   2.5362   0.0000
    37 130.3097   2.9294   0.0000
    38 130.3097   2.9294   0.0000
    39 130.3097   2.9294   0.0000
    40 135.2850   2.9733   0.0000
    41 135.2850   2.9733   0.0000
    42 135.2850   2.9733   0.0000
    43 137.3971   2.9144   0.0000
    44 137.3971   2.9144   0.0000
    45 137.3971   2.9144   0.0000
    46 139.6205   2.9219   0.0000
    47 139.6205   2.9219   0.0000
    48 139.6205   2.9219   0.0000
    49 140.3820   2.6408   0.0000
    50 144.0418   2.5688   0.0000
    51 144.0418   2.5688   0.0000
    52 144.0418   2.5688   0.0000
    53 145.1198   2.4985   0.0000
    54 145.1198   2.4985   0.0000
    55 145.9125   2.7083   0.0000
    56 145.9125   2.7083   0.0000
    57 145.9125   2.7083   0.0000
    58 147.8268   2.8751   0.0000
    59 153.5893   2.7476   0.0000
    60 167.3291   3.3402   0.0000
  0.125000  0.000000  0.000000
  60
     1 -64.1461  -6.4194   0.0000
     2 -29.1031  -3.9237   0.0000
     3 -28.9502  -3.9297   0.0000
     4 -28.9502  -3.9297   0.0000
     5 -11.3900  -3.2275   0.0000
     6   9.9169  -1.7016   0.0000
     7  10.9128  -1.6897   0.0000
     8  10.9128  -1.6897   0.0000
     9  29.2735   1.2579   0.0000
    10  31.8090   1.5401   0.0000
    11  34.6592   1.6825   0.0000
    12  34.6592   1.6825   0.0000
    13  43.1161   1.8884   0.0000
    14  43.1161   1.8884   0.0000
    15  44.0846   1.8696   0.0000
    16  55.1454   2.4957   0.0000
    17  57.0460   2.5466   0.0000
    18  57.0460   2.5466   0.0000
    19  72.6314   2.5611   0.0000
    20  74.0903   2.5891   0.0000
    21  74.0903   2.5891   0.0000
    22  83.4748   2.5247   0.0000
    23  85.3361   2.5293   0.0000
    24  85.3361   2.5293   0.0000
    25  92.6562   2.5796   0.0000
    26  94.8296   2.5314   0.0000
    27  94.8296   2.5314   0.0000
    28  99.3059   2.7528   0.0000
    29 108.9182   2.7422   0.0000
    30 108.9182   2.7422   0.0000
    31 113.2656   2.6817   0.0000
    32 113.2656   2.6817   0.0000
    33 119.1062   2.7755   0.0000
    34 121.2766   2.6180   0.0000
    35 122.3508   2.6149   0.0000
    36 122.3508   2.6149   0.0000
    37 125.9611   2.8003   0.0000
    38 127.8510   2.8208   0.0000
    39 127.8510   2.8208   0.0000
    40 129.1438   2.8802   0.0000
    41 129.6723   2.8391   0.0000
    42 129.6723   2.8391   0.0000
    43 135.7714   2.7318   0.0000
    44 136.0048   2.6028   0.0000
    45 136.0048   2.6028   0.0000
    46 138.7016   2.8176   0.0000
    47 140.6961   2.8713   0.0000
    48 143.0592   2.8136   0.0000
    49 143.0592   2.8136   0.0000
    50 147.0641   2.8435   0.0000
    51 147.0641   2.8435   0.0000
    52 147.9620   2.9169   0.0000
    53 147.9620   2.9169   0.0000
    54 149.1095   2.9555   0.0000
    55 152.0295   2.9727   0.0000
    56 153.3349   2.6439   0.0000
    57 158.1105   2.9076   0.0000
    58 158.0590   2.6424   0.0000
    59 158.0590   2.6424   0.0000
    60 166.2680   3.1799   0.0000
  0.250000  0.000000  0.000000
  60
     1 -64.0844  -6.4257   0.0000
     2 -29.4735  -3.9071   0.0000
     3 -28.9695  -3.9265   0.0000
     4 -28.9695  -3.9265   0.0000
     5 -10.0493  -3.2085   0.0000
     6   6.9269  -1.7632   0.0000
     7  10.1933  -1.6901   0.0000
     8  10.1933  -1.6901   0.0000
     9  28.2945   1.3387   0.0000
    10  32.6269   1.4376   0.0000
    11  36.6030   1.7267   0.0000
    12  36.6030   1.7267   0.0000
    13  43.5175   1.9491   0.0000
    14  43.5175   1.9491   0.0000
    15  49.7890   2.1277   0.0000
    16  55.3545   2.2880   0.0000
    17  60.1219   2.5684   0.0000
    18  60.1219   2.5684   0.0000
    19  69.0255   2.4082   0.0000
    20  69.2074   2.3527   0.0000
    21  69.2074   2.3527   0.0000
    22  81.6282   2.6185   0.0000
    23  81.6282   2.6185   0.0000
    24  86.1472   2.5316   0.0000
    25  96.2543   2.5296   0.0000
    26  96.2543   2.5296   0.0000
    27  97.7153   2.7879   0.0000
    28 101.1631   2.7682   0.0000
    29 106.0126   2.6954   0.0000
    30 106.0126   2.6954   0.0000
    31 108.9762   2.5923   0.0000
    32 112.7966   2.5841   0.0000
    33 115.2303   2.6116   0.0000
    34 115.2303   2.6116   0.0000
    35 120.3961   2.8708   0.0000
    36 120.3961   2.8708   0.0000
    37 121.1132   2.8412   0.0000
    38 123.3349   2.9087   0.0000
    39 124.4668   2.7105   0.0000
    40 124.4668   2.7105   0.0000
    41 128.9362   2.6946   0.0000
    42 128.9362   2.6946   0.0000
    43 133.3181   2.6879   0.0000
    44 133.6258   2.6968   0.0000
    45 133.6258   2.6968   0.0000
    46 138.0034   2.8888   0.0000
    47 145.6031   2.8856   0.0000
    48 147.7649   2.9843   0.0000
    49 147.7649   2.9843   0.0000
    50 150.9145   3.0838   0.0000
    51 152.1970   2.8574   0.0000
    52 152.1970   2.8574   0.0000
    53 158.8372   2.9354   0.0000
    54 158.8372   2.9354   0.0000
    55 160.8490   2.9920   0.0000
    56 163.8023   2.9634   0.0000
    57 165.6711   2.8945   0.0000
    58 165.6711   2.8945   0.0000
    59 168.3685   2.6287   0.0000
    60 174.9124   2.7489   0.0000
  0.375000  0.000000  0.000000
  60
     1 -64.0223  -6.4322   0.0000
     2 -29.8213  -3.8916   0.0000
     3 -28.9887  -3.9234   0.0000
     4 -28.9887  -3.9234   0.0000
     5  -8.3977  -3.2104   0.0000
     6   3.9176  -1.8258   0.0000
     7   9.5355  -1.6972   0.0000
     8   9.5355  -1.6972   0.0000
     9  27.2418   1.2660   0.0000
    10  34.6267   1.5579   0.0000
    11  38.1740   1.7514   0.0000
    12  38.1740   1.7514   0.0000
    13  45.4037   2.0754   0.0000
    14  45.4037   2.0754   0.0000
    15  49.8924   2.2634   0.0000
    16  59.7000   2.2287   0.0000
    17  62.3428   2.3869   0.0000
    18  62.3428   2.3869   0.0000
    19  63.6539   2.3823   0.0000
    20  63.6539   2.3823   0.0000
    21  69.7444   2.2630   0.0000
    22  82.3906   2.6236   0.0000
    23  82.3906   2.6236   0.0000
    24  87.7220   2.4281   0.0000
    25  94.6189   2.6323   0.0000
    26  96.9062   2.6458   0.0000
    27  96.9062   2.6458   0.0000
    28  99.2385   2.5424   0.0000
    29  99.2385   2.5424   0.0000
    30 103.1148   2.8393   0.0000
    31 104.2399   2.8001   0.0000
    32 108.6012   2.6955   0.0000
    33 108.8233   2.5802   0.0000
    34 108.8233   2.5802   0.0000
    35 114.3224   2.7950   0.0000
    36 120.3887   2.7827   0.0000
    37 120.3887   2.7827   0.0000
    38 122.4877   2.9370   0.0000
    39 126.5559   2.6798   0.0000
    40 126.5559   2.6798   0.0000
    41 132.8382   2.7738   0.0000
    42 134.8690   2.8269   0.0000
    43 134.8690   2.8269   0.0000
    44 136.7351   2.7866   0.0000
    45 137.4988   2.8714   0.0000
    46 137.4988   2.8714   0.0000
    47 146.4510   2.9548   0.0000
    48 146.4510   2.9548   0.0000
    49 147.3849   3.0292   0.0000
    50 155.8325   2.9285   0.0000
    51 161.6933   2.9286   0.0000
    52 161.6933   2.9286   0.0000
    53 166.4102   2.9106   0.0000
    54 168.6670   3.0077   0.0000
    55 168.6670   3.0077   0.0000
    56 171.1089   2.9047   0.0000
    57 171.1089   2.9047   0.0000
    58 171.4251   2.8589   0.0000
    59 171.4251   2.8589   0.0000
    60 173.4538   2.8580   0.0000
  0.500000  0.000000  0.000000
  60
     1 -63.9964  -6.4350   0.0000
     2 -29.9596  -3.8854   0.0000
     3 -28.9966  -3.9221   0.0000
     4 -28.9966  -3.9221   0.0000
     5  -7.5310  -3.2411   0.0000
     6   2.5495  -1.8243   0.0000
     7   9.2782  -1.7013   0.0000
     8   9.2782  -1.7013   0.0000
     9  26.9415   1.2357   0.0000
    10  35.4635   1.6201   0.0000
    11  38.6167   1.7565   0.0000
    12  38.6167   1.7565   0.0000
    13  47.2284   2.1890   0.0000
    14  47.2284   2.1890   0.0000
    15  49.4591   2.2659   0.0000
    16  59.0458   2.0692   0.0000
    17  59.0458   2.0692   0.0000
    18  60.2402   2.2116   0.0000
    19  64.8758   2.6015   0.0000
    20  64.8758   2.6015   0.0000
    21  77.5945   2.3528   0.0000
    22  80.0755   2.2389   0.0000
    23  84.7969   2.6332   0.0000
    24  84.7969   2.6332   0.0000
    25  91.4277   2.5875   0.0000
    26  91.4277   2.5875   0.0000
    27  94.7071   2.5957   0.0000
    28  99.4386   2.8030   0.0000
    29 102.6743   2.6328   0.0000
    30 102.6743   2.6328   0.0000
    31 104.1846   2.4932   0.0000
    32 104.1846   2.4932   0.0000
    33 107.8156   2.9390   0.0000
    34 109.5080   2.6514   0.0000
    35 109.9703   2.9239   0.0000
    36 119.8864   2.7755   0.0000
    37 119.8864   2.7755   0.0000
    38 122.0706   2.9304   0.0000
    39 126.1741   2.6509   0.0000
    40 126.1741   2.6509   0.0000
    41 133.3350   2.8690   0.0000
    42 135.5315   2.7079   0.0000
    43 136.9643   2.9334   0.0000
    44 136.9643   2.9334   0.0000
    45 140.9570   2.9336   0.0000
    46 140.9570   2.9336   0.0000
    47 147.7191   2.9531   0.0000
    48 154.3393   3.0511   0.0000
    49 154.3393   3.0511   0.0000
    50 155.5896   2.8301   0.0000
    51 155.5896   2.8301   0.0000
    52 161.5563   3.0353   0.0000
    53 165.7214   2.9284   0.0000
    54 167.6641   2.7299   0.0000
    55 170.0664   2.9718   0.0000
    56 170.0664   2.9718   0.0000
    57 175.3261   2.8129   0.0000
    58 175.3261   2.8129   0.0000
    59 179.4090   2.8979   0.0000
    60 179.4089   2.8975   0.0000
  0.125000  0.125000  0.000000
  60
     1 -64.1377  -6.4202   0.0000
     2 -29.0939  -3.9237   0.0000
     3 -28.9822  -3.9280   0.0000
     4 -28.9822  -3.9280   0.0000
     5 -11.2413  -3.2254   0.0000
     6   9.7200  -1.7114   0.0000
     7  10.7419  -1.6893   0.0000
     8  10.7419  -1.6893   0.0000
     9  29.7119   1.2453   0.0000
    10  30.2360   1.5474   0.0000
    11  35.5364   1.6936   0.0000
    12  35.5364   1.6936   0.0000
    13  42.0950   1.8842   0.0000
    14  43.9448   1.8890   0.0000
    15  45.0324   1.8827   0.0000
    16  56.2281   2.5443   0.0000
    17  56.2281   2.5443   0.0000
    18  57.4026   2.5020   0.0000
    19  72.8085   2.5419   0.0000
    20  73.2001   2.5549   0.0000
    21  73.2001   2.5549   0.0000
    22  84.3437   2.5573   0.0000
    23  85.8277   2.5377   0.0000
    24  86.9907   2.5809   0.0000
    25  86.9907   2.5809   0.0000
    26  90.5391   2.4616   0.0000
    27  99.1442   2.5949   0.0000
    28 105.6491   2.7589   0.0000
    29 105.6491   2.7589   0.0000
    30 112.1094   2.7291   0.0000
    31 112.8973   2.7026   0.0000
    32 114.0521   2.6458   0.0000
    33 116.4345   2.7062   0.0000
    34 116.4345   2.7062   0.0000
    35 120.1611   2.8695   0.0000
    36 122.2114   2.4527   0.0000
    37 126.2573   2.7581   0.0000
    38 126.2573   2.7581   0.0000
    39 127.9177   2.5553   0.0000
    40 130.9642   2.8543   0.0000
    41 132.6609   2.8239   0.0000
    42 132.6609   2.8239   0.0000
    43 134.1003   2.7432   0.0000
    44 134.1003   2.7432   0.0000
    45 134.5501   2.8202   0.0000
    46 136.0186   2.7854   0.0000
    47 140.1356   2.9254   0.0000
    48 140.5629   3.0396   0.0000
    49 145.2792   2.5180   0.0000
    50 147.9307   2.8866   0.0000
    51 147.9307   2.8866   0.0000
    52 149.3595   2.8235   0.0000
    53 149.3595   2.8235   0.0000
    54 150.0234   2.9759   0.0000
    55 150.3740   2.6378   0.0000
    56 156.5138   2.9688   0.0000
    57 156.5138   2.9688   0.0000
    58 160.4592   2.9366   0.0000
    59 164.7201   2.5410   0.0000
    60 166.7272   2.8811   0.0000
  0.250000  0.125000  0.000000
  60
     1 -64.0882  -6.4253   0.0000
     2 -29.3613  -3.9110   0.0000
     3 -29.0188  -3.9246   0.0000
     4 -28.9993  -3.9251   0.0000
     5 -10.2326  -3.2113   0.0000
     6   7.6281  -1.7602   0.0000
     7  10.0288  -1.6797   0.0000
     8  10.1512  -1.6945   0.0000
     9  28.4658   1.4248   0.0000
    10  31.0067   1.3382   0.0000
    11  37.2634   1.7390   0.0000
    12  37.5120   1.7441   0.0000
    13  41.4000   1.8963   0.0000
    14  44.8303   1.9433   0.0000
    15  50.3078   2.0315   0.0000
    16  55.9640   2.4185   0.0000
    17  57.8761   2.5309   0.0000
    18  60.1856   2.5590   0.0000
    19  68.7851   2.3882   0.0000
    20  69.1286   2.3855   0.0000
    21  72.9030   2.4692   0.0000
    22  80.7050   2.5893   0.0000
    23  81.0912   2.4896   0.0000
    24  87.6259   2.6002   0.0000
    25  88.2703   2.5959   0.0000
    26  94.8522   2.6513   0.0000
    27  99.4314   2.6666   0.0000
    28 105.6200   2.6488   0.0000
    29 107.7757   2.6720   0.0000
    30 108.8751   2.7725   0.0000
    31 111.5997   2.7282   0.0000
    32 112.4803   2.6923   0.0000
    33 113.4997   2.6493   0.0000
    34 115.9968   2.7734   0.0000
    35 116.5711   2.5193   0.0000
    36 120.8349   2.6430   0.0000
    37 121.6782   2.8020   0.0000
    38 121.7057   2.7767   0.0000
    39 124.2432   2.7607   0.0000
    40 124.9988   2.6540   0.0000
    41 130.1987   2.7807   0.0000
    42 130.4658   2.8475   0.0000
    43 131.9291   2.8012   0.0000
    44 134.4538   2.8856   0.0000
    45 137.6944   2.7089   0.0000
    46 141.8708   2.7113   0.0000
    47 143.4102   2.7323   0.0000
    48 143.9606   2.8098   0.0000
    49 146.0039   2.9831   0.0000
    50 148.7752   2.9934   0.0000
    51 148.8577   2.9779   0.0000
    52 151.0442   2.9292   0.0000
    53 151.4168   3.0543   0.0000
    54 159.8130   2.7648   0.0000
    55 162.7479   2.9898   0.0000
    56 165.3511   2.7504   0.0000
    57 166.5567   2.9210   0.0000
    58 167.3476   3.0174   0.0000
    59 168.1159   2.8675   0.0000
    60 173.0350   2.9445   0.0000
  0.375000  0.125000  0.000000
  60
     1 -64.0263  -6.4318   0.0000
     2 -29.6899  -3.8959   0.0000
     3 -29.0386  -3.9216   0.0000
     4 -29.0332  -3.9207   0.0000
     5  -8.7426  -3.2051   0.0000
     6   4.9384  -1.8139   0.0000
     7   9.0979  -1.6822   0.0000
     8   9.5239  -1.7044   0.0000
     9  27.7730   1.3061   0.0000
    10  32.7556   1.4656   0.0000
    11  38.3177   1.7654   0.0000
    12  39.0966   1.7835   0.0000
    13  42.6445   1.9770   0.0000
    14  46.6613   2.0778   0.0000
    15  52.0645   2.2948   0.0000
    16  59.5406   2.2151   0.0000
    17  60.3071   2.3660   0.0000
    18  61.7350   2.5239   0.0000
    19  63.4299   2.3698   0.0000
    20  67.4458   2.3139   0.0000
    21  71.0959   2.3358   0.0000
    22  78.7645   2.4799   0.0000
    23  80.5106   2.6010   0.0000
    24  89.9443   2.5594   0.0000
    25  90.6818   2.6147   0.0000
    26  94.3103   2.5864   0.0000
    27  98.3159   2.7127   0.0000
    28  99.4031   2.6250   0.0000
    29 100.5327   2.6405   0.0000
    30 104.2303   2.7871   0.0000
    31 106.5469   2.6624   0.0000
    32 109.2269   2.6106   0.0000
    33 111.0172   2.5897   0.0000
    34 111.9031   2.8111   0.0000
    35 116.1814   2.5917   0.0000
    36 119.2588   2.6823   0.0000
    37 119.6810   2.8449   0.0000
    38 122.1253   2.7149   0.0000
    39 124.9385   2.9565   0.0000
    40 125.7045   2.7607   0.0000
    41 130.9419   2.8229   0.0000
    42 133.0649   2.8589   0.0000
    43 136.0087   2.8951   0.0000
    44 136.5884   2.9467   0.0000
    45 140.2745   2.6782   0.0000
    46 140.8682   2.7072   0.0000
    47 145.5611   2.9285   0.0000
    48 147.5696   2.8284   0.0000
    49 149.3670   3.0888   0.0000
    50 152.0766   2.7350   0.0000
    51 155.0223   2.8185   0.0000
    52 157.4793   3.0748   0.0000
    53 160.6036   2.9984   0.0000
    54 161.6681   2.9436   0.0000
    55 169.5784   2.9488   0.0000
    56 170.1537   3.0623   0.0000
    57 171.4595   3.0518   0.0000
    58 174.9202   2.8280   0.0000
    59 176.6833   2.8595   0.0000
    60 178.1671   2.9455   0.0000
  0.500000  0.125000  0.000000
  60
     1 -63.9883  -6.4358   0.0000
     2 -29.8794  -3.8873   0.0000
     3 -29.0779  -3.9169   0.0000
     4 -29.0299  -3.9206   0.0000
     5  -7.5852  -3.2321   0.0000
     6   3.1118  -1.8184   0.0000
     7   8.5090  -1.6961   0.0000
     8   9.1913  -1.7091   0.0000
     9  27.7408   1.2507   0.0000
    10  33.8818   1.5533   0.0000
    11  38.5815   1.7757   0.0000
    12  39.5562   1.7948   0.0000
    13  45.4334   2.0975   0.0000
    14  47.8233   2.1923   0.0000
    15  51.5725   2.3039   0.0000
    16  58.2758   2.0955   0.0000
    17  59.4039   2.1873   0.0000
    18  61.6106   2.3356   0.0000
    19  65.1109   2.5513   0.0000
    20  66.7301   2.4570   0.0000
    21  75.7299   2.2819   0.0000
    22  81.7958   2.4075   0.0000
    23  83.4027   2.6084   0.0000
    24  83.6569   2.4396   0.0000
    25  88.7050   2.5573   0.0000
    26  91.2785   2.5382   0.0000
    27  94.0024   2.6627   0.0000
    28  96.1726   2.6712   0.0000
    29 100.8334   2.7571   0.0000
    30 100.7035   2.6103   0.0000
    31 102.8703   2.7196   0.0000
    32 106.7037   2.6000   0.0000
    33 110.2226   2.8696   0.0000
    34 113.9094   2.6097   0.0000
    35 114.8528   2.8904   0.0000
    36 118.2982   2.6607   0.0000
    37 119.7385   2.6591   0.0000
    38 119.9752   2.8119   0.0000
    39 124.6844   2.7817   0.0000
    40 125.9172   2.9317   0.0000
    41 128.6640   2.8386   0.0000
    42 135.0926   2.8826   0.0000
    43 140.9304   2.7447   0.0000
    44 141.9283   3.1223   0.0000
    45 141.8929   2.8022   0.0000
    46 146.3161   2.8811   0.0000
    47 147.1513   2.9025   0.0000
    48 152.4286   2.8511   0.0000
    49 155.5215   3.0308   0.0000
    50 155.9816   2.8504   0.0000
    51 156.5252   2.8968   0.0000
    52 159.4625   2.9147   0.0000
    53 164.2291   2.8549   0.0000
    54 166.4912   2.9172   0.0000
    55 166.5975   2.8077   0.0000
    56 167.9827   2.9444   0.0000
    57 171.6040   3.0630   0.0000
    58 172.9125   2.9516   0.0000
    59 174.4441   2.9214   0.0000
    60 176.9976   2.8343   0.0000
 -0.375000  0.125000  0.000000
  60
     1 -63.9969  -6.4349   0.0000
     2 -29.8374  -3.8895   0.0000
     3 -29.1040  -3.9160   0.0000
     4 -28.9980  -3.9223   0.0000
     5  -7.8392  -3.2221   0.0000
     6   3.5312  -1.8195   0.0000
     7   8.4961  -1.6945   0.0000
     8   9.3142  -1.7039   0.0000
     9  28.0167   1.2579   0.0000
    10  33.6499   1.5320   0.0000
    11  38.6198   1.7740   0.0000
    12  39.2382   1.7913   0.0000
    13  44.9127   2.0628   0.0000
    14  46.6594   2.1474   0.0000
    15  51.8386   2.3067   0.0000
    16  58.7358   2.1330   0.0000
    17  61.0288   2.3759   0.0000
    18  61.7225   2.2772   0.0000
    19  63.9347   2.4924   0.0000
    20  67.2125   2.4185   0.0000
    21  72.8589   2.2627   0.0000
    22  79.6101   2.5120   0.0000
    23  82.9673   2.5465   0.0000
    24  87.0170   2.4037   0.0000
    25  90.7682   2.6140   0.0000
    26  93.1072   2.5665   0.0000
    27  95.4661   2.6438   0.0000
    28  95.8996   2.7198   0.0000
    29  99.8567   2.5959   0.0000
    30 100.6511   2.6329   0.0000
    31 102.8373   2.7873   0.0000
    32 107.5832   2.6683   0.0000
    33 109.8820   2.7991   0.0000
    34 113.5133   2.6278   0.0000
    35 113.9474   2.8425   0.0000
    36 119.2992   2.6762   0.0000
    37 121.0104   2.6563   0.0000
    38 121.8456   2.7814   0.0000
    39 125.3243   2.8431   0.0000
    40 125.6332   2.8708   0.0000
    41 126.3483   2.8049   0.0000
    42 136.6064   2.9959   0.0000
    43 138.6887   2.9849   0.0000
    44 140.4218   2.8333   0.0000
    45 142.4422   2.8773   0.0000
    46 144.7084   2.8240   0.0000
    47 145.4441   2.7701   0.0000
    48 151.2503   2.8759   0.0000
    49 152.7873   2.8963   0.0000
    50 155.0985   2.9200   0.0000
    51 159.4894   3.0462   0.0000
    52 160.7725   2.9555   0.0000
    53 164.0249   2.8687   0.0000
    54 164.3749   2.8621   0.0000
    55 166.4156   2.9338   0.0000
    56 170.1555   2.9603   0.0000
    57 170.7331   2.7532   0.0000
    58 172.3766   2.9583   0.0000
    59 174.4513   2.8877   0.0000
    60 177.6444   3.0037   0.0000
 -0.250000  0.125000  0.000000
  60
     1 -64.0469  -6.4296   0.0000
     2 -29.5912  -3.9013   0.0000
     3 -29.0893  -3.9188   0.0000
     4 -28.9615  -3.9256   0.0000
     5  -9.2243  -3.2039   0.0000
     6   5.8441  -1.7977   0.0000
     7   9.0754  -1.6745   0.0000
     8   9.8487  -1.6941   0.0000
     9  28.6770   1.3249   0.0000
    10  32.0956   1.4210   0.0000
    11  37.6693   1.7711   0.0000
    12  38.2816   1.7563   0.0000
    13  42.6055   1.9427   0.0000
    14  45.1305   2.0421   0.0000
    15  52.2036   2.2554   0.0000
    16  57.4251   2.2844   0.0000
    17  60.3811   2.4346   0.0000
    18  62.2133   2.6101   0.0000
    19  63.5613   2.2475   0.0000
    20  69.6708   2.3679   0.0000
    21  70.9356   2.3279   0.0000
    22  77.9604   2.5417   0.0000
    23  79.6432   2.4942   0.0000
    24  89.5276   2.6107   0.0000
    25  91.7084   2.6547   0.0000
    26  97.7953   2.6098   0.0000
    27  98.3969   2.7462   0.0000
    28 100.7715   2.6708   0.0000
    29 103.4391   2.6688   0.0000
    30 105.3670   2.6264   0.0000
    31 106.0996   2.6500   0.0000
    32 109.7371   2.5919   0.0000
    33 111.3246   2.7834   0.0000
    34 111.4728   2.6256   0.0000
    35 115.6871   2.6941   0.0000
    36 120.5484   2.8705   0.0000
    37 123.0916   2.5491   0.0000
    38 124.2742   2.8329   0.0000
    39 124.9034   2.7693   0.0000
    40 125.5553   2.7993   0.0000
    41 126.7625   2.6980   0.0000
    42 131.1768   2.8036   0.0000
    43 133.0482   2.9512   0.0000
    44 135.6791   2.8879   0.0000
    45 138.8663   2.8930   0.0000
    46 142.3998   2.7440   0.0000
    47 146.7102   3.0316   0.0000
    48 148.2176   2.8564   0.0000
    49 148.8462   2.9020   0.0000
    50 149.4248   2.7981   0.0000
    51 152.2952   2.8630   0.0000
    52 158.5349   2.8352   0.0000
    53 158.8745   2.9073   0.0000
    54 163.0772   2.8557   0.0000
    55 163.5100   3.0946   0.0000
    56 164.4443   3.0060   0.0000
    57 169.8216   2.7614   0.0000
    58 172.3127   2.9699   0.0000
    59 175.5531   3.0360   0.0000
    60 175.6201   2.9365   0.0000
 -0.125000  0.125000  0.000000
  60
     1 -64.1086  -6.4232   0.0000
     2 -29.2845  -3.9155   0.0000
     3 -29.0267  -3.9245   0.0000
     4 -28.9416  -3.9287   0.0000
     5 -10.6261  -3.2159   0.0000
     6   8.4091  -1.7433   0.0000
     7  10.1070  -1.6694   0.0000
     8  10.5232  -1.6894   0.0000
     9  30.0692   1.4693   0.0000
    10  30.1955   1.2862   0.0000
    11  35.5223   1.7173   0.0000
    12  36.8148   1.7165   0.0000
    13  42.4377   1.9017   0.0000
    14  43.8054   1.9325   0.0000
    15  48.4124   1.9726   0.0000
    16  55.7001   2.4329   0.0000
    17  56.9597   2.5235   0.0000
    18  59.6925   2.5746   0.0000
    19  68.6449   2.4017   0.0000
    20  72.3438   2.5136   0.0000
    21  73.8396   2.5230   0.0000
    22  80.0266   2.5268   0.0000
    23  82.0676   2.4430   0.0000
    24  86.8897   2.6293   0.0000
    25  91.5765   2.6348   0.0000
    26  95.0096   2.6580   0.0000
    27  95.6173   2.5639   0.0000
    28 107.7949   2.7545   0.0000
    29 109.5879   2.7688   0.0000
    30 110.2979   2.7239   0.0000
    31 111.7407   2.6794   0.0000
    32 113.3693   2.6282   0.0000
    33 114.0256   2.6422   0.0000
    34 115.3011   2.6471   0.0000
    35 117.9291   2.7374   0.0000
    36 119.3069   2.6426   0.0000
    37 119.8122   2.8198   0.0000
    38 125.8396   2.8674   0.0000
    39 126.6952   2.8298   0.0000
    40 126.8329   2.4628   0.0000
    41 127.7281   2.7362   0.0000
    42 130.7761   2.5809   0.0000
    43 131.9832   2.8692   0.0000
    44 136.0004   2.7907   0.0000
    45 136.4337   2.7861   0.0000
    46 139.2566   2.9776   0.0000
    47 139.2940   2.9746   0.0000
    48 146.7283   3.0325   0.0000
    49 147.5168   2.7407   0.0000
    50 149.1423   2.6653   0.0000
    51 150.0859   2.9954   0.0000
    52 151.1742   2.7444   0.0000
    53 153.6603   2.8486   0.0000
    54 154.3812   2.8573   0.0000
    55 155.8501   2.8246   0.0000
    56 160.5156   3.0782   0.0000
    57 161.1894   3.2306   0.0000
    58 162.5009   2.9829   0.0000
    59 167.6808   2.6650   0.0000
    60 170.4135   2.6604   0.0000
  0.250000  0.250000  0.000000
  60
     1 -64.0560  -6.4286   0.0000
     2 -29.4010  -3.9055   0.0000
     3 -29.0803  -3.9211   0.0000
     4 -29.0803  -3.9211   0.0000
     5  -9.7077  -3.2070   0.0000
     6   6.7769  -1.7920   0.0000
     7   9.7707  -1.7069   0.0000
     8   9.7707  -1.7069   0.0000
     9  26.2578   1.4118   0.0000
    10  31.8672   1.3697   0.0000
    11  39.3114   1.8375   0.0000
    12  39.7336   1.8190   0.0000
    13  39.7336   1.8190   0.0000
    14  46.2220   1.9465   0.0000
    15  53.9496   2.0212   0.0000
    16  57.5761   2.5220   0.0000
    17  57.5761   2.5220   0.0000
    18  60.3535   2.5162   0.0000
    19  68.5884   2.3506   0.0000
    20  68.5884   2.3506   0.0000
    21  70.0891   2.3455   0.0000
    22  75.3149   2.4375   0.0000
    23  85.3850   2.7083   0.0000
    24  85.3850   2.7083   0.0000
    25  89.3643   2.6120   0.0000
    26  92.4634   2.4828   0.0000
    27 100.9071   2.7647   0.0000
    28 101.7062   2.6808   0.0000
    29 101.7062   2.6808   0.0000
    30 106.6311   2.3904   0.0000
    31 111.4949   2.6751   0.0000
    32 111.8746   2.6377   0.0000
    33 116.4213   2.8870   0.0000
    34 116.4213   2.8870   0.0000
    35 118.2017   2.9045   0.0000
    36 121.0261   2.5956   0.0000
    37 121.0261   2.5956   0.0000
    38 123.1912   2.5863   0.0000
    39 124.6246   2.6952   0.0000
    40 127.8182   2.8025   0.0000
    41 129.5028   2.7969   0.0000
    42 129.5028   2.7969   0.0000
    43 131.3555   2.8408   0.0000
    44 132.1281   2.7361   0.0000
    45 136.8037   2.7626   0.0000
    46 136.8037   2.7626   0.0000
    47 137.5424   2.9425   0.0000
    48 147.1411   2.9566   0.0000
    49 152.4377   3.2675   0.0000
    50 152.4377   3.2675   0.0000
    51 153.0136   3.0558   0.0000
    52 153.0800   2.5678   0.0000
    53 157.2893   2.7553   0.0000
    54 157.2893   2.7553   0.0000
    55 159.2213   2.6957   0.0000
    56 167.9887   2.8741   0.0000
    57 175.9607   3.0662   0.0000
    58 175.9607   3.0662   0.0000
    59 176.0129   2.9990   0.0000
    60 178.6952   2.9448   0.0000
  0.375000  0.250000  0.000000
  60
     1 -64.0066  -6.4337   0.0000
     2 -29.5864  -3.8949   0.0000
     3 -29.1406  -3.9158   0.0000
     4 -29.1179  -3.9180   0.0000
     5  -8.6878  -3.2035   0.0000
     6   5.2972  -1.8331   0.0000
     7   8.7804  -1.6923   0.0000
     8   9.3009  -1.7212   0.0000
     9  25.8201   1.3330   0.0000
    10  32.8958   1.4399   0.0000
    11  37.7288   1.7750   0.0000
    12  41.5961   1.8891   0.0000
    13  42.4238   1.9496   0.0000
    14  48.2164   2.0476   0.0000
    15  56.3670   2.3769   0.0000
    16  58.5232   2.3868   0.0000
    17  60.2324   2.3982   0.0000
    18  60.8013   2.2299   0.0000
    19  64.6324   2.3314   0.0000
    20  67.1133   2.3011   0.0000
    21  72.8598   2.3765   0.0000
    22  74.2682   2.4136   0.0000
    23  80.2286   2.5655   0.0000
    24  85.5383   2.7252   0.0000
    25  91.6283   2.5970   0.0000
    26  93.0085   2.5800   0.0000
    27  95.2321   2.6534   0.0000
    28  97.8620   2.6682   0.0000
    29 100.3067   2.7040   0.0000
    30 102.1614   2.5590   0.0000
    31 107.3512   2.6190   0.0000
    32 109.5090   2.6630   0.0000
    33 113.1537   2.7011   0.0000
    34 116.5345   2.6368   0.0000
    35 116.7434   2.6807   0.0000
    36 117.8654   2.8044   0.0000
    37 121.2309   2.7546   0.0000
    38 123.1532   2.8106   0.0000
    39 124.7756   2.9516   0.0000
    40 126.1306   2.8737   0.0000
    41 132.1066   2.7677   0.0000
    42 134.2932   2.7720   0.0000
    43 134.9483   2.7630   0.0000
    44 135.9927   2.8022   0.0000
    45 138.8095   2.9456   0.0000
    46 139.1346   2.7533   0.0000
    47 141.0249   2.7837   0.0000
    48 149.1847   2.9436   0.0000
    49 152.1191   2.9543   0.0000
    50 153.7242   2.9478   0.0000
    51 153.9264   2.9902   0.0000
    52 158.7580   2.9311   0.0000
    53 160.7607   2.9958   0.0000
    54 165.3139   2.9397   0.0000
    55 169.3600   2.8465   0.0000
    56 170.7043   3.0530   0.0000
    57 171.8997   2.8999   0.0000
    58 175.0550   2.7796   0.0000
    59 175.6869   2.9695   0.0000
    60 181.3692   3.1212   0.0000
  0.500000  0.250000  0.000000
  60
     1 -63.9687  -6.4377   0.0000
     2 -29.7097  -3.8893   0.0000
     3 -29.2448  -3.9080   0.0000
     4 -29.1100  -3.9172   0.0000
     5  -7.6781  -3.2174   0.0000
     6   4.2320  -1.8221   0.0000
     7   7.3347  -1.7054   0.0000
     8   8.9950  -1.7276   0.0000
     9  27.1843   1.3015   0.0000
    10  33.2862   1.4790   0.0000
    11  37.2364   1.7466   0.0000
    12  42.0330   1.9079   0.0000
    13  44.3456   2.0510   0.0000
    14  49.6569   2.1927   0.0000
    15  55.8947   2.3960   0.0000
    16  56.4796   2.1221   0.0000
    17  59.1314   2.2876   0.0000
    18  62.7896   2.2834   0.0000
    19  65.8105   2.4598   0.0000
    20  72.2243   2.4463   0.0000
    21  74.1543   2.2498   0.0000
    22  77.6091   2.4113   0.0000
    23  78.4795   2.4532   0.0000
    24  83.6172   2.4862   0.0000
    25  85.8832   2.7095   0.0000
    26  89.7204   2.6155   0.0000
    27  91.4965   2.4816   0.0000
    28  97.5292   2.5616   0.0000
    29  98.2533   2.6211   0.0000
    30 102.5872   2.7264   0.0000
    31 103.7254   2.6586   0.0000
    32 104.8487   2.9069   0.0000
    33 109.9619   2.5943   0.0000
    34 114.6488   2.9208   0.0000
    35 115.3560   2.5671   0.0000
    36 116.9371   2.8261   0.0000
    37 118.9802   2.7872   0.0000
    38 121.6701   2.7760   0.0000
    39 126.6070   2.9073   0.0000
    40 128.3517   2.8585   0.0000
    41 133.8266   2.7785   0.0000
    42 135.9393   2.8907   0.0000
    43 141.1268   2.6945   0.0000
    44 142.7767   2.9664   0.0000
    45 144.0206   3.1658   0.0000
    46 144.4440   2.7000   0.0000
    47 150.3012   2.7771   0.0000
    48 152.0393   2.8526   0.0000
    49 152.9986   2.8199   0.0000
    50 154.3281   2.8924   0.0000
    51 156.7977   2.8465   0.0000
    52 158.3807   3.0295   0.0000
    53 159.2081   2.8089   0.0000
    54 165.2647   3.0071   0.0000
    55 168.9929   2.9331   0.0000
    56 170.1170   3.0357   0.0000
    57 171.1695   3.0357   0.0000
    58 172.0872   2.9641   0.0000
    59 175.1207   2.8158   0.0000
    60 177.7100   3.0224   0.0000
 -0.375000  0.250000  0.000000
  60
     1 -63.9649  -6.4381   0.0000
     2 -29.7047  -3.8920   0.0000
     3 -29.3327  -3.9022   0.0000
     4 -29.0610  -3.9191   0.0000
     5  -7.4074  -3.2278   0.0000
     6   4.1959  -1.7871   0.0000
     7   6.5573  -1.7337   0.0000
     8   9.0084  -1.7213   0.0000
     9  29.1193   1.3261   0.0000
    10  32.2419   1.4492   0.0000
    11  37.9915   1.7665   0.0000
    12  41.9085   1.9077   0.0000
    13  45.2840   2.0804   0.0000
    14  45.5416   2.0359   0.0000
    15  55.8884   2.4162   0.0000
    16  58.4883   2.2911   0.0000
    17  59.1229   2.3471   0.0000
    18  63.4389   2.2737   0.0000
    19  66.7210   2.3519   0.0000
    20  69.5324   2.3912   0.0000
    21  75.9773   2.4002   0.0000
    22  78.0493   2.2620   0.0000
    23  81.6475   2.5296   0.0000
    24  84.2190   2.4774   0.0000
    25  85.6472   2.4026   0.0000
    26  88.7802   2.6145   0.0000
    27  89.3865   2.7120   0.0000
    28  95.7958   2.5702   0.0000
    29  98.2697   2.6348   0.0000
    30 101.1776   2.6596   0.0000
    31 103.1176   2.5994   0.0000
    32 105.2222   2.8983   0.0000
    33 108.2589   2.7204   0.0000
    34 111.2849   2.9562   0.0000
    35 116.0735   2.5336   0.0000
    36 119.0230   2.6511   0.0000
    37 119.3178   2.9110   0.0000
    38 120.9997   2.9517   0.0000
    39 128.7560   2.7386   0.0000
    40 130.6138   2.9413   0.0000
    41 131.3198   2.8051   0.0000
    42 136.3561   2.9506   0.0000
    43 141.2767   2.9185   0.0000
    44 144.2561   2.9632   0.0000
    45 146.2573   2.8402   0.0000
    46 147.3460   2.8042   0.0000
    47 150.3354   2.7248   0.0000
    48 153.3332   2.9088   0.0000
    49 153.9253   2.7938   0.0000
    50 155.0382   2.7921   0.0000
    51 157.5605   2.9980   0.0000
    52 158.4425   2.9581   0.0000
    53 161.9844   2.8019   0.0000
    54 164.4961   2.8987   0.0000
    55 165.8908   2.9451   0.0000
    56 166.4366   2.8514   0.0000
    57 168.0771   2.8649   0.0000
    58 171.5509   2.9931   0.0000
    59 173.5929   3.0864   0.0000
    60 179.0543   2.8974   0.0000
 -0.250000  0.250000  0.000000
  60
     1 -63.9974  -6.4347   0.0000
     2 -29.6552  -3.8973   0.0000
     3 -29.2714  -3.9064   0.0000
     4 -28.9995  -3.9226   0.0000
     5  -8.1228  -3.2108   0.0000
     6   4.9659  -1.8075   0.0000
     7   7.2401  -1.6919   0.0000
     8   9.3505  -1.7066   0.0000
     9  30.3015   1.3593   0.0000
    10  30.9785   1.3781   0.0000
    11  38.3724   1.7725   0.0000
    12  40.5683   1.8583   0.0000
    13  42.3380   1.9459   0.0000
    14  46.1024   2.1184   0.0000
    15  55.5413   2.4039   0.0000
    16  57.4022   2.2648   0.0000
    17  61.8602   2.5358   0.0000
    18  61.9126   2.2588   0.0000
    19  64.4782   2.3273   0.0000
    20  71.1684   2.2581   0.0000
    21  74.1594   2.3635   0.0000
    22  74.5966   2.4587   0.0000
    23  75.9967   2.4189   0.0000
    24  89.9876   2.7442   0.0000
    25  92.0528   2.5619   0.0000
    26  93.7086   2.5130   0.0000
    27  94.5818   2.6076   0.0000
    28  97.5857   2.6603   0.0000
    29  99.3397   2.6240   0.0000
    30  99.7185   2.6770   0.0000
    31 105.7127   2.7592   0.0000
    32 107.0476   2.7823   0.0000
    33 107.0742   2.5891   0.0000
    34 109.3586   2.7163   0.0000
    35 118.8723   2.9986   0.0000
    36 118.7003   2.4721   0.0000
    37 120.1334   2.6305   0.0000
    38 124.0257   3.0198   0.0000
    39 126.6620   2.8712   0.0000
    40 128.7594   2.6561   0.0000
    41 130.1945   2.8248   0.0000
    42 133.7960   2.8760   0.0000
    43 135.8918   3.0395   0.0000
    44 140.3729   2.7965   0.0000
    45 143.2093   2.8057   0.0000
    46 144.2069   2.9477   0.0000
    47 148.0906   3.0286   0.0000
    48 150.6836   2.8242   0.0000
    49 153.0369   2.7484   0.0000
    50 153.1890   2.7905   0.0000
    51 153.4405   2.7532   0.0000
    52 159.9531   3.0225   0.0000
    53 161.8681   3.0343   0.0000
    54 166.2545   2.9095   0.0000
    55 166.2148   2.7345   0.0000
    56 169.1109   2.8909   0.0000
    57 169.3718   3.0511   0.0000
    58 171.7698   2.8477   0.0000
    59 172.7505   2.8521   0.0000
    60 177.0451   3.0797   0.0000
  0.375000  0.375000  0.000000
  60
     1 -63.9745  -6.4370   0.0000
     2 -29.6363  -3.8862   0.0000
     3 -29.1801  -3.9147   0.0000
     4 -29.1801  -3.9147   0.0000
     5  -8.2729  -3.2029   0.0000
     6   4.5428  -1.8679   0.0000
     7   9.0136  -1.7379   0.0000
     8   9.0136  -1.7379   0.0000
     9  23.7726   1.3188   0.0000
    10  33.7606   1.5365   0.0000
    11  36.7165   1.7235   0.0000
    12  44.3012   2.0335   0.0000
    13  44.3012   2.0335   0.0000
    14  49.6363   2.0234   0.0000
    15  58.9129   2.3869   0.0000
    16  58.9129   2.3869   0.0000
    17  59.0040   2.3613   0.0000
    18  64.6808   2.1405   0.0000
    19  66.0771   2.2370   0.0000
    20  66.0771   2.2370   0.0000
    21  66.9577   2.3394   0.0000
    22  73.1163   2.4783   0.0000
    23  82.9670   2.7167   0.0000
    24  82.9670   2.7167   0.0000
    25  91.0823   2.3401   0.0000
    26  91.7435   2.7351   0.0000
    27  91.7435   2.7351   0.0000
    28  95.1343   2.4907   0.0000
    29  96.1959   2.6114   0.0000
    30  98.9895   2.7693   0.0000
    31 110.2202   2.6262   0.0000
    32 113.9761   2.5308   0.0000
    33 113.9761   2.5308   0.0000
    34 114.3709   2.7747   0.0000
    35 116.8595   2.7218   0.0000
    36 117.1585   2.9712   0.0000
    37 121.1947   2.4912   0.0000
    38 121.9650   2.8111   0.0000
    39 127.1823   2.7736   0.0000
    40 127.1823   2.7736   0.0000
    41 129.7166   2.7173   0.0000
    42 130.2228   3.1130   0.0000
    43 130.2228   3.1130   0.0000
    44 135.0214   2.7696   0.0000
    45 142.9229   2.8235   0.0000
    46 142.9229   2.8235   0.0000
    47 145.0676   2.8768   0.0000
    48 155.3392   3.1296   0.0000
    49 155.3392   3.1296   0.0000
    50 156.9341   2.9959   0.0000
    51 158.2568   2.9131   0.0000
    52 163.2364   2.6046   0.0000
    53 167.3026   2.9296   0.0000
    54 167.3026   2.9296   0.0000
    55 169.1545   3.0639   0.0000
    56 168.9938   2.8799   0.0000
    57 168.9938   2.8799   0.0000
    58 169.8923   2.7291   0.0000
    59 180.5008   3.0343   0.0000
    60 180.6976   3.0836   0.0000
  0.500000  0.375000  0.000000
  60
     1 -63.9490  -6.4397   0.0000
     2 -29.6713  -3.8821   0.0000
     3 -29.2726  -3.9098   0.0000
     4 -29.1893  -3.9137   0.0000
     5  -7.7255  -3.2080   0.0000
     6   4.1575  -1.8722   0.0000
     7   7.9529  -1.7114   0.0000
     8   8.8161  -1.7451   0.0000
     9  24.3430   1.2713   0.0000
    10  34.4928   1.6032   0.0000
    11  35.7803   1.6515   0.0000
    12  44.9500   2.0729   0.0000
    13  45.4986   2.1134   0.0000
    14  52.1327   2.1466   0.0000
    15  55.4900   2.1509   0.0000
    16  57.9630   2.2849   0.0000
    17  58.7367   2.3661   0.0000
    18  65.3648   2.1710   0.0000
    19  66.6676   2.4177   0.0000
    20  69.3060   2.2071   0.0000
    21  73.0130   2.2060   0.0000
    22  76.2540   2.5491   0.0000
    23  77.2739   2.6005   0.0000
    24  80.6416   2.7039   0.0000
    25  84.1131   2.4881   0.0000
    26  88.7273   2.4926   0.0000
    27  89.6646   2.7618   0.0000
    28  98.5189   2.7046   0.0000
    29  98.7740   2.5906   0.0000
    30 100.2695   2.6734   0.0000
    31 103.9920   2.6355   0.0000
    32 108.4615   2.6551   0.0000
    33 113.0485   2.4851   0.0000
    34 115.2220   3.0457   0.0000
    35 115.5296   2.7236   0.0000
    36 115.9109   2.6395   0.0000
    37 116.6452   2.7888   0.0000
    38 119.7924   2.7232   0.0000
    39 126.4145   2.6418   0.0000
    40 132.0899   2.8737   0.0000
    41 133.3278   3.2275   0.0000
    42 134.1149   2.8762   0.0000
    43 136.9241   2.9300   0.0000
    44 139.3944   2.7834   0.0000
    45 144.9344   2.8088   0.0000
    46 147.5545   2.8427   0.0000
    47 151.0478   3.0603   0.0000
    48 154.5628   2.8859   0.0000
    49 156.0728   2.8260   0.0000
    50 158.1234   2.8929   0.0000
    51 159.1817   2.9621   0.0000
    52 162.2777   2.9717   0.0000
    53 162.5034   2.7727   0.0000
    54 164.3375   2.7503   0.0000
    55 168.9336   2.9312   0.0000
    56 170.3588   3.1313   0.0000
    57 171.5855   3.1187   0.0000
    58 175.0631   2.9171   0.0000
    59 176.9146   3.0628   0.0000
    60 177.3845   2.8488   0.0000
 -0.375000  0.375000  0.000000
  60
     1 -63.9450  -6.4401   0.0000
     2 -29.5735  -3.8864   0.0000
     3 -29.4638  -3.9023   0.0000
     4 -29.1402  -3.9155   0.0000
     5  -7.3636  -3.2196   0.0000
     6   4.7183  -1.8270   0.0000
     7   6.0627  -1.7205   0.0000
     8   8.8092  -1.7384   0.0000
     9  26.8140   1.3006   0.0000
    10  33.8936   1.5043   0.0000
    11  36.3238   1.7125   0.0000
    12  44.0795   2.0398   0.0000
    13  45.0238   2.0772   0.0000
    14  48.8691   2.0415   0.0000
    15  56.3564   2.2658   0.0000
    16  58.1981   2.4361   0.0000
    17  58.3532   2.3374   0.0000
    18  65.4472   2.1322   0.0000
    19  69.2639   2.3226   0.0000
    20  69.9556   2.4141   0.0000
    21  75.8650   2.3375   0.0000
    22  76.9869   2.4284   0.0000
    23  79.5592   2.4412   0.0000
    24  79.8004   2.6823   0.0000
    25  85.2562   2.4140   0.0000
    26  87.3288   2.4031   0.0000
    27  88.3857   2.7313   0.0000
    28  90.8159   2.5319   0.0000
    29 100.5082   2.7651   0.0000
    30 101.9230   2.6797   0.0000
    31 103.1336   2.6575   0.0000
    32 105.6610   2.7704   0.0000
    33 109.9162   2.6053   0.0000
    34 112.6490   3.1892   0.0000
    35 113.7643   2.4705   0.0000
    36 115.6673   2.6356   0.0000
    37 118.2082   2.8216   0.0000
    38 118.8608   2.8885   0.0000
    39 132.5918   2.7361   0.0000
    40 134.1704   3.1857   0.0000
    41 134.6504   2.9965   0.0000
    42 140.2102   2.6159   0.0000
    43 143.0471   2.8346   0.0000
    44 143.8603   2.8189   0.0000
    45 145.5091   2.9731   0.0000
    46 148.2524   2.8278   0.0000
    47 150.0234   2.7873   0.0000
    48 151.8480   2.9053   0.0000
    49 152.1329   2.8109   0.0000
    50 153.5199   2.8940   0.0000
    51 157.3806   2.9581   0.0000
    52 161.4387   2.9507   0.0000
    53 162.0188   2.9480   0.0000
    54 162.9815   2.7595   0.0000
    55 163.2698   2.7450   0.0000
    56 169.0901   3.0615   0.0000
    57 173.4942   3.0935   0.0000
    58 173.7672   2.9905   0.0000
    59 175.1086   2.9598   0.0000
    60 177.0884   3.1146   0.0000
  0.500000  0.500000  0.000000
  60
     1 -63.9408  -6.4405   0.0000
     2 -29.7152  -3.8778   0.0000
     3 -29.2220  -3.9122   0.0000
     4 -29.2220  -3.9122   0.0000
     5  -7.7334  -3.2049   0.0000
     6   3.8084  -1.8961   0.0000
     7   8.7465  -1.7520   0.0000
     8   8.7465  -1.7520   0.0000
     9  22.9356   1.2861   0.0000
    10  34.0237   1.6488   0.0000
    11  36.2529   1.6371   0.0000
    12  46.4446   2.1774   0.0000
    13  46.4446   2.1774   0.0000
    14  52.0510   2.0702   0.0000
    15  57.5025   2.2672   0.0000
    16  58.4752   2.2196   0.0000
    17  58.4752   2.2196   0.0000
    18  62.8955   2.2865   0.0000
    19  67.7798   2.1874   0.0000
    20  67.7798   2.1874   0.0000
    21  75.6991   2.6097   0.0000
    22  76.6568   2.1612   0.0000
    23  77.5150   2.3270   0.0000
    24  78.5322   2.7315   0.0000
    25  78.5322   2.7315   0.0000
    26  89.9154   2.8157   0.0000
    27  89.9154   2.8157   0.0000
    28  96.6345   2.5129   0.0000
    29  97.4204   2.7166   0.0000
    30 102.6079   2.5550   0.0000
    31 109.6203   2.6217   0.0000
    32 112.1131   2.4679   0.0000
    33 112.1131   2.4679   0.0000
    34 112.5524   2.9011   0.0000
    35 113.7201   2.7013   0.0000
    36 116.4821   2.9532   0.0000
    37 116.5049   2.7666   0.0000
    38 120.4272   2.4854   0.0000
    39 126.3928   2.7659   0.0000
    40 126.3928   2.7659   0.0000
    41 128.9067   2.7119   0.0000
    42 135.0971   3.3553   0.0000
    43 135.0971   3.3553   0.0000
    44 137.9122   2.8184   0.0000
    45 151.6659   2.8820   0.0000
    46 151.6659   2.8820   0.0000
    47 153.3631   2.7588   0.0000
    48 155.5099   2.8514   0.0000
    49 155.5099   2.8514   0.0000
    50 160.2315   2.8695   0.0000
    51 160.2315   2.8695   0.0000
    52 163.4192   2.9161   0.0000
    53 164.1339   3.0463   0.0000
    54 168.1847   2.9081   0.0000
    55 169.8263   3.1032   0.0000
    56 172.8631   3.2734   0.0000
    57 172.8631   3.2734   0.0000
    58 173.0121   3.0514   0.0000
    59 173.9096   2.4930   0.0000
    60 176.7817   2.8339   0.0000
  0.375000  0.250000  0.125000
  60
     1 -64.0387  -6.4304   0.0000
     2 -29.5294  -3.9020   0.0000
     3 -29.1358  -3.9165   0.0000
     4 -29.0124  -3.9231   0.0000
     5  -9.2009  -3.2040   0.0000
     6   6.1222  -1.8069   0.0000
     7   8.8737  -1.6709   0.0000
     8   9.6500  -1.7004   0.0000
     9  27.9213   1.3681   0.0000
    10  31.6701   1.3712   0.0000
    11  38.4573   1.7729   0.0000
    12  39.3134   1.8142   0.0000
    13  41.3363   1.9082   0.0000
    14  46.3024   2.0312   0.0000
    15  54.3288   2.2457   0.0000
    16  56.9535   2.3839   0.0000
    17  59.9751   2.3600   0.0000
    18  61.3304   2.5110   0.0000
    19  64.3346   2.3306   0.0000
    20  69.1121   2.3362   0.0000
    21  72.1035   2.3702   0.0000
    22  77.6953   2.5377   0.0000
    23  79.7994   2.4891   0.0000
    24  84.8171   2.5328   0.0000
    25  91.8124   2.7245   0.0000
    26  96.4503   2.6694   0.0000
    27  99.0024   2.6989   0.0000
    28 100.0344   2.6766   0.0000
    29 101.5845   2.6831   0.0000
    30 108.2155   2.6641   0.0000
    31 109.0442   2.5495   0.0000
    32 110.6866   2.5369   0.0000
    33 111.6851   2.6614   0.0000
    34 112.2654   2.7486   0.0000
    35 112.7854   2.5899   0.0000
    36 117.9751   2.8405   0.0000
    37 119.8995   2.8600   0.0000
    38 122.8427   2.8968   0.0000
    39 127.2487   2.6681   0.0000
    40 130.3463   2.8503   0.0000
    41 132.6946   2.9107   0.0000
    42 133.1200   2.8498   0.0000
    43 133.5621   2.7109   0.0000
    44 134.6106   2.8385   0.0000
    45 135.2497   2.6721   0.0000
    46 140.9020   2.8429   0.0000
    47 141.3304   2.7799   0.0000
    48 146.9796   2.9040   0.0000
    49 149.1843   2.8116   0.0000
    50 150.8761   3.1050   0.0000
    51 151.9610   3.1049   0.0000
    52 158.2150   2.9324   0.0000
    53 158.6473   2.6955   0.0000
    54 162.8939   2.8272   0.0000
    55 164.8046   2.8805   0.0000
    56 167.6608   3.0012   0.0000
    57 171.4522   3.0614   0.0000
    58 174.4577   3.0742   0.0000
    59 175.6935   2.9797   0.0000
    60 177.4124   2.8242   0.0000
  0.500000  0.250000  0.125000
  60
     1 -63.9890  -6.4356   0.0000
     2 -29.6995  -3.8931   0.0000
     3 -29.2153  -3.9098   0.0000
     4 -29.0514  -3.9200   0.0000
     5  -7.9907  -3.2129   0.0000
     6   4.5199  -1.8151   0.0000
     7   7.7017  -1.6942   0.0000
     8   9.0930  -1.7111   0.0000
     9  28.5265   1.3126   0.0000
    10  32.2088   1.4394   0.0000
    11  38.0368   1.7669   0.0000
    12  41.0137   1.8676   0.0000
    13  43.0996   1.9870   0.0000
    14  47.6694   2.1448   0.0000
    15  54.9861   2.3684   0.0000
    16  57.7025   2.2026   0.0000
    17  60.6555   2.4161   0.0000
    18  62.6083   2.2818   0.0000
    19  64.0076   2.4103   0.0000
    20  70.6153   2.3116   0.0000
    21  73.2513   2.3513   0.0000
    22  75.2795   2.4412   0.0000
    23  80.6622   2.5220   0.0000
    24  86.5415   2.5819   0.0000
    25  88.3851   2.5114   0.0000
    26  91.6980   2.5662   0.0000
    27  94.1516   2.5894   0.0000
    28  98.4029   2.7327   0.0000
    29 100.1566   2.5956   0.0000
    30 101.9101   2.7525   0.0000
    31 104.7472   2.8007   0.0000
    32 107.1186   2.5925   0.0000
    33 108.6339   2.6268   0.0000
    34 110.8931   2.7168   0.0000
    35 111.7271   2.6848   0.0000
    36 119.2286   2.8942   0.0000
    37 121.5128   2.8942   0.0000
    38 124.8207   2.7514   0.0000
    39 127.0836   2.9120   0.0000
    40 130.7496   2.7937   0.0000
    41 132.5262   2.7375   0.0000
    42 133.5337   2.7545   0.0000
    43 136.4188   2.8351   0.0000
    44 139.9303   2.8556   0.0000
    45 140.4744   2.9751   0.0000
    46 143.0773   2.8207   0.0000
    47 146.0381   2.8757   0.0000
    48 152.5045   2.9338   0.0000
    49 152.9029   2.8721   0.0000
    50 155.4318   2.9467   0.0000
    51 158.2290   2.7762   0.0000
    52 159.8136   2.8483   0.0000
    53 161.2004   2.8924   0.0000
    54 162.2770   3.0592   0.0000
    55 165.9010   2.8736   0.0000
    56 168.1314   2.9641   0.0000
    57 171.4298   2.9677   0.0000
    58 174.5958   2.8583   0.0000
    59 176.0021   3.0870   0.0000
    60 178.8683   2.8306   0.0000
 -0.375000  0.250000  0.125000
  60
     1 -63.9683  -6.4378   0.0000
     2 -29.7714  -3.8893   0.0000
     3 -29.2341  -3.9074   0.0000
     4 -29.0778  -3.9185   0.0000
     5  -7.4035  -3.2308   0.0000
     6   3.7350  -1.7992   0.0000
     7   7.2777  -1.7167   0.0000
     8   8.8659  -1.7169   0.0000
     9  28.9854   1.2865   0.0000
    10  32.2648   1.4874   0.0000
    11  38.1337   1.7703   0.0000
    12  41.1674   1.8770   0.0000
    13  45.0706   2.0497   0.0000
    14  47.3710   2.1605   0.0000
    15  54.8179   2.3688   0.0000
    16  57.8002   2.1865   0.0000
    17  59.1431   2.2963   0.0000
    18  62.4725   2.2983   0.0000
    19  67.2958   2.4585   0.0000
    20  68.2556   2.4040   0.0000
    21  78.2391   2.2377   0.0000
    22  78.4930   2.4400   0.0000
    23  81.8962   2.4251   0.0000
    24  83.9799   2.5087   0.0000
    25  86.3970   2.6322   0.0000
    26  86.8585   2.5575   0.0000
    27  91.7239   2.5355   0.0000
    28  94.0623   2.5477   0.0000
    29  98.4871   2.6896   0.0000
    30 101.6037   2.7727   0.0000
    31 104.0442   2.7539   0.0000
    32 108.1710   2.8312   0.0000
    33 107.9581   2.5703   0.0000
    34 110.0741   2.7220   0.0000
    35 112.8840   2.7983   0.0000
    36 117.2143   2.8462   0.0000
    37 123.1665   2.9860   0.0000
    38 123.5695   2.7452   0.0000
    39 128.6578   2.8203   0.0000
    40 128.7255   2.8378   0.0000
    41 131.5196   2.7213   0.0000
    42 132.4466   2.6463   0.0000
    43 140.9258   3.0094   0.0000
    44 141.9590   3.0076   0.0000
    45 146.3971   2.8659   0.0000
    46 148.7286   2.9725   0.0000
    47 149.8702   2.9955   0.0000
    48 152.5023   2.7767   0.0000
    49 154.5488   2.7095   0.0000
    50 155.8447   2.8059   0.0000
    51 159.3263   2.9259   0.0000
    52 159.4666   2.7487   0.0000
    53 162.3384   2.9145   0.0000
    54 164.3986   2.9568   0.0000
    55 166.0349   2.9453   0.0000
    56 167.9741   2.9246   0.0000
    57 170.3475   2.9296   0.0000
    58 170.9267   3.0496   0.0000
    59 172.0884   2.8667   0.0000
    60 172.3974   2.9390   0.0000
  0.500000  0.375000  0.125000
  60
     1 -63.9691  -6.4376   0.0000
     2 -29.6402  -3.8889   0.0000
     3 -29.2467  -3.9093   0.0000
     4 -29.1588  -3.9156   0.0000
     5  -7.9360  -3.2085   0.0000
     6   4.6156  -1.8455   0.0000
     7   7.9209  -1.6948   0.0000
     8   8.6844  -1.7255   0.0000
     9  26.0156   1.2890   0.0000
    10  33.5557   1.4825   0.0000
    11  36.5644   1.7326   0.0000
    12  43.0186   1.9832   0.0000
    13  44.3199   2.0231   0.0000
    14  49.9083   2.1401   0.0000
    15  56.2271   2.2114   0.0000
    16  58.6258   2.4224   0.0000
    17  59.3892   2.3776   0.0000
    18  63.1135   2.1367   0.0000
    19  64.8240   2.3762   0.0000
    20  70.4461   2.2317   0.0000
    21  71.7856   2.4160   0.0000
    22  77.4554   2.4396   0.0000
    23  79.0246   2.5530   0.0000
    24  81.5923   2.6414   0.0000
    25  86.2502   2.5583   0.0000
    26  89.0472   2.5883   0.0000
    27  96.2247   2.4290   0.0000
    28  96.9219   2.6166   0.0000
    29 100.4557   2.7678   0.0000
    30 100.8752   2.8408   0.0000
    31 104.3035   2.5431   0.0000
    32 106.9125   2.7014   0.0000
    33 108.6631   2.6146   0.0000
    34 108.8728   2.6605   0.0000
    35 115.2150   2.7888   0.0000
    36 117.9875   3.0329   0.0000
    37 125.1487   2.6838   0.0000
    38 126.3795   2.9313   0.0000
    39 128.7944   2.7666   0.0000
    40 129.8863   2.6374   0.0000
    41 131.6958   2.7911   0.0000
    42 132.3373   2.9457   0.0000
    43 135.3804   2.8532   0.0000
    44 139.0607   2.8360   0.0000
    45 141.0298   2.7499   0.0000
    46 145.7896   3.1520   0.0000
    47 147.0619   2.7484   0.0000
    48 150.5988   2.8055   0.0000
    49 154.2591   2.8631   0.0000
    50 155.1627   3.0745   0.0000
    51 156.4126   2.9484   0.0000
    52 160.3723   2.8285   0.0000
    53 163.4732   3.0303   0.0000
    54 165.6329   2.9695   0.0000
    55 169.2116   3.0847   0.0000
    56 168.8893   2.6591   0.0000
    57 174.7097   2.9504   0.0000
    58 175.8740   3.0846   0.0000
    59 176.9477   2.8496   0.0000
    60 178.7648   2.9135   0.0000
 -0.375000  0.375000  0.125000
  60
     1 -63.9485  -6.4398   0.0000
     2 -29.6075  -3.8899   0.0000
     3 -29.3782  -3.9009   0.0000
     4 -29.1794  -3.9148   0.0000
     5  -7.3780  -3.2203   0.0000
     6   4.6993  -1.8078   0.0000
     7   6.4210  -1.7281   0.0000
     8   8.3720  -1.7261   0.0000
     9  28.0207   1.3123   0.0000
    10  32.6976   1.4575   0.0000
    11  36.7785   1.7304   0.0000
    12  42.4808   1.9688   0.0000
    13  45.8927   2.0893   0.0000
    14  48.9019   2.1505   0.0000
    15  56.0569   2.2024   0.0000
    16  58.5256   2.3986   0.0000
    17  59.1519   2.3867   0.0000
    18  63.1042   2.1103   0.0000
    19  68.4434   2.3964   0.0000
    20  72.2795   2.4255   0.0000
    21  74.4681   2.3933   0.0000
    22  76.4568   2.3892   0.0000
    23  80.3974   2.6066   0.0000
    24  82.8805   2.4527   0.0000
    25  83.4756   2.4525   0.0000
    26  86.5116   2.5756   0.0000
    27  91.3177   2.5154   0.0000
    28  93.3193   2.4153   0.0000
    29  98.9546   2.5822   0.0000
    30 100.8020   2.6201   0.0000
    31 102.0608   2.8880   0.0000
    32 105.0161   2.6617   0.0000
    33 106.6918   2.8308   0.0000
    34 109.1805   2.7741   0.0000
    35 113.3275   3.0563   0.0000
    36 117.2872   2.8320   0.0000
    37 123.4314   2.7463   0.0000
    38 127.0573   2.6911   0.0000
    39 129.5812   2.7123   0.0000
    40 132.9582   3.0074   0.0000
    41 136.3988   2.9531   0.0000
    42 139.6895   2.8081   0.0000
    43 140.3418   2.7508   0.0000
    44 141.5076   2.8277   0.0000
    45 143.8446   2.7888   0.0000
    46 145.7010   2.9765   0.0000
    47 150.2308   2.9134   0.0000
    48 150.7604   2.8000   0.0000
    49 152.8707   2.9451   0.0000
    50 154.4467   2.8201   0.0000
    51 158.0084   2.7949   0.0000
    52 158.8936   2.9360   0.0000
    53 162.5580   2.9139   0.0000
    54 164.5523   2.9473   0.0000
    55 166.0390   2.9134   0.0000
    56 168.7040   3.0270   0.0000
    57 171.7153   3.0189   0.0000
    58 175.8242   2.9693   0.0000
    59 176.6434   2.9461   0.0000
    60 177.4449   3.0816   0.0000
 -0.250000  0.375000  0.125000
  60
     1 -63.9567  -6.4389   0.0000
     2 -29.6030  -3.8952   0.0000
     3 -29.4091  -3.8972   0.0000
     4 -29.1211  -3.9168   0.0000
     5  -7.4018  -3.2230   0.0000
     6   4.8982  -1.7794   0.0000
     7   6.0409  -1.7458   0.0000
     8   8.5823  -1.7207   0.0000
     9  30.4483   1.3825   0.0000
    10  30.5900   1.3754   0.0000
    11  37.5843   1.7554   0.0000
    12  42.1613   1.9592   0.0000
    13  45.2163   2.0105   0.0000
    14  46.7380   2.1119   0.0000
    15  57.2485   2.2721   0.0000
    16  58.0522   2.4522   0.0000
    17  59.4284   2.3945   0.0000
    18  63.8650   2.1402   0.0000
    19  65.9578   2.3557   0.0000
    20  73.0602   2.4034   0.0000
    21  74.3706   2.4502   0.0000
    22  76.6360   2.2526   0.0000
    23  79.3163   2.5669   0.0000
    24  83.0783   2.4978   0.0000
    25  86.5877   2.6480   0.0000
    26  89.9831   2.3833   0.0000
    27  92.0587   2.5232   0.0000
    28  93.2059   2.5382   0.0000
    29  94.1447   2.5498   0.0000
    30 102.5351   2.8074   0.0000
    31 104.3156   2.8832   0.0000
    32 104.9045   2.5056   0.0000
    33 106.4944   2.6919   0.0000
    34 109.2744   3.0251   0.0000
    35 111.0418   2.7873   0.0000
    36 118.2378   2.8980   0.0000
    37 123.3804   2.9007   0.0000
    38 127.0743   2.6604   0.0000
    39 130.7406   2.5971   0.0000
    40 133.5257   2.9947   0.0000
    41 136.3083   2.9330   0.0000
    42 137.0763   3.0084   0.0000
    43 138.5911   2.8128   0.0000
    44 142.8237   2.7756   0.0000
    45 143.4231   2.7394   0.0000
    46 145.8796   2.8243   0.0000
    47 146.6208   2.8504   0.0000
    48 151.4109   2.8333   0.0000
    49 152.9179   2.7645   0.0000
    50 154.6405   2.9600   0.0000
    51 157.6006   3.0060   0.0000
    52 158.2505   2.9782   0.0000
    53 164.8661   2.9671   0.0000
    54 166.5553   2.9060   0.0000
    55 167.6901   2.9116   0.0000
    56 169.8299   2.8504   0.0000
    57 170.8205   2.8568   0.0000
    58 172.7723   2.9734   0.0000
    59 174.5868   2.9587   0.0000
    60 176.2891   3.0829   0.0000
 -0.375000  0.500000  0.125000
  60
     1 -63.9404  -6.4406   0.0000
     2 -29.6420  -3.8822   0.0000
     3 -29.2932  -3.9065   0.0000
     4 -29.2481  -3.9133   0.0000
     5  -7.5009  -3.2118   0.0000
     6   4.2679  -1.8600   0.0000
     7   7.5840  -1.7064   0.0000
     8   8.2245  -1.7360   0.0000
     9  25.3356   1.2588   0.0000
    10  34.7672   1.5540   0.0000
    11  35.2095   1.6805   0.0000
    12  43.9990   2.0399   0.0000
    13  46.7152   2.1772   0.0000
    14  52.2597   2.1765   0.0000
    15  54.0715   2.1523   0.0000
    16  58.2298   2.3308   0.0000
    17  59.2199   2.2620   0.0000
    18  65.2415   2.1217   0.0000
    19  68.0796   2.4349   0.0000
    20  70.8157   2.2332   0.0000
    21  73.8739   2.4290   0.0000
    22  77.2029   2.6482   0.0000
    23  78.8093   2.5220   0.0000
    24  79.8804   2.4972   0.0000
    25  81.7334   2.3701   0.0000
    26  87.0490   2.6773   0.0000
    27  87.4079   2.5390   0.0000
    28  99.3476   2.7804   0.0000
    29 100.6461   2.5100   0.0000
    30 102.2338   2.7837   0.0000
    31 102.2489   2.4916   0.0000
    32 103.9422   2.6511   0.0000
    33 107.9051   2.6126   0.0000
    34 108.5576   2.6653   0.0000
    35 113.7537   3.2594   0.0000
    36 117.3401   2.8179   0.0000
    37 124.8352   2.6291   0.0000
    38 125.5076   2.5611   0.0000
    39 126.8033   2.6510   0.0000
    40 130.5896   2.8855   0.0000
    41 134.2893   3.0862   0.0000
    42 135.2982   2.7292   0.0000
    43 136.5123   3.2487   0.0000
    44 146.0605   2.8557   0.0000
    45 147.3591   2.8785   0.0000
    46 150.5961   2.9947   0.0000
    47 150.4708   2.7690   0.0000
    48 151.8920   2.8337   0.0000
    49 154.9810   2.9330   0.0000
    50 155.9168   2.7410   0.0000
    51 156.5872   2.8813   0.0000
    52 161.5745   3.0167   0.0000
    53 162.3205   2.6973   0.0000
    54 164.0259   2.9165   0.0000
    55 168.2509   2.9038   0.0000
    56 170.6066   3.0512   0.0000
    57 171.4903   3.1048   0.0000
    58 172.6678   3.2127   0.0000
    59 173.5556   2.9470   0.0000
    60 177.1337   3.0443   0.0000
 -0.250000  0.500000  0.250000
  60
     1 -63.9401  -6.4406   0.0000
     2 -29.4667  -3.8937   0.0000
     3 -29.4667  -3.8937   0.0000
     4 -29.2740  -3.9144   0.0000
     5  -7.2583  -3.2207   0.0000
     6   5.6254  -1.7693   0.0000
     7   5.6254  -1.7693   0.0000
     8   7.7059  -1.7213   0.0000
     9  30.4116   1.3760   0.0000
    10  30.4116   1.3760   0.0000
    11  36.9040   1.7370   0.0000
    12  41.6221   1.9336   0.0000
    13  48.0818   2.1773   0.0000
    14  48.0818   2.1773   0.0000
    15  55.4204   2.1761   0.0000
    16  59.1613   2.4088   0.0000
    17  60.7662   2.4608   0.0000
    18  62.4978   1.9072   0.0000
    19  70.8130   2.4422   0.0000
    20  70.8130   2.4422   0.0000
    21  75.9877   2.5794   0.0000
    22  75.9210   2.4411   0.0000
    23  75.9210   2.4411   0.0000
    24  84.5384   2.5688   0.0000
    25  88.5603   2.3522   0.0000
    26  88.5603   2.3522   0.0000
    27  89.9548   2.4793   0.0000
    28  90.3513   2.4023   0.0000
    29  95.3938   2.6203   0.0000
    30  95.3938   2.6203   0.0000
    31 102.8361   2.9865   0.0000
    32 102.4612   2.5937   0.0000
    33 108.4926   2.6686   0.0000
    34 110.0302   3.0796   0.0000
    35 110.0302   3.0796   0.0000
    36 118.3571   2.8650   0.0000
    37 128.0855   2.6803   0.0000
    38 128.0855   2.6803   0.0000
    39 131.1829   3.0163   0.0000
    40 138.6712   2.7100   0.0000
    41 138.6712   2.7100   0.0000
    42 140.4343   2.8066   0.0000
    43 141.9303   2.7851   0.0000
    44 142.1164   2.6018   0.0000
    45 144.1691   3.0383   0.0000
    46 144.1691   3.0383   0.0000
    47 144.5119   2.9580   0.0000
    48 144.8241   2.8621   0.0000
    49 154.5245   2.8738   0.0000
    50 154.5245   2.8738   0.0000
    51 158.0570   2.8448   0.0000
    52 159.0214   2.9527   0.0000
    53 159.9397   2.9331   0.0000
    54 168.0253   2.8275   0.0000
    55 168.0253   2.8275   0.0000
    56 168.7521   2.9083   0.0000
    57 172.2289   3.1989   0.0000
    58 172.7740   3.1218   0.0000
    59 172.7740   3.1218   0.0000
    60 181.1173   3.0221   0.0000
