          29           1
  0.000000  0.000000  0.000000
  60
     1 -62.0070   0.0000   0.0000
     2 -26.7275   0.0000   0.0000
     3 -26.7275   0.0000   0.0000
     4 -26.7275   0.0000   0.0000
     5 -10.5434   0.0000   0.0000
     6  13.7035   0.0000  -0.0000
     7  13.7038   0.0000  -0.0000
     8  13.7038   0.0000  -0.0000
     9  33.6459   0.0000  -0.0000
    10  36.5394   0.0000   0.0000
    11  36.5394   0.0000   0.0000
    12  36.5394   0.0000   0.0000
    13  42.8888   0.0000  -0.0000
    14  46.6814   0.0000   0.0000
    15  46.6814   0.0000   0.0000
    16  61.7821   0.0000   0.0000
    17  61.7829   0.0000   0.0000
    18  61.7829   0.0000  -0.0000
    19  82.6483   0.0000  -0.0000
    20  82.6485   0.0000  -0.0000
    21  82.6485   0.0000  -0.0000
    22  90.4038   0.0000   0.0000
    23  97.2742   0.0000   0.0000
    24  97.2742   0.0000  -0.0000
    25  97.2742   0.0000  -0.0000
    26 105.4156   0.0000   0.0000
    27 105.4156   0.0000   0.0000
    28 106.5012   0.0000  -0.0000
    29 106.5012   0.0000   0.0000
    30 106.5012   0.0000  -0.0000
    31 124.8965   0.0000  -0.0000
    32 124.8965   0.0000   0.0000
    33 134.3413   0.0000   0.0000
    34 137.2977   0.0000  -0.0000
    35 137.2977   0.0000   0.0000
    36 137.2977   0.0000  -0.0000
    37 141.7590   0.0000   0.0000
    38 141.7655   0.0000  -0.0000
    39 141.7655   0.0000  -0.0000
    40 146.1250   0.0000  -0.0000
    41 146.1258   0.0000  -0.0000
    42 146.1258   0.0000  -0.0000
    43 148.3020   0.0000   0.0000
    44 148.3020   0.0000  -0.0000
    45 148.3020   0.0000  -0.0000
    46 150.6209   0.0000   0.0000
    47 150.6209   0.0000  -0.0000
    48 150.6209   0.0000  -0.0000
    49 151.4872   0.0000  -0.0000
    50 155.3937   0.0000  -0.0000
    51 155.3937   0.0000   0.0000
    52 155.3937   0.0000  -0.0000
    53 156.4989   0.0000   0.0000
    54 156.4989   0.0000  -0.0000
    55 157.5970   0.0000   0.0000
    56 157.5970   0.0000   0.0000
    57 157.5970   0.0000   0.0000
    58 159.6182   0.0000  -0.0000
    59 166.7659   0.0000  -0.0000
    60 182.1215   0.0000   0.0000
  0.125000  0.000000  0.000000
  60
     1 -61.9660   0.0000   0.0000
     2 -26.9691   0.0000  -0.0000
     3 -26.7386   0.0000  -0.0000
     4 -26.7385   0.0000  -0.0000
     5  -9.9384   0.0000   0.0000
     6  12.2627   0.0000  -0.0000
     7  13.3053   0.0000  -0.0000
     8  13.3056   0.0000   0.0000
     9  33.5978   0.0000  -0.0000
    10  35.0435   0.0000  -0.0000
    11  37.4757   0.0000  -0.0000
    12  37.4757   0.0000  -0.0000
    13  46.8357   0.0000   0.0000
    14  46.8358   0.0000   0.0000
    15  47.5984   0.0000   0.0000
    16  60.9925   0.0000   0.0000
    17  62.9625   0.0000  -0.0000
    18  62.9628   0.0000   0.0000
    19  79.8244   0.0000   0.0000
    20  81.1497   0.0000  -0.0000
    21  81.1499   0.0000  -0.0000
    22  91.9130   0.0000  -0.0000
    23  92.3979   0.0000  -0.0000
    24  92.3979   0.0000  -0.0000
    25 100.5609   0.0000  -0.0000
    26 102.4911   0.0000   0.0000
    27 102.4911   0.0000   0.0000
    28 107.1701   0.0000   0.0000
    29 117.6737   0.0000   0.0000
    30 117.6738   0.0000  -0.0000
    31 122.8461   0.0000  -0.0000
    32 122.8463   0.0000  -0.0000
    33 130.2386   0.0000  -0.0000
    34 131.4905   0.0000  -0.0000
    35 132.3689   0.0000  -0.0000
    36 132.3690   0.0000  -0.0000
    37 137.6655   0.0000   0.0000
    38 138.0640   0.0000  -0.0000
    39 138.0643   0.0000  -0.0000
    40 139.3619   0.0000   0.0000
    41 140.9310   0.0000  -0.0000
    42 140.9351   0.0000   0.0000
    43 146.5276   0.0000  -0.0000
    44 146.7887   0.0000  -0.0000
    45 146.7887   0.0000  -0.0000
    46 150.0634   0.0000  -0.0000
    47 152.2913   0.0000  -0.0000
    48 154.4931   0.0000  -0.0000
    49 154.4931   0.0000  -0.0000
    50 159.1404   0.0000  -0.0000
    51 159.1433   0.0000   0.0000
    52 159.6709   0.0000  -0.0000
    53 159.6709   0.0000  -0.0000
    54 160.8944   0.0000  -0.0000
    55 164.9667   0.0000   0.0000
    56 165.7436   0.0000  -0.0000
    57 170.4908   0.0000  -0.0000
    58 170.4909   0.0000   0.0000
    59 171.1160   0.0000   0.0000
    60 180.5402   0.0000   0.0000
  0.250000  0.000000  0.000000
  60
     1 -61.8663   0.0000   0.0000
     2 -27.5153   0.0000  -0.0000
     3 -26.7649   0.0000  -0.0000
     4 -26.7649   0.0000   0.0000
     5  -8.3457   0.0000   0.0000
     6   8.9563   0.0000   0.0000
     7  12.4202   0.0000   0.0000
     8  12.4202   0.0000  -0.0000
     9  31.4754   0.0000  -0.0000
    10  36.9542   0.0000  -0.0000
    11  39.7311   0.0000  -0.0000
    12  39.7311   0.0000   0.0000
    13  47.5841   0.0000   0.0000
    14  47.5841   0.0000   0.0000
    15  54.5269   0.0000   0.0000
    16  60.5384   0.0000   0.0000
    17  65.9932   0.0000  -0.0000
    18  65.9932   0.0000  -0.0000
    19  75.3054   0.0000  -0.0000
    20  75.3054   0.0000   0.0000
    21  75.9717   0.0000  -0.0000
    22  88.7293   0.0000   0.0000
    23  88.7293   0.0000  -0.0000
    24  94.3805   0.0000  -0.0000
    25 104.0675   0.0000   0.0000
    26 104.0675   0.0000   0.0000
    27 106.4326   0.0000   0.0000
    28 109.1742   0.0000  -0.0000
    29 114.8554   0.0000   0.0000
    30 114.8554   0.0000   0.0000
    31 118.3604   0.0000   0.0000
    32 122.1211   0.0000  -0.0000
    33 124.5987   0.0000   0.0000
    34 124.5987   0.0000  -0.0000
    35 130.3727   0.0000  -0.0000
    36 130.3727   0.0000   0.0000
    37 130.6953   0.0000  -0.0000
    38 134.6053   0.0000   0.0000
    39 134.6053   0.0000   0.0000
    40 135.3866   0.0000   0.0000
    41 139.7466   0.0000   0.0000
    42 139.7466   0.0000  -0.0000
    43 143.9198   0.0000  -0.0000
    44 144.3050   0.0000  -0.0000
    45 144.3050   0.0000  -0.0000
    46 149.8507   0.0000  -0.0000
    47 157.5417   0.0000   0.0000
    48 160.3044   0.0000  -0.0000
    49 160.3044   0.0000  -0.0000
    50 164.1224   0.0000   0.0000
    51 164.4988   0.0000  -0.0000
    52 164.4998   0.0000  -0.0000
    53 171.4304   0.0000   0.0000
    54 171.4334   0.0000  -0.0000
    55 173.5628   0.0000  -0.0000
    56 177.4328   0.0000  -0.0000
    57 179.1561   0.0000   0.0000
    58 179.1561   0.0000  -0.0000
    59 181.9052   0.0000   0.0000
    60 188.7029   0.0000  -0.0000
  0.375000  0.000000  0.000000
  60
     1 -61.7655   0.0000  -0.0000
     2 -28.0189   0.0000   0.0000
     3 -26.7910   0.0000  -0.0000
     4 -26.7910   0.0000  -0.0000
     5  -6.3649   0.0000  -0.0000
     6   5.5613   0.0000  -0.0000
     7  11.6207   0.0000  -0.0000
     8  11.6207   0.0000   0.0000
     9  30.4689   0.0000  -0.0000
    10  38.8521   0.0000  -0.0000
    11  41.7869   0.0000   0.0000
    12  41.7869   0.0000  -0.0000
    13  49.6089   0.0000   0.0000
    14  49.6089   0.0000  -0.0000
    15  55.4309   0.0000  -0.0000
    16  65.2860   0.0000  -0.0000
    17  67.9523   0.0000   0.0000
    18  67.9523   0.0000   0.0000
    19  69.3538   0.0000   0.0000
    20  69.3538   0.0000   0.0000
    21  76.1240   0.0000  -0.0000
    22  89.5255   0.0000  -0.0000
    23  89.5255   0.0000  -0.0000
    24  95.2874   0.0000   0.0000
    25 103.0601   0.0000   0.0000
    26 104.9801   0.0000  -0.0000
    27 104.9801   0.0000   0.0000
    28 107.2952   0.0000  -0.0000
    29 107.2952   0.0000  -0.0000
    30 112.2037   0.0000  -0.0000
    31 112.4951   0.0000  -0.0000
    32 117.6514   0.0000  -0.0000
    33 117.6514   0.0000  -0.0000
    34 118.4521   0.0000  -0.0000
    35 123.3668   0.0000   0.0000
    36 130.6347   0.0000   0.0000
    37 130.6347   0.0000  -0.0000
    38 134.0198   0.0000   0.0000
    39 137.0999   0.0000   0.0000
    40 137.0999   0.0000  -0.0000
    41 143.4839   0.0000   0.0000
    42 145.8313   0.0000   0.0000
    43 145.8313   0.0000  -0.0000
    44 148.2018   0.0000   0.0000
    45 148.6991   0.0000  -0.0000
    46 148.6991   0.0000  -0.0000
    47 158.8067   0.0000  -0.0000
    48 158.8067   0.0000   0.0000
    49 160.4703   0.0000  -0.0000
    50 168.8321   0.0000   0.0000
    51 174.8492   0.0000   0.0000
    52 174.8492   0.0000   0.0000
    53 180.5073   0.0000  -0.0000
    54 182.4238   0.0000   0.0000
    55 182.4238   0.0000  -0.0000
    56 184.9341   0.0000  -0.0000
    57 184.9341   0.0000  -0.0000
    58 185.2603   0.0000   0.0000
    59 185.2603   0.0000   0.0000
    60 187.5777   0.0000  -0.0000
  0.500000  0.000000  0.000000
  60
     1 -61.7234   0.0000   0.0000
     2 -28.2172   0.0000  -0.0000
     3 -26.8016   0.0000  -0.0000
     4 -26.8016   0.0000  -0.0000
     5  -5.2760   0.0000   0.0000
     6   3.9508   0.0000  -0.0000
     7  11.3100   0.0000  -0.0000
     8  11.3100   0.0000   0.0000
     9  30.2290   0.0000  -0.0000
    10  39.5694   0.0000   0.0000
    11  42.4751   0.0000   0.0000
    12  42.4751   0.0000  -0.0000
    13  51.4782   0.0000  -0.0000
    14  51.4782   0.0000   0.0000
    15  55.0948   0.0000  -0.0000
    16  64.1739   0.0000  -0.0000
    17  64.1739   0.0000   0.0000
    18  66.4058   0.0000  -0.0000
    19  70.8322   0.0000  -0.0000
    20  70.8322   0.0000   0.0000
    21  83.9496   0.0000   0.0000
    22  86.7540   0.0000   0.0000
    23  91.9622   0.0000   0.0000
    24  91.9622   0.0000   0.0000
    25  99.1397   0.0000   0.0000
    26  99.1397   0.0000   0.0000
    27 103.1894   0.0000   0.0000
    28 108.2847   0.0000   0.0000
    29 111.1063   0.0000  -0.0000
    30 111.1063   0.0000  -0.0000
    31 112.5448   0.0000   0.0000
    32 112.5448   0.0000   0.0000
    33 116.3824   0.0000  -0.0000
    34 118.1430   0.0000  -0.0000
    35 120.5422   0.0000  -0.0000
    36 130.1248   0.0000  -0.0000
    37 130.1248   0.0000   0.0000
    38 133.2466   0.0000   0.0000
    39 136.6435   0.0000   0.0000
    40 136.6435   0.0000  -0.0000
    41 144.0834   0.0000   0.0000
    42 146.6747   0.0000   0.0000
    43 148.2215   0.0000  -0.0000
    44 148.2215   0.0000   0.0000
    45 152.8949   0.0000   0.0000
    46 152.8949   0.0000   0.0000
    47 161.0443   0.0000   0.0000
    48 166.8215   0.0000   0.0000
    49 166.8215   0.0000  -0.0000
    50 168.2870   0.0000  -0.0000
    51 168.2870   0.0000  -0.0000
    52 175.0737   0.0000  -0.0000
    53 179.8921   0.0000  -0.0000
    54 181.5938   0.0000   0.0000
    55 184.0835   0.0000   0.0000
    56 184.0835   0.0000   0.0000
    57 189.6326   0.0000   0.0000
    58 189.6326   0.0000  -0.0000
    59 193.8911   0.0000  -0.0000
    60 193.8914   0.0000   0.0000
  0.125000  0.125000  0.000000
  60
     1 -61.9525   0.0000  -0.0000
     2 -26.9568   0.0000  -0.0000
     3 -26.7853   0.0000   0.0000
     4 -26.7853   0.0000  -0.0000
     5  -9.7627   0.0000  -0.0000
     6  12.0057   0.0000   0.0000
     7  13.1357   0.0000   0.0000
     8  13.1357   0.0000  -0.0000
     9  32.6418   0.0000   0.0000
    10  34.6263   0.0000   0.0000
    11  38.5350   0.0000   0.0000
    12  38.5350   0.0000  -0.0000
    13  46.0366   0.0000  -0.0000
    14  47.5253   0.0000   0.0000
    15  48.5613   0.0000  -0.0000
    16  62.1074   0.0000  -0.0000
    17  62.1074   0.0000   0.0000
    18  63.2746   0.0000  -0.0000
    19  79.9734   0.0000  -0.0000
    20  80.1865   0.0000   0.0000
    21  80.1865   0.0000  -0.0000
    22  92.6601   0.0000   0.0000
    23  92.8081   0.0000  -0.0000
    24  94.3084   0.0000  -0.0000
    25  94.3084   0.0000   0.0000
    26  98.0157   0.0000  -0.0000
    27 107.2342   0.0000  -0.0000
    28 114.1763   0.0000   0.0000
    29 114.1763   0.0000  -0.0000
    30 121.0584   0.0000  -0.0000
    31 122.6325   0.0000  -0.0000
    32 123.6819   0.0000   0.0000
    33 125.8585   0.0000  -0.0000
    34 125.8585   0.0000   0.0000
    35 132.0781   0.0000   0.0000
    36 132.2084   0.0000  -0.0000
    37 136.9673   0.0000  -0.0000
    38 136.9673   0.0000  -0.0000
    39 138.1692   0.0000   0.0000
    40 143.0181   0.0000  -0.0000
    41 143.3226   0.0000  -0.0000
    42 143.3226   0.0000  -0.0000
    43 144.8687   0.0000   0.0000
    44 144.8687   0.0000   0.0000
    45 145.3042   0.0000  -0.0000
    46 146.7158   0.0000   0.0000
    47 151.3043   0.0000  -0.0000
    48 151.8754   0.0000  -0.0000
    49 156.8229   0.0000  -0.0000
    50 159.8914   0.0000   0.0000
    51 159.8914   0.0000   0.0000
    52 161.8351   0.0000   0.0000
    53 161.8351   0.0000   0.0000
    54 162.1867   0.0000  -0.0000
    55 162.9410   0.0000   0.0000
    56 168.9536   0.0000  -0.0000
    57 168.9536   0.0000   0.0000
    58 173.3137   0.0000   0.0000
    59 177.6583   0.0000   0.0000
    60 180.7642   0.0000  -0.0000
  0.250000  0.125000  0.000000
  60
     1 -61.8726   0.0000  -0.0000
     2 -27.3513   0.0000   0.0000
     3 -26.8375   0.0000   0.0000
     4 -26.8094   0.0000   0.0000
     5  -8.5714   0.0000   0.0000
     6   9.7116   0.0000  -0.0000
     7  12.2604   0.0000  -0.0000
     8  12.4403   0.0000  -0.0000
     9  30.9756   0.0000  -0.0000
    10  35.6040   0.0000  -0.0000
    11  40.6597   0.0000   0.0000
    12  40.8506   0.0000  -0.0000
    13  45.6106   0.0000   0.0000
    14  48.6472   0.0000   0.0000
    15  54.5312   0.0000   0.0000
    16  61.4747   0.0000   0.0000
    17  63.5474   0.0000  -0.0000
    18  66.2103   0.0000   0.0000
    19  75.4386   0.0000  -0.0000
    20  75.4921   0.0000  -0.0000
    21  79.6216   0.0000   0.0000
    22  87.5559   0.0000  -0.0000
    23  88.0665   0.0000   0.0000
    24  95.5893   0.0000  -0.0000
    25  95.8793   0.0000  -0.0000
    26 103.0304   0.0000  -0.0000
    27 107.7432   0.0000  -0.0000
    28 114.3441   0.0000  -0.0000
    29 116.5452   0.0000   0.0000
    30 117.6801   0.0000   0.0000
    31 121.0785   0.0000   0.0000
    32 121.9034   0.0000   0.0000
    33 123.1516   0.0000  -0.0000
    34 125.4746   0.0000   0.0000
    35 126.1345   0.0000  -0.0000
    36 130.5829   0.0000  -0.0000
    37 131.6670   0.0000  -0.0000
    38 132.8504   0.0000   0.0000
    39 134.1832   0.0000  -0.0000
    40 135.1447   0.0000  -0.0000
    41 140.7325   0.0000  -0.0000
    42 141.9981   0.0000  -0.0000
    43 143.1453   0.0000   0.0000
    44 145.7245   0.0000   0.0000
    45 148.7873   0.0000   0.0000
    46 153.2144   0.0000   0.0000
    47 154.8524   0.0000   0.0000
    48 155.3430   0.0000   0.0000
    49 158.4295   0.0000  -0.0000
    50 161.0510   0.0000   0.0000
    51 161.1190   0.0000  -0.0000
    52 163.6428   0.0000   0.0000
    53 164.4140   0.0000  -0.0000
    54 172.5761   0.0000  -0.0000
    55 176.4541   0.0000   0.0000
    56 178.3770   0.0000  -0.0000
    57 179.7962   0.0000   0.0000
    58 180.6801   0.0000  -0.0000
    59 181.9239   0.0000   0.0000
    60 187.3528   0.0000  -0.0000
  0.375000  0.125000  0.000000
  60
     1 -61.7723   0.0000  -0.0000
     2 -27.8284   0.0000  -0.0000
     3 -26.8645   0.0000   0.0000
     4 -26.8576   0.0000  -0.0000
     5  -6.8078   0.0000   0.0000
     6   6.7179   0.0000   0.0000
     7  11.1462   0.0000  -0.0000
     8  11.6791   0.0000   0.0000
     9  30.7034   0.0000  -0.0000
    10  36.8251   0.0000  -0.0000
    11  42.3952   0.0000   0.0000
    12  42.8421   0.0000   0.0000
    13  46.8044   0.0000   0.0000
    14  50.8139   0.0000   0.0000
    15  57.4432   0.0000  -0.0000
    16  64.7839   0.0000  -0.0000
    17  65.3010   0.0000   0.0000
    18  67.9544   0.0000   0.0000
    19  69.5670   0.0000  -0.0000
    20  73.4136   0.0000   0.0000
    21  77.3260   0.0000  -0.0000
    22  85.6496   0.0000  -0.0000
    23  87.4880   0.0000   0.0000
    24  97.9018   0.0000   0.0000
    25  98.1452   0.0000  -0.0000
    26 102.2521   0.0000  -0.0000
    27 106.7659   0.0000  -0.0000
    28 107.4727   0.0000  -0.0000
    29 108.9374   0.0000  -0.0000
    30 113.5605   0.0000  -0.0000
    31 115.3276   0.0000   0.0000
    32 118.4367   0.0000  -0.0000
    33 120.1433   0.0000  -0.0000
    34 120.9336   0.0000  -0.0000
    35 125.7668   0.0000  -0.0000
    36 129.0971   0.0000   0.0000
    37 130.2921   0.0000  -0.0000
    38 132.1764   0.0000  -0.0000
    39 135.9099   0.0000  -0.0000
    40 136.0209   0.0000  -0.0000
    41 141.9796   0.0000  -0.0000
    42 144.1515   0.0000  -0.0000
    43 147.5802   0.0000  -0.0000
    44 147.7705   0.0000   0.0000
    45 151.4478   0.0000   0.0000
    46 152.3892   0.0000  -0.0000
    47 157.9936   0.0000  -0.0000
    48 159.5812   0.0000  -0.0000
    49 162.3083   0.0000   0.0000
    50 164.4786   0.0000   0.0000
    51 167.3953   0.0000  -0.0000
    52 170.6874   0.0000  -0.0000
    53 173.6106   0.0000   0.0000
    54 175.0052   0.0000   0.0000
    55 183.8040   0.0000   0.0000
    56 184.3399   0.0000   0.0000
    57 186.0193   0.0000  -0.0000
    58 189.2510   0.0000   0.0000
    59 190.9810   0.0000   0.0000
    60 192.7011   0.0000   0.0000
  0.500000  0.125000  0.000000
  60
     1 -61.7105   0.0000  -0.0000
     2 -28.1008   0.0000  -0.0000
     3 -26.9222   0.0000  -0.0000
     4 -26.8505   0.0000  -0.0000
     5  -5.3900   0.0000  -0.0000
     6   4.6052   0.0000   0.0000
     7  10.4811   0.0000   0.0000
     8  11.2524   0.0000   0.0000
     9  31.0057   0.0000  -0.0000
    10  37.5541   0.0000   0.0000
    11  43.0388   0.0000  -0.0000
    12  43.5220   0.0000   0.0000
    13  49.7327   0.0000   0.0000
    14  52.1061   0.0000   0.0000
    15  57.0612   0.0000  -0.0000
    16  63.2616   0.0000  -0.0000
    17  64.9379   0.0000   0.0000
    18  67.6449   0.0000  -0.0000
    19  71.0981   0.0000  -0.0000
    20  72.6375   0.0000  -0.0000
    21  81.9937   0.0000  -0.0000
    22  88.5516   0.0000  -0.0000
    23  90.5010   0.0000  -0.0000
    24  90.6816   0.0000  -0.0000
    25  96.2519   0.0000  -0.0000
    26  98.7097   0.0000   0.0000
    27 101.7229   0.0000   0.0000
    28 104.6954   0.0000  -0.0000
    29 108.9220   0.0000   0.0000
    30 109.5531   0.0000   0.0000
    31 111.6445   0.0000   0.0000
    32 115.5790   0.0000   0.0000
    33 120.3132   0.0000   0.0000
    34 123.6044   0.0000   0.0000
    35 124.2323   0.0000  -0.0000
    36 127.8956   0.0000   0.0000
    37 129.4898   0.0000  -0.0000
    38 130.3246   0.0000  -0.0000
    39 135.1526   0.0000   0.0000
    40 137.1034   0.0000  -0.0000
    41 139.2672   0.0000   0.0000
    42 146.4995   0.0000  -0.0000
    43 152.2276   0.0000   0.0000
    44 153.8767   0.0000  -0.0000
    45 154.2394   0.0000  -0.0000
    46 158.5509   0.0000  -0.0000
    47 159.3394   0.0000  -0.0000
    48 165.1529   0.0000   0.0000
    49 168.2077   0.0000   0.0000
    50 168.6821   0.0000   0.0000
    51 169.4270   0.0000   0.0000
    52 172.8109   0.0000  -0.0000
    53 177.7146   0.0000   0.0000
    54 179.9812   0.0000  -0.0000
    55 180.1580   0.0000   0.0000
    56 182.2397   0.0000  -0.0000
    57 185.4985   0.0000   0.0000
    58 186.9590   0.0000   0.0000
    59 188.5532   0.0000  -0.0000
    60 191.2466   0.0000   0.0000
 -0.375000  0.125000  0.000000
  60
     1 -61.7244   0.0000  -0.0000
     2 -28.0407   0.0000   0.0000
     3 -26.9607   0.0000  -0.0000
     4 -26.8039   0.0000   0.0000
     5  -5.7029   0.0000   0.0000
     6   5.0927   0.0000   0.0000
     7  10.4960   0.0000   0.0000
     8  11.3638   0.0000   0.0000
     9  31.3250   0.0000  -0.0000
    10  37.3717   0.0000   0.0000
    11  42.9566   0.0000  -0.0000
    12  43.0228   0.0000  -0.0000
    13  49.1497   0.0000   0.0000
    14  51.0448   0.0000   0.0000
    15  57.3101   0.0000   0.0000
    16  63.8175   0.0000  -0.0000
    17  66.7749   0.0000   0.0000
    18  67.5784   0.0000  -0.0000
    19  69.9664   0.0000   0.0000
    20  72.9186   0.0000  -0.0000
    21  79.0496   0.0000  -0.0000
    22  86.5539   0.0000  -0.0000
    23  89.8685   0.0000   0.0000
    24  94.2703   0.0000  -0.0000
    25  98.3262   0.0000  -0.0000
    26 100.8874   0.0000   0.0000
    27 103.2553   0.0000   0.0000
    28 104.4379   0.0000   0.0000
    29 107.9901   0.0000  -0.0000
    30 109.0462   0.0000  -0.0000
    31 111.7589   0.0000   0.0000
    32 116.8079   0.0000   0.0000
    33 119.7829   0.0000   0.0000
    34 123.0609   0.0000  -0.0000
    35 123.1943   0.0000  -0.0000
    36 129.0712   0.0000  -0.0000
    37 130.7714   0.0000  -0.0000
    38 132.3927   0.0000   0.0000
    39 135.8294   0.0000   0.0000
    40 136.3187   0.0000  -0.0000
    41 137.2021   0.0000   0.0000
    42 148.2329   0.0000   0.0000
    43 150.4374   0.0000  -0.0000
    44 151.8181   0.0000   0.0000
    45 154.7261   0.0000  -0.0000
    46 156.4705   0.0000   0.0000
    47 157.3620   0.0000   0.0000
    48 163.9292   0.0000  -0.0000
    49 165.2933   0.0000  -0.0000
    50 168.0583   0.0000  -0.0000
    51 172.9299   0.0000   0.0000
    52 173.7109   0.0000   0.0000
    53 177.6779   0.0000  -0.0000
    54 177.7106   0.0000  -0.0000
    55 180.0468   0.0000  -0.0000
    56 184.1810   0.0000  -0.0000
    57 184.6781   0.0000  -0.0000
    58 186.5130   0.0000  -0.0000
    59 188.3282   0.0000   0.0000
    60 192.1152   0.0000  -0.0000
 -0.250000  0.125000  0.000000
  60
     1 -61.8056   0.0000   0.0000
     2 -27.6862   0.0000   0.0000
     3 -26.9404   0.0000   0.0000
     4 -26.7519   0.0000   0.0000
     5  -7.3739   0.0000  -0.0000
     6   7.7372   0.0000   0.0000
     7  11.1855   0.0000  -0.0000
     8  11.9806   0.0000   0.0000
     9  31.7462   0.0000   0.0000
    10  36.2159   0.0000  -0.0000
    11  40.7826   0.0000   0.0000
    12  42.2935   0.0000   0.0000
    13  46.9536   0.0000   0.0000
    14  49.2173   0.0000  -0.0000
    15  57.3884   0.0000   0.0000
    16  62.5577   0.0000  -0.0000
    17  65.7388   0.0000  -0.0000
    18  68.4125   0.0000  -0.0000
    19  69.5780   0.0000  -0.0000
    20  76.3025   0.0000  -0.0000
    21  76.7990   0.0000  -0.0000
    22  85.0190   0.0000  -0.0000
    23  86.3405   0.0000  -0.0000
    24  97.7386   0.0000   0.0000
    25  99.2225   0.0000   0.0000
    26 105.9352   0.0000   0.0000
    27 107.0255   0.0000   0.0000
    28 109.1274   0.0000   0.0000
    29 111.9711   0.0000   0.0000
    30 113.8849   0.0000  -0.0000
    31 115.3506   0.0000   0.0000
    32 118.8965   0.0000  -0.0000
    33 120.2894   0.0000   0.0000
    34 120.7974   0.0000  -0.0000
    35 125.4597   0.0000  -0.0000
    36 130.5660   0.0000   0.0000
    37 132.9860   0.0000  -0.0000
    38 134.7210   0.0000  -0.0000
    39 135.7897   0.0000  -0.0000
    40 135.8839   0.0000   0.0000
    41 137.5062   0.0000   0.0000
    42 142.1478   0.0000   0.0000
    43 144.0785   0.0000  -0.0000
    44 147.0107   0.0000   0.0000
    45 150.5215   0.0000  -0.0000
    46 154.0447   0.0000  -0.0000
    47 159.7473   0.0000   0.0000
    48 160.2885   0.0000   0.0000
    49 160.8041   0.0000  -0.0000
    50 161.4043   0.0000  -0.0000
    51 165.0832   0.0000   0.0000
    52 171.3133   0.0000   0.0000
    53 171.8185   0.0000  -0.0000
    54 176.0138   0.0000   0.0000
    55 177.2210   0.0000   0.0000
    56 177.8412   0.0000   0.0000
    57 183.4123   0.0000  -0.0000
    58 187.0495   0.0000   0.0000
    59 189.5279   0.0000  -0.0000
    60 190.2320   0.0000   0.0000
 -0.125000  0.125000  0.000000
  60
     1 -61.9055   0.0000  -0.0000
     2 -27.2386   0.0000  -0.0000
     3 -26.8500   0.0000   0.0000
     4 -26.7248   0.0000  -0.0000
     5  -9.0314   0.0000   0.0000
     6  10.5986   0.0000   0.0000
     7  12.3875   0.0000  -0.0000
     8  12.7991   0.0000  -0.0000
     9  32.6875   0.0000  -0.0000
    10  34.8783   0.0000   0.0000
    11  38.3645   0.0000  -0.0000
    12  40.2322   0.0000  -0.0000
    13  46.5210   0.0000   0.0000
    14  47.6334   0.0000   0.0000
    15  52.4015   0.0000   0.0000
    16  61.3347   0.0000   0.0000
    17  62.6886   0.0000   0.0000
    18  65.6677   0.0000   0.0000
    19  75.2614   0.0000   0.0000
    20  79.2387   0.0000  -0.0000
    21  80.6372   0.0000   0.0000
    22  87.1457   0.0000   0.0000
    23  88.7519   0.0000   0.0000
    24  95.2135   0.0000   0.0000
    25  98.9981   0.0000   0.0000
    26 103.2010   0.0000  -0.0000
    27 103.5430   0.0000  -0.0000
    28 116.7859   0.0000  -0.0000
    29 118.3916   0.0000  -0.0000
    30 119.2689   0.0000   0.0000
    31 121.3312   0.0000  -0.0000
    32 122.5287   0.0000   0.0000
    33 123.1600   0.0000  -0.0000
    34 125.2736   0.0000   0.0000
    35 127.9927   0.0000   0.0000
    36 129.0730   0.0000   0.0000
    37 129.7745   0.0000  -0.0000
    38 136.1841   0.0000   0.0000
    39 136.9936   0.0000   0.0000
    40 137.9440   0.0000  -0.0000
    41 138.7441   0.0000   0.0000
    42 141.2345   0.0000  -0.0000
    43 143.5285   0.0000  -0.0000
    44 146.8917   0.0000  -0.0000
    45 147.3126   0.0000   0.0000
    46 150.3746   0.0000   0.0000
    47 151.1603   0.0000   0.0000
    48 159.1440   0.0000  -0.0000
    49 159.3729   0.0000  -0.0000
    50 161.0484   0.0000  -0.0000
    51 162.9230   0.0000  -0.0000
    52 163.6808   0.0000   0.0000
    53 165.8346   0.0000   0.0000
    54 166.5893   0.0000  -0.0000
    55 168.2922   0.0000  -0.0000
    56 173.7902   0.0000  -0.0000
    57 175.0209   0.0000  -0.0000
    58 175.4949   0.0000   0.0000
    59 180.9726   0.0000  -0.0000
    60 183.8188   0.0000  -0.0000
  0.250000  0.250000  0.000000
  60
     1 -61.8207   0.0000   0.0000
     2 -27.4095   0.0000   0.0000
     3 -26.9267   0.0000  -0.0000
     4 -26.9267   0.0000  -0.0000
     5  -7.9770   0.0000  -0.0000
     6   8.7243   0.0000   0.0000
     7  12.0523   0.0000   0.0000
     8  12.0523   0.0000  -0.0000
     9  28.3483   0.0000   0.0000
    10  36.6697   0.0000  -0.0000
    11  43.4647   0.0000   0.0000
    12  43.4647   0.0000   0.0000
    13  43.6948   0.0000   0.0000
    14  49.9906   0.0000  -0.0000
    15  58.1870   0.0000   0.0000
    16  63.0880   0.0000  -0.0000
    17  63.0880   0.0000  -0.0000
    18  66.5555   0.0000   0.0000
    19  74.9548   0.0000   0.0000
    20  74.9552   0.0000  -0.0000
    21  76.7471   0.0000  -0.0000
    22  81.3043   0.0000   0.0000
    23  92.8423   0.0000   0.0000
    24  92.8423   0.0000   0.0000
    25  97.6916   0.0000  -0.0000
    26 100.1193   0.0000   0.0000
    27 109.6895   0.0000   0.0000
    28 109.9837   0.0000  -0.0000
    29 109.9838   0.0000   0.0000
    30 115.0533   0.0000  -0.0000
    31 121.3024   0.0000   0.0000
    32 121.4136   0.0000   0.0000
    33 126.0907   0.0000  -0.0000
    34 126.0907   0.0000   0.0000
    35 129.3323   0.0000   0.0000
    36 130.8887   0.0000  -0.0000
    37 130.8888   0.0000  -0.0000
    38 133.2096   0.0000   0.0000
    39 134.5687   0.0000  -0.0000
    40 137.9842   0.0000   0.0000
    41 139.7717   0.0000   0.0000
    42 139.7717   0.0000  -0.0000
    43 142.5155   0.0000  -0.0000
    44 143.4894   0.0000   0.0000
    45 148.0960   0.0000   0.0000
    46 148.0964   0.0000   0.0000
    47 149.2710   0.0000   0.0000
    48 158.9337   0.0000   0.0000
    49 165.3057   0.0000   0.0000
    50 165.5743   0.0000  -0.0000
    51 166.1077   0.0000   0.0000
    52 166.1087   0.0000   0.0000
    53 169.7580   0.0000   0.0000
    54 169.7582   0.0000  -0.0000
    55 171.7343   0.0000  -0.0000
    56 182.1998   0.0000   0.0000
    57 190.1173   0.0000   0.0000
    58 190.5635   0.0000  -0.0000
    59 190.5650   0.0000   0.0000
    60 193.2903   0.0000   0.0000
  0.375000  0.250000  0.000000
  60
     1 -61.7406   0.0000   0.0000
     2 -27.6767   0.0000  -0.0000
     3 -27.0145   0.0000   0.0000
     4 -26.9803   0.0000   0.0000
     5  -6.8065   0.0000   0.0000
     6   7.1104   0.0000  -0.0000
     7  10.8959   0.0000  -0.0000
     8  11.5161   0.0000  -0.0000
     9  28.0188   0.0000  -0.0000
    10  37.4849   0.0000   0.0000
    11  42.1598   0.0000   0.0000
    12  45.7157   0.0000  -0.0000
    13  46.6552   0.0000  -0.0000
    14  52.3051   0.0000  -0.0000
    15  61.5510   0.0000  -0.0000
    16  63.4796   0.0000   0.0000
    17  65.6491   0.0000  -0.0000
    18  66.7021   0.0000   0.0000
    19  70.6539   0.0000   0.0000
    20  73.2586   0.0000  -0.0000
    21  79.3537   0.0000  -0.0000
    22  80.3711   0.0000  -0.0000
    23  87.1928   0.0000  -0.0000
    24  92.9883   0.0000  -0.0000
    25  99.3059   0.0000  -0.0000
    26 101.1090   0.0000  -0.0000
    27 103.0420   0.0000   0.0000
    28 106.2513   0.0000  -0.0000
    29 108.8992   0.0000   0.0000
    30 110.7674   0.0000   0.0000
    31 116.3498   0.0000   0.0000
    32 118.7219   0.0000  -0.0000
    33 123.0430   0.0000  -0.0000
    34 126.0637   0.0000  -0.0000
    35 126.2644   0.0000   0.0000
    36 128.4182   0.0000  -0.0000
    37 130.9165   0.0000  -0.0000
    38 133.2674   0.0000   0.0000
    39 135.5296   0.0000  -0.0000
    40 136.6594   0.0000   0.0000
    41 143.0750   0.0000   0.0000
    42 145.1329   0.0000  -0.0000
    43 146.7515   0.0000  -0.0000
    44 147.1655   0.0000  -0.0000
    45 150.0311   0.0000  -0.0000
    46 150.6956   0.0000   0.0000
    47 152.1600   0.0000  -0.0000
    48 161.4603   0.0000  -0.0000
    49 164.6086   0.0000  -0.0000
    50 167.0767   0.0000  -0.0000
    51 167.1024   0.0000  -0.0000
    52 171.6519   0.0000  -0.0000
    53 174.2186   0.0000   0.0000
    54 179.1574   0.0000  -0.0000
    55 182.9904   0.0000   0.0000
    56 185.0666   0.0000   0.0000
    57 186.5132   0.0000  -0.0000
    58 188.8565   0.0000  -0.0000
    59 190.2468   0.0000  -0.0000
    60 197.0846   0.0000   0.0000
  0.500000  0.250000  0.000000
  60
     1 -61.6791   0.0000  -0.0000
     2 -27.8526   0.0000   0.0000
     3 -27.1680   0.0000   0.0000
     4 -26.9675   0.0000   0.0000
     5  -5.6128   0.0000  -0.0000
     6   5.9149   0.0000   0.0000
     7   9.2460   0.0000  -0.0000
     8  11.1243   0.0000  -0.0000
     9  29.8269   0.0000  -0.0000
    10  37.2731   0.0000   0.0000
    11  41.9122   0.0000   0.0000
    12  46.3351   0.0000  -0.0000
    13  48.9726   0.0000   0.0000
    14  54.0241   0.0000  -0.0000
    15  61.2111   0.0000  -0.0000
    16  61.2468   0.0000  -0.0000
    17  64.9885   0.0000   0.0000
    18  68.6125   0.0000  -0.0000
    19  71.7246   0.0000  -0.0000
    20  78.3491   0.0000  -0.0000
    21  80.2794   0.0000   0.0000
    22  83.9382   0.0000   0.0000
    23  85.2508   0.0000   0.0000
    24  90.7634   0.0000  -0.0000
    25  93.1641   0.0000  -0.0000
    26  97.2063   0.0000  -0.0000
    27  99.0020   0.0000   0.0000
    28 105.6306   0.0000   0.0000
    29 106.6767   0.0000  -0.0000
    30 111.5277   0.0000   0.0000
    31 112.3326   0.0000  -0.0000
    32 114.4431   0.0000  -0.0000
    33 119.0733   0.0000   0.0000
    34 124.6888   0.0000  -0.0000
    35 124.9037   0.0000  -0.0000
    36 127.1929   0.0000  -0.0000
    37 128.8653   0.0000  -0.0000
    38 131.6442   0.0000  -0.0000
    39 137.0840   0.0000  -0.0000
    40 139.6365   0.0000   0.0000
    41 144.6710   0.0000  -0.0000
    42 147.6415   0.0000   0.0000
    43 152.6499   0.0000  -0.0000
    44 154.6818   0.0000  -0.0000
    45 156.2055   0.0000  -0.0000
    46 156.3971   0.0000  -0.0000
    47 162.4317   0.0000  -0.0000
    48 164.7309   0.0000  -0.0000
    49 165.1277   0.0000   0.0000
    50 167.3332   0.0000   0.0000
    51 169.6623   0.0000   0.0000
    52 171.3687   0.0000  -0.0000
    53 172.6594   0.0000   0.0000
    54 179.4480   0.0000   0.0000
    55 182.7276   0.0000  -0.0000
    56 184.1709   0.0000  -0.0000
    57 184.9547   0.0000   0.0000
    58 186.1418   0.0000  -0.0000
    59 189.1831   0.0000   0.0000
    60 192.3603   0.0000  -0.0000
 -0.375000  0.250000  0.000000
  60
     1 -61.6728   0.0000  -0.0000
     2 -27.8453   0.0000  -0.0000
     3 -27.2972   0.0000   0.0000
     4 -26.8956   0.0000  -0.0000
     5  -5.2539   0.0000  -0.0000
     6   5.8141   0.0000   0.0000
     7   8.4137   0.0000  -0.0000
     8  11.0773   0.0000   0.0000
     9  32.3313   0.0000  -0.0000
    10  35.7079   0.0000   0.0000
    11  42.7550   0.0000  -0.0000
    12  46.1063   0.0000  -0.0000
    13  49.6122   0.0000  -0.0000
    14  50.0404   0.0000   0.0000
    15  61.3760   0.0000   0.0000
    16  63.9141   0.0000  -0.0000
    17  64.6363   0.0000   0.0000
    18  69.2590   0.0000  -0.0000
    19  72.6679   0.0000  -0.0000
    20  75.3505   0.0000   0.0000
    21  82.6664   0.0000   0.0000
    22  84.3446   0.0000   0.0000
    23  88.2738   0.0000  -0.0000
    24  91.0188   0.0000  -0.0000
    25  92.7643   0.0000  -0.0000
    26  96.2830   0.0000  -0.0000
    27  97.0317   0.0000  -0.0000
    28 103.8041   0.0000   0.0000
    29 106.4248   0.0000   0.0000
    30 109.8622   0.0000  -0.0000
    31 111.7719   0.0000  -0.0000
    32 114.5948   0.0000  -0.0000
    33 117.8944   0.0000  -0.0000
    34 121.4127   0.0000   0.0000
    35 125.4121   0.0000   0.0000
    36 128.4934   0.0000  -0.0000
    37 129.4968   0.0000   0.0000
    38 131.7872   0.0000   0.0000
    39 139.6214   0.0000   0.0000
    40 141.5252   0.0000   0.0000
    41 141.9940   0.0000   0.0000
    42 148.3286   0.0000   0.0000
    43 152.9499   0.0000  -0.0000
    44 156.2478   0.0000  -0.0000
    45 158.7231   0.0000   0.0000
    46 159.5413   0.0000  -0.0000
    47 162.3849   0.0000  -0.0000
    48 166.0210   0.0000  -0.0000
    49 166.9552   0.0000   0.0000
    50 167.7449   0.0000  -0.0000
    51 170.3075   0.0000  -0.0000
    52 171.6212   0.0000  -0.0000
    53 175.0234   0.0000  -0.0000
    54 177.9886   0.0000  -0.0000
    55 179.4462   0.0000   0.0000
    56 179.6813   0.0000   0.0000
    57 181.7062   0.0000   0.0000
    58 185.6029   0.0000   0.0000
    59 188.1903   0.0000   0.0000
    60 193.6335   0.0000   0.0000
 -0.250000  0.250000  0.000000
  60
     1 -61.7254   0.0000   0.0000
     2 -27.7769   0.0000  -0.0000
     3 -27.2070   0.0000   0.0000
     4 -26.8063   0.0000  -0.0000
     5  -6.0820   0.0000   0.0000
     6   6.7041   0.0000   0.0000
     7   9.1666   0.0000   0.0000
     8  11.4180   0.0000  -0.0000
     9  33.4041   0.0000  -0.0000
    10  34.8105   0.0000  -0.0000
    11  42.9537   0.0000  -0.0000
    12  43.8074   0.0000  -0.0000
    13  46.9429   0.0000  -0.0000
    14  50.5575   0.0000  -0.0000
    15  61.0024   0.0000   0.0000
    16  62.5967   0.0000  -0.0000
    17  67.7850   0.0000   0.0000
    18  67.9585   0.0000   0.0000
    19  69.9133   0.0000  -0.0000
    20  77.3300   0.0000  -0.0000
    21  80.1893   0.0000   0.0000
    22  81.5689   0.0000  -0.0000
    23  82.1235   0.0000  -0.0000
    24  97.6164   0.0000   0.0000
    25 100.0925   0.0000   0.0000
    26 101.1524   0.0000  -0.0000
    27 102.4719   0.0000  -0.0000
    28 105.7729   0.0000   0.0000
    29 107.8099   0.0000  -0.0000
    30 107.8799   0.0000   0.0000
    31 115.3088   0.0000   0.0000
    32 115.9642   0.0000  -0.0000
    33 116.4158   0.0000  -0.0000
    34 118.7957   0.0000  -0.0000
    35 128.1925   0.0000   0.0000
    36 128.9963   0.0000   0.0000
    37 129.6452   0.0000   0.0000
    38 135.6481   0.0000  -0.0000
    39 136.8958   0.0000   0.0000
    40 139.2909   0.0000  -0.0000
    41 140.9764   0.0000   0.0000
    42 145.2098   0.0000   0.0000
    43 147.6902   0.0000   0.0000
    44 151.6547   0.0000   0.0000
    45 155.1902   0.0000   0.0000
    46 156.5532   0.0000  -0.0000
    47 160.1546   0.0000  -0.0000
    48 163.0337   0.0000   0.0000
    49 165.3037   0.0000  -0.0000
    50 165.4869   0.0000   0.0000
    51 166.1695   0.0000   0.0000
    52 173.2519   0.0000  -0.0000
    53 175.6677   0.0000  -0.0000
    54 179.7679   0.0000   0.0000
    55 179.8524   0.0000   0.0000
    56 183.1323   0.0000  -0.0000
    57 183.5008   0.0000  -0.0000
    58 185.4025   0.0000  -0.0000
    59 186.4182   0.0000  -0.0000
    60 192.2130   0.0000  -0.0000
  0.375000  0.375000  0.000000
  60
     1 -61.6888   0.0000  -0.0000
     2 -27.7465   0.0000   0.0000
     3 -27.0704   0.0000  -0.0000
     4 -27.0704   0.0000  -0.0000
     5  -6.3938   0.0000  -0.0000
     6   6.3064   0.0000  -0.0000
     7  11.2437   0.0000   0.0000
     8  11.2437   0.0000  -0.0000
     9  25.6692   0.0000  -0.0000
    10  38.4935   0.0000  -0.0000
    11  41.1424   0.0000  -0.0000
    12  48.9842   0.0000   0.0000
    13  48.9842   0.0000   0.0000
    14  53.6973   0.0000  -0.0000
    15  63.8361   0.0000  -0.0000
    16  63.8361   0.0000   0.0000
    17  65.3481   0.0000  -0.0000
    18  69.7667   0.0000  -0.0000
    19  72.0289   0.0000  -0.0000
    20  72.0289   0.0000   0.0000
    21  72.2621   0.0000  -0.0000
    22  79.9156   0.0000   0.0000
    23  90.2157   0.0000   0.0000
    24  90.2157   0.0000  -0.0000
    25  98.2669   0.0000  -0.0000
    26  99.5797   0.0000   0.0000
    27  99.5797   0.0000  -0.0000
    28 103.0450   0.0000  -0.0000
    29 104.4700   0.0000  -0.0000
    30 108.2349   0.0000  -0.0000
    31 119.4802   0.0000  -0.0000
    32 123.1786   0.0000   0.0000
    33 123.1786   0.0000  -0.0000
    34 124.9210   0.0000  -0.0000
    35 126.1389   0.0000  -0.0000
    36 127.8519   0.0000  -0.0000
    37 131.0396   0.0000   0.0000
    38 132.1337   0.0000   0.0000
    39 137.2571   0.0000  -0.0000
    40 137.2571   0.0000   0.0000
    41 139.9132   0.0000   0.0000
    42 141.4022   0.0000  -0.0000
    43 141.4022   0.0000   0.0000
    44 147.0929   0.0000   0.0000
    45 154.7935   0.0000  -0.0000
    46 154.7935   0.0000  -0.0000
    47 156.6122   0.0000   0.0000
    48 169.0342   0.0000   0.0000
    49 169.0342   0.0000   0.0000
    50 169.5472   0.0000  -0.0000
    51 171.9603   0.0000   0.0000
    52 176.3091   0.0000   0.0000
    53 180.7183   0.0000  -0.0000
    54 180.7183   0.0000  -0.0000
    55 183.0378   0.0000   0.0000
    56 183.0378   0.0000   0.0000
    57 183.2469   0.0000  -0.0000
    58 183.3808   0.0000  -0.0000
    59 195.2834   0.0000   0.0000
    60 195.2841   0.0000  -0.0000
  0.500000  0.375000  0.000000
  60
     1 -61.6473   0.0000   0.0000
     2 -27.7942   0.0000  -0.0000
     3 -27.2068   0.0000   0.0000
     4 -27.0831   0.0000  -0.0000
     5  -5.7841   0.0000   0.0000
     6   5.9083   0.0000  -0.0000
     7  10.0194   0.0000   0.0000
     8  11.0103   0.0000   0.0000
     9  26.4201   0.0000  -0.0000
    10  39.1000   0.0000   0.0000
    11  40.1452   0.0000   0.0000
    12  49.7882   0.0000  -0.0000
    13  50.5673   0.0000  -0.0000
    14  56.6303   0.0000  -0.0000
    15  59.9708   0.0000   0.0000
    16  63.3658   0.0000  -0.0000
    17  64.5218   0.0000  -0.0000
    18  70.8857   0.0000  -0.0000
    19  72.2833   0.0000  -0.0000
    20  74.8549   0.0000   0.0000
    21  78.8163   0.0000   0.0000
    22  83.2010   0.0000   0.0000
    23  84.0158   0.0000   0.0000
    24  87.6904   0.0000  -0.0000
    25  91.0880   0.0000  -0.0000
    26  96.1472   0.0000   0.0000
    27  97.4722   0.0000  -0.0000
    28 106.8951   0.0000   0.0000
    29 107.5773   0.0000  -0.0000
    30 109.0078   0.0000   0.0000
    31 112.7174   0.0000  -0.0000
    32 117.5771   0.0000  -0.0000
    33 122.1079   0.0000  -0.0000
    34 124.5901   0.0000   0.0000
    35 125.0119   0.0000  -0.0000
    36 126.5226   0.0000  -0.0000
    37 127.2684   0.0000  -0.0000
    38 129.3546   0.0000   0.0000
    39 136.6259   0.0000  -0.0000
    40 142.9510   0.0000   0.0000
    41 145.0256   0.0000   0.0000
    42 145.5750   0.0000  -0.0000
    43 148.8119   0.0000  -0.0000
    44 150.4082   0.0000   0.0000
    45 156.8183   0.0000   0.0000
    46 159.9298   0.0000  -0.0000
    47 163.7074   0.0000  -0.0000
    48 167.8653   0.0000  -0.0000
    49 169.3838   0.0000  -0.0000
    50 171.0472   0.0000   0.0000
    51 172.1797   0.0000  -0.0000
    52 175.5788   0.0000  -0.0000
    53 175.8245   0.0000  -0.0000
    54 177.5841   0.0000   0.0000
    55 182.4898   0.0000  -0.0000
    56 184.3031   0.0000  -0.0000
    57 186.3143   0.0000   0.0000
    58 189.1709   0.0000  -0.0000
    59 191.3321   0.0000   0.0000
    60 192.1287   0.0000   0.0000
 -0.375000  0.375000  0.000000
  60
     1 -61.6408   0.0000  -0.0000
     2 -27.6496   0.0000   0.0000
     3 -27.4906   0.0000  -0.0000
     4 -27.0111   0.0000   0.0000
     5  -5.3048   0.0000  -0.0000
     6   6.4927   0.0000   0.0000
     7   7.8696   0.0000  -0.0000
     8  10.9377   0.0000   0.0000
     9  29.3708   0.0000  -0.0000
    10  37.7853   0.0000  -0.0000
    11  41.0567   0.0000   0.0000
    12  48.8964   0.0000  -0.0000
    13  50.1165   0.0000  -0.0000
    14  52.7663   0.0000  -0.0000
    15  61.4891   0.0000  -0.0000
    16  63.5887   0.0000  -0.0000
    17  64.2750   0.0000  -0.0000
    18  70.8229   0.0000  -0.0000
    19  74.8979   0.0000  -0.0000
    20  76.1384   0.0000  -0.0000
    21  81.8754   0.0000  -0.0000
    22  83.6846   0.0000  -0.0000
    23  86.3776   0.0000  -0.0000
    24  86.6685   0.0000   0.0000
    25  92.0340   0.0000  -0.0000
    26  94.7203   0.0000   0.0000
    27  96.0673   0.0000   0.0000
    28  98.1936   0.0000  -0.0000
    29 109.5239   0.0000   0.0000
    30 110.7710   0.0000   0.0000
    31 111.6979   0.0000  -0.0000
    32 115.0209   0.0000  -0.0000
    33 119.1369   0.0000  -0.0000
    34 122.8157   0.0000   0.0000
    35 122.8532   0.0000  -0.0000
    36 125.2704   0.0000  -0.0000
    37 128.0785   0.0000   0.0000
    38 129.4420   0.0000  -0.0000
    39 143.6743   0.0000   0.0000
    40 145.9099   0.0000   0.0000
    41 146.5063   0.0000  -0.0000
    42 151.4480   0.0000   0.0000
    43 154.7979   0.0000  -0.0000
    44 155.6682   0.0000  -0.0000
    45 157.4186   0.0000  -0.0000
    46 160.1705   0.0000  -0.0000
    47 162.7766   0.0000   0.0000
    48 164.1830   0.0000   0.0000
    49 164.8939   0.0000   0.0000
    50 166.5376   0.0000   0.0000
    51 170.2647   0.0000  -0.0000
    52 174.6178   0.0000   0.0000
    53 175.2938   0.0000  -0.0000
    54 175.9684   0.0000   0.0000
    55 176.6530   0.0000   0.0000
    56 182.9344   0.0000   0.0000
    57 188.0074   0.0000  -0.0000
    58 188.2401   0.0000   0.0000
    59 189.1738   0.0000   0.0000
    60 192.0815   0.0000   0.0000
  0.500000  0.500000  0.000000
  60
     1 -61.6341   0.0000   0.0000
     2 -27.8572   0.0000  -0.0000
     3 -27.1306   0.0000  -0.0000
     4 -27.1306   0.0000  -0.0000
     5  -5.8443   0.0000   0.0000
     6   5.5606   0.0000   0.0000
     7  10.9670   0.0000   0.0000
     8  10.9670   0.0000   0.0000
     9  24.7672   0.0000  -0.0000
    10  38.6737   0.0000   0.0000
    11  40.7020   0.0000   0.0000
    12  51.6977   0.0000   0.0000
    13  51.6977   0.0000   0.0000
    14  56.3388   0.0000  -0.0000
    15  63.1812   0.0000   0.0000
    16  63.1812   0.0000  -0.0000
    17  63.7605   0.0000   0.0000
    18  67.8417   0.0000   0.0000
    19  73.2784   0.0000  -0.0000
    20  73.2784   0.0000  -0.0000
    21  82.7159   0.0000  -0.0000
    22  82.7822   0.0000   0.0000
    23  83.5895   0.0000  -0.0000
    24  85.5688   0.0000  -0.0000
    25  85.5688   0.0000   0.0000
    26  97.8667   0.0000   0.0000
    27  97.8667   0.0000   0.0000
    28 104.7197   0.0000   0.0000
    29 106.7750   0.0000   0.0000
    30 111.0729   0.0000   0.0000
    31 118.8216   0.0000  -0.0000
    32 121.0685   0.0000  -0.0000
    33 121.0685   0.0000  -0.0000
    34 121.7304   0.0000   0.0000
    35 122.6951   0.0000   0.0000
    36 127.3692   0.0000   0.0000
    37 127.4425   0.0000  -0.0000
    38 130.2120   0.0000   0.0000
    39 136.4053   0.0000   0.0000
    40 136.4053   0.0000  -0.0000
    41 139.0406   0.0000  -0.0000
    42 147.2623   0.0000   0.0000
    43 147.2623   0.0000   0.0000
    44 149.7434   0.0000  -0.0000
    45 164.4297   0.0000  -0.0000
    46 164.4297   0.0000  -0.0000
    47 166.7661   0.0000  -0.0000
    48 168.2282   0.0000   0.0000
    49 168.2282   0.0000   0.0000
    50 173.5427   0.0000  -0.0000
    51 173.5427   0.0000   0.0000
    52 176.5117   0.0000   0.0000
    53 177.1536   0.0000   0.0000
    54 181.7190   0.0000  -0.0000
    55 183.4745   0.0000  -0.0000
    56 187.5558   0.0000   0.0000
    57 187.5558   0.0000   0.0000
    58 187.9405   0.0000  -0.0000
    59 188.2757   0.0000   0.0000
    60 190.8560   0.0000   0.0000
  0.375000  0.250000  0.125000
  60
     1 -61.7925   0.0000  -0.0000
     2 -27.5960   0.0000  -0.0000
     3 -27.0082   0.0000   0.0000
     4 -26.8268   0.0000  -0.0000
     5  -7.3675   0.0000  -0.0000
     6   8.0322   0.0000   0.0000
     7  10.9929   0.0000  -0.0000
     8  11.8136   0.0000   0.0000
     9  30.4024   0.0000   0.0000
    10  36.1456   0.0000   0.0000
    11  42.6622   0.0000   0.0000
    12  42.7624   0.0000   0.0000
    13  45.6199   0.0000   0.0000
    14  50.3535   0.0000  -0.0000
    15  59.2721   0.0000   0.0000
    16  62.2523   0.0000   0.0000
    17  65.1547   0.0000  -0.0000
    18  67.5350   0.0000  -0.0000
    19  70.4578   0.0000   0.0000
    20  75.4666   0.0000  -0.0000
    21  78.4625   0.0000   0.0000
    22  84.4767   0.0000   0.0000
    23  86.4801   0.0000   0.0000
    24  91.9970   0.0000   0.0000
    25 100.2089   0.0000  -0.0000
    26 104.5911   0.0000   0.0000
    27 107.3892   0.0000   0.0000
    28 108.4018   0.0000  -0.0000
    29 110.0923   0.0000  -0.0000
    30 117.6832   0.0000  -0.0000
    31 117.8054   0.0000   0.0000
    32 119.5938   0.0000  -0.0000
    33 121.2296   0.0000  -0.0000
    34 121.7239   0.0000   0.0000
    35 121.8447   0.0000  -0.0000
    36 127.7399   0.0000  -0.0000
    37 129.6890   0.0000  -0.0000
    38 134.2379   0.0000  -0.0000
    39 137.5519   0.0000   0.0000
    40 141.4121   0.0000   0.0000
    41 143.7502   0.0000   0.0000
    42 144.3892   0.0000  -0.0000
    43 144.4701   0.0000   0.0000
    44 145.5948   0.0000  -0.0000
    45 146.2996   0.0000   0.0000
    46 152.5618   0.0000  -0.0000
    47 152.6038   0.0000  -0.0000
    48 159.0079   0.0000  -0.0000
    49 161.0672   0.0000   0.0000
    50 164.1065   0.0000  -0.0000
    51 165.1632   0.0000   0.0000
    52 171.0860   0.0000   0.0000
    53 171.3059   0.0000   0.0000
    54 176.2633   0.0000  -0.0000
    55 178.0547   0.0000   0.0000
    56 181.6201   0.0000  -0.0000
    57 186.2279   0.0000   0.0000
    58 188.5226   0.0000  -0.0000
    59 190.4191   0.0000  -0.0000
    60 191.4491   0.0000   0.0000
  0.500000  0.250000  0.125000
  60
     1 -61.7118   0.0000   0.0000
     2 -27.8399   0.0000   0.0000
     3 -27.1243   0.0000   0.0000
     4 -26.8828   0.0000   0.0000
     5  -5.9417   0.0000  -0.0000
     6   6.2200   0.0000  -0.0000
     7   9.6592   0.0000   0.0000
     8  11.1718   0.0000  -0.0000
     9  31.4308   0.0000   0.0000
    10  36.0634   0.0000   0.0000
    11  42.6432   0.0000   0.0000
    12  45.0077   0.0000   0.0000
    13  47.3661   0.0000  -0.0000
    14  52.1091   0.0000   0.0000
    15  60.3735   0.0000  -0.0000
    16  62.6660   0.0000  -0.0000
    17  66.6492   0.0000   0.0000
    18  68.2854   0.0000  -0.0000
    19  69.9183   0.0000   0.0000
    20  76.5076   0.0000   0.0000
    21  79.4137   0.0000   0.0000
    22  81.9713   0.0000  -0.0000
    23  87.4469   0.0000   0.0000
    24  93.7612   0.0000  -0.0000
    25  95.7143   0.0000   0.0000
    26  99.3865   0.0000  -0.0000
    27 102.0389   0.0000  -0.0000
    28 106.9320   0.0000   0.0000
    29 108.3171   0.0000  -0.0000
    30 110.6515   0.0000   0.0000
    31 114.0324   0.0000  -0.0000
    32 116.1728   0.0000   0.0000
    33 117.8290   0.0000  -0.0000
    34 120.1772   0.0000  -0.0000
    35 121.0941   0.0000  -0.0000
    36 129.4969   0.0000  -0.0000
    37 132.0285   0.0000   0.0000
    38 135.2660   0.0000  -0.0000
    39 138.0369   0.0000   0.0000
    40 141.4412   0.0000  -0.0000
    41 143.3487   0.0000   0.0000
    42 144.5075   0.0000   0.0000
    43 147.8201   0.0000  -0.0000
    44 151.3753   0.0000  -0.0000
    45 152.4530   0.0000   0.0000
    46 154.9350   0.0000  -0.0000
    47 158.1194   0.0000  -0.0000
    48 165.1080   0.0000   0.0000
    49 165.7818   0.0000  -0.0000
    50 168.2268   0.0000   0.0000
    51 171.1056   0.0000   0.0000
    52 172.8212   0.0000  -0.0000
    53 174.3594   0.0000   0.0000
    54 175.9304   0.0000  -0.0000
    55 179.6901   0.0000   0.0000
    56 181.9689   0.0000   0.0000
    57 185.4825   0.0000  -0.0000
    58 188.8206   0.0000   0.0000
    59 190.7633   0.0000  -0.0000
    60 193.2048   0.0000   0.0000
 -0.375000  0.250000  0.125000
  60
     1 -61.6782   0.0000   0.0000
     2 -27.9424   0.0000   0.0000
     3 -27.1520   0.0000  -0.0000
     4 -26.9208   0.0000  -0.0000
     5  -5.2326   0.0000  -0.0000
     6   5.3063   0.0000  -0.0000
     7   9.1794   0.0000   0.0000
     8  10.9174   0.0000   0.0000
     9  32.2875   0.0000   0.0000
    10  35.6029   0.0000  -0.0000
    11  42.8726   0.0000  -0.0000
    12  45.4507   0.0000  -0.0000
    13  49.5021   0.0000   0.0000
    14  51.7666   0.0000   0.0000
    15  60.1804   0.0000  -0.0000
    16  63.0477   0.0000  -0.0000
    17  64.5932   0.0000   0.0000
    18  68.4041   0.0000   0.0000
    19  73.2100   0.0000   0.0000
    20  74.3005   0.0000   0.0000
    21  84.6123   0.0000  -0.0000
    22  84.9792   0.0000   0.0000
    23  88.7674   0.0000   0.0000
    24  91.1069   0.0000   0.0000
    25  93.6024   0.0000  -0.0000
    26  93.9979   0.0000   0.0000
    27  99.2429   0.0000   0.0000
    28 101.8514   0.0000  -0.0000
    29 106.9974   0.0000  -0.0000
    30 110.3668   0.0000   0.0000
    31 113.1006   0.0000   0.0000
    32 117.0759   0.0000  -0.0000
    33 117.7246   0.0000   0.0000
    34 119.2613   0.0000  -0.0000
    35 122.7570   0.0000  -0.0000
    36 127.3838   0.0000  -0.0000
    37 133.7642   0.0000  -0.0000
    38 133.9458   0.0000   0.0000
    39 139.2044   0.0000   0.0000
    40 139.5888   0.0000  -0.0000
    41 142.1992   0.0000  -0.0000
    42 143.2027   0.0000  -0.0000
    43 153.2528   0.0000  -0.0000
    44 153.9805   0.0000   0.0000
    45 158.7912   0.0000  -0.0000
    46 161.0935   0.0000  -0.0000
    47 162.3879   0.0000  -0.0000
    48 165.0437   0.0000   0.0000
    49 167.3611   0.0000   0.0000
    50 168.5486   0.0000   0.0000
    51 172.1669   0.0000   0.0000
    52 172.2946   0.0000   0.0000
    53 175.7311   0.0000   0.0000
    54 177.8982   0.0000   0.0000
    55 179.5779   0.0000  -0.0000
    56 181.9362   0.0000   0.0000
    57 184.1051   0.0000  -0.0000
    58 184.9347   0.0000  -0.0000
    59 185.8555   0.0000   0.0000
    60 186.3441   0.0000   0.0000
  0.500000  0.375000  0.125000
  60
     1 -61.6799   0.0000  -0.0000
     2 -27.7516   0.0000  -0.0000
     3 -27.1688   0.0000   0.0000
     4 -27.0404   0.0000   0.0000
     5  -5.9618   0.0000  -0.0000
     6   6.3669   0.0000  -0.0000
     7   9.9580   0.0000   0.0000
     8  10.8022   0.0000   0.0000
     9  28.3315   0.0000   0.0000
    10  37.8650   0.0000   0.0000
    11  41.0945   0.0000   0.0000
    12  47.6607   0.0000   0.0000
    13  48.7954   0.0000   0.0000
    14  54.3664   0.0000  -0.0000
    15  61.0548   0.0000   0.0000
    16  63.6744   0.0000   0.0000
    17  65.5532   0.0000  -0.0000
    18  68.5430   0.0000   0.0000
    19  70.6671   0.0000  -0.0000
    20  76.1972   0.0000   0.0000
    21  78.0357   0.0000   0.0000
    22  84.0411   0.0000  -0.0000
    23  85.7502   0.0000   0.0000
    24  88.7300   0.0000   0.0000
    25  93.4612   0.0000   0.0000
    26  96.5887   0.0000  -0.0000
    27 103.9108   0.0000  -0.0000
    28 105.2465   0.0000   0.0000
    29 109.0836   0.0000  -0.0000
    30 110.1054   0.0000  -0.0000
    31 112.7829   0.0000  -0.0000
    32 116.1578   0.0000  -0.0000
    33 117.3449   0.0000  -0.0000
    34 118.1270   0.0000  -0.0000
    35 125.3258   0.0000   0.0000
    36 128.8576   0.0000   0.0000
    37 135.3034   0.0000  -0.0000
    38 137.2722   0.0000   0.0000
    39 139.1911   0.0000   0.0000
    40 140.3803   0.0000   0.0000
    41 142.2741   0.0000   0.0000
    42 143.4595   0.0000  -0.0000
    43 147.1007   0.0000  -0.0000
    44 150.6693   0.0000   0.0000
    45 152.5772   0.0000  -0.0000
    46 158.2117   0.0000   0.0000
    47 158.7416   0.0000  -0.0000
    48 162.6665   0.0000  -0.0000
    49 167.0007   0.0000  -0.0000
    50 168.6516   0.0000  -0.0000
    51 169.5751   0.0000  -0.0000
    52 173.8198   0.0000   0.0000
    53 177.2326   0.0000   0.0000
    54 179.4831   0.0000  -0.0000
    55 182.4092   0.0000  -0.0000
    56 183.2809   0.0000  -0.0000
    57 188.7355   0.0000  -0.0000
    58 190.2818   0.0000  -0.0000
    59 191.0369   0.0000  -0.0000
    60 193.2423   0.0000  -0.0000
 -0.375000  0.375000  0.125000
  60
     1 -61.6463   0.0000  -0.0000
     2 -27.7010   0.0000   0.0000
     3 -27.3631   0.0000  -0.0000
     4 -27.0704   0.0000  -0.0000
     5  -5.3031   0.0000  -0.0000
     6   6.4390   0.0000   0.0000
     7   8.2821   0.0000  -0.0000
     8  10.4292   0.0000  -0.0000
     9  30.7561   0.0000  -0.0000
    10  36.3471   0.0000  -0.0000
    11  41.5111   0.0000  -0.0000
    12  47.3068   0.0000   0.0000
    13  50.6100   0.0000  -0.0000
    14  53.3869   0.0000   0.0000
    15  61.2134   0.0000   0.0000
    16  63.8175   0.0000  -0.0000
    17  64.8012   0.0000  -0.0000
    18  68.5117   0.0000   0.0000
    19  74.2917   0.0000   0.0000
    20  78.4601   0.0000   0.0000
    21  80.8300   0.0000   0.0000
    22  82.8510   0.0000  -0.0000
    23  87.3340   0.0000  -0.0000
    24  89.7830   0.0000  -0.0000
    25  90.3590   0.0000  -0.0000
    26  93.9057   0.0000  -0.0000
    27  98.7568   0.0000  -0.0000
    28 100.8366   0.0000  -0.0000
    29 107.0829   0.0000   0.0000
    30 109.1966   0.0000   0.0000
    31 111.3204   0.0000   0.0000
    32 113.8776   0.0000   0.0000
    33 116.3057   0.0000   0.0000
    34 118.5780   0.0000  -0.0000
    35 123.6903   0.0000   0.0000
    36 127.5418   0.0000  -0.0000
    37 133.6706   0.0000  -0.0000
    38 137.5069   0.0000   0.0000
    39 140.3137   0.0000  -0.0000
    40 144.2688   0.0000  -0.0000
    41 148.1360   0.0000   0.0000
    42 151.1252   0.0000   0.0000
    43 151.7892   0.0000  -0.0000
    44 153.1128   0.0000  -0.0000
    45 155.6699   0.0000  -0.0000
    46 157.9671   0.0000   0.0000
    47 162.8029   0.0000  -0.0000
    48 163.2389   0.0000   0.0000
    49 165.5695   0.0000  -0.0000
    50 167.2905   0.0000  -0.0000
    51 170.6002   0.0000   0.0000
    52 172.0532   0.0000  -0.0000
    53 175.8955   0.0000  -0.0000
    54 178.0863   0.0000  -0.0000
    55 179.6237   0.0000   0.0000
    56 182.6053   0.0000   0.0000
    57 185.9121   0.0000  -0.0000
    58 190.2602   0.0000   0.0000
    59 191.1341   0.0000  -0.0000
    60 192.2106   0.0000  -0.0000
 -0.250000  0.375000  0.125000
  60
     1 -61.6596   0.0000   0.0000
     2 -27.6964   0.0000  -0.0000
     3 -27.4083   0.0000  -0.0000
     4 -26.9847   0.0000   0.0000
     5  -5.2883   0.0000  -0.0000
     6   6.5996   0.0000  -0.0000
     7   7.8845   0.0000  -0.0000
     8  10.6229   0.0000   0.0000
     9  33.7512   0.0000   0.0000
    10  33.7619   0.0000   0.0000
    11  42.3449   0.0000  -0.0000
    12  46.9465   0.0000  -0.0000
    13  49.2279   0.0000   0.0000
    14  51.4873   0.0000   0.0000
    15  62.6419   0.0000  -0.0000
    16  63.4120   0.0000  -0.0000
    17  65.1344   0.0000   0.0000
    18  69.2621   0.0000  -0.0000
    19  71.8574   0.0000  -0.0000
    20  79.1160   0.0000  -0.0000
    21  81.0553   0.0000  -0.0000
    22  82.7711   0.0000  -0.0000
    23  86.0870   0.0000  -0.0000
    24  89.9284   0.0000   0.0000
    25  93.9977   0.0000   0.0000
    26  97.3262   0.0000   0.0000
    27  99.5545   0.0000  -0.0000
    28 100.7072   0.0000   0.0000
    29 102.0755   0.0000   0.0000
    30 111.5272   0.0000   0.0000
    31 113.2690   0.0000   0.0000
    32 113.6484   0.0000  -0.0000
    33 115.9782   0.0000  -0.0000
    34 119.1897   0.0000   0.0000
    35 120.6382   0.0000   0.0000
    36 128.6162   0.0000  -0.0000
    37 134.1080   0.0000  -0.0000
    38 137.4283   0.0000   0.0000
    39 141.2646   0.0000   0.0000
    40 144.9754   0.0000  -0.0000
    41 148.0133   0.0000   0.0000
    42 148.4172   0.0000   0.0000
    43 150.0500   0.0000  -0.0000
    44 154.5830   0.0000  -0.0000
    45 155.0775   0.0000   0.0000
    46 157.6633   0.0000  -0.0000
    47 158.8799   0.0000  -0.0000
    48 163.8213   0.0000   0.0000
    49 165.4915   0.0000  -0.0000
    50 167.8847   0.0000  -0.0000
    51 170.8292   0.0000   0.0000
    52 171.3962   0.0000  -0.0000
    53 178.3957   0.0000   0.0000
    54 180.1006   0.0000   0.0000
    55 181.3154   0.0000   0.0000
    56 183.4714   0.0000   0.0000
    57 184.5448   0.0000   0.0000
    58 186.7676   0.0000  -0.0000
    59 189.1169   0.0000   0.0000
    60 190.6590   0.0000  -0.0000
 -0.375000  0.500000  0.125000
  60
     1 -61.6334   0.0000  -0.0000
     2 -27.7501   0.0000   0.0000
     3 -27.2361   0.0000  -0.0000
     4 -27.1716   0.0000  -0.0000
     5  -5.5225   0.0000   0.0000
     6   6.0299   0.0000  -0.0000
     7   9.6004   0.0000   0.0000
     8  10.3218   0.0000   0.0000
     9  27.5957   0.0000   0.0000
    10  38.8298   0.0000   0.0000
    11  39.9044   0.0000  -0.0000
    12  48.9946   0.0000   0.0000
    13  51.8497   0.0000  -0.0000
    14  56.7586   0.0000   0.0000
    15  58.9149   0.0000  -0.0000
    16  63.9914   0.0000   0.0000
    17  64.2815   0.0000  -0.0000
    18  70.4944   0.0000   0.0000
    19  73.7534   0.0000  -0.0000
    20  76.6353   0.0000   0.0000
    21  80.1822   0.0000  -0.0000
    22  84.1203   0.0000  -0.0000
    23  85.7264   0.0000  -0.0000
    24  86.6248   0.0000   0.0000
    25  88.1837   0.0000   0.0000
    26  94.7321   0.0000  -0.0000
    27  94.7831   0.0000  -0.0000
    28 108.6322   0.0000  -0.0000
    29 108.6798   0.0000  -0.0000
    30 110.4122   0.0000   0.0000
    31 111.1912   0.0000  -0.0000
    32 112.7722   0.0000  -0.0000
    33 116.5412   0.0000   0.0000
    34 117.8428   0.0000   0.0000
    35 124.4759   0.0000   0.0000
    36 127.9764   0.0000   0.0000
    37 134.9257   0.0000   0.0000
    38 135.7274   0.0000   0.0000
    39 136.8821   0.0000   0.0000
    40 141.1457   0.0000  -0.0000
    41 146.1761   0.0000   0.0000
    42 146.6063   0.0000   0.0000
    43 148.5665   0.0000   0.0000
    44 157.7404   0.0000  -0.0000
    45 159.8383   0.0000   0.0000
    46 162.9993   0.0000   0.0000
    47 163.1234   0.0000  -0.0000
    48 164.8818   0.0000  -0.0000
    49 167.6930   0.0000   0.0000
    50 168.8229   0.0000  -0.0000
    51 169.2400   0.0000  -0.0000
    52 175.0165   0.0000   0.0000
    53 175.2536   0.0000   0.0000
    54 177.1141   0.0000  -0.0000
    55 181.9898   0.0000  -0.0000
    56 184.4273   0.0000  -0.0000
    57 186.0708   0.0000  -0.0000
    58 187.2319   0.0000   0.0000
    59 187.6196   0.0000  -0.0000
    60 192.1777   0.0000   0.0000
 -0.250000  0.500000  0.250000
  60
     1 -61.6327   0.0000   0.0000
     2 -27.4923   0.0000  -0.0000
     3 -27.4923   0.0000  -0.0000
     4 -27.2123   0.0000   0.0000
     5  -5.1820   0.0000   0.0000
     6   7.4505   0.0000  -0.0000
     7   7.4505   0.0000  -0.0000
     8   9.6746   0.0000   0.0000
     9  33.5284   0.0000   0.0000
    10  33.5284   0.0000  -0.0000
    11  41.6270   0.0000  -0.0000
    12  46.5736   0.0000  -0.0000
    13  52.8930   0.0000   0.0000
    14  52.8930   0.0000   0.0000
    15  60.7892   0.0000   0.0000
    16  64.8371   0.0000  -0.0000
    17  65.7459   0.0000   0.0000
    18  67.4332   0.0000   0.0000
    19  76.9096   0.0000  -0.0000
    20  76.9096   0.0000   0.0000
    21  82.4326   0.0000  -0.0000
    22  82.4326   0.0000   0.0000
    23  82.7912   0.0000   0.0000
    24  92.0290   0.0000   0.0000
    25  95.6554   0.0000   0.0000
    26  95.6554   0.0000  -0.0000
    27  97.0905   0.0000   0.0000
    28  97.4995   0.0000  -0.0000
    29 103.1989   0.0000   0.0000
    30 103.1989   0.0000  -0.0000
    31 111.3864   0.0000  -0.0000
    32 112.2991   0.0000  -0.0000
    33 118.0199   0.0000  -0.0000
    34 120.1057   0.0000   0.0000
    35 120.1057   0.0000   0.0000
    36 128.6654   0.0000  -0.0000
    37 138.6173   0.0000   0.0000
    38 138.6173   0.0000   0.0000
    39 142.6509   0.0000  -0.0000
    40 150.0458   0.0000  -0.0000
    41 150.0458   0.0000   0.0000
    42 151.8939   0.0000  -0.0000
    43 153.2003   0.0000   0.0000
    44 153.5222   0.0000   0.0000
    45 156.3683   0.0000  -0.0000
    46 156.3683   0.0000  -0.0000
    47 156.9242   0.0000  -0.0000
    48 157.0129   0.0000  -0.0000
    49 167.1615   0.0000   0.0000
    50 167.1615   0.0000  -0.0000
    51 171.0803   0.0000   0.0000
    52 171.8341   0.0000  -0.0000
    53 173.3823   0.0000   0.0000
    54 181.4019   0.0000   0.0000
    55 181.4019   0.0000  -0.0000
    56 182.8223   0.0000   0.0000
    57 186.9742   0.0000   0.0000
    58 187.1877   0.0000   0.0000
    59 187.1877   0.0000  -0.0000
    60 196.1121   0.0000  -0.0000
