          29           1
  0.000000  0.000000  0.000000
  60
     1 -69.9050  -0.0000  -0.0000
     2 -34.8973  -0.0000   0.0000
     3 -34.8972  -0.0000   0.0000
     4 -34.8972  -0.0000   0.0000
     5 -14.0974   0.0000   0.0000
     6   5.9277   0.0000   0.0000
     7   5.9279   0.0000  -0.0000
     8   5.9279   0.0000  -0.0000
     9  15.9113   0.0000  -0.0000
    10  25.6619   0.0000   0.0000
    11  25.6619   0.0000   0.0000
    12  25.6619   0.0000   0.0000
    13  30.1542   0.0000   0.0000
    14  32.7665   0.0000   0.0000
    15  32.7665   0.0000  -0.0000
    16  38.6258   0.0000   0.0000
    17  38.6269   0.0000  -0.0000
    18  38.6269   0.0000  -0.0000
    19  54.6839   0.0000   0.0000
    20  54.6842   0.0000  -0.0000
    21  54.6842   0.0000   0.0000
    22  57.1284   0.0000   0.0000
    23  68.0212   0.0000   0.0000
    24  68.0212   0.0000   0.0000
    25  68.0212   0.0000  -0.0000
    26  74.0465   0.0000   0.0000
    27  74.0465   0.0000   0.0000
    28  75.0734   0.0000  -0.0000
    29  75.0734   0.0000  -0.0000
    30  75.0734   0.0000   0.0000
    31  84.9706   0.0000   0.0000
    32  86.9393   0.0000   0.0000
    33  86.9393   0.0000  -0.0000
    34  95.8632   0.0000  -0.0000
    35  95.8632   0.0000  -0.0000
    36  95.8632   0.0000  -0.0000
    37  96.1736   0.0000   0.0000
    38  96.1846   0.0000   0.0000
    39  96.1846   0.0000   0.0000
    40 102.8719   0.0000   0.0000
    41 102.8720   0.0000  -0.0000
    42 102.8720   0.0000   0.0000
    43 104.5788   0.0000   0.0000
    44 104.5788   0.0000  -0.0000
    45 104.5788   0.0000  -0.0000
    46 106.2874   0.0000  -0.0000
    47 106.2874   0.0000  -0.0000
    48 106.2874   0.0000   0.0000
    49 106.5679   0.0000  -0.0000
    50 109.3975   0.0000  -0.0000
    51 109.3975   0.0000  -0.0000
    52 109.3975   0.0000  -0.0000
    53 110.3603   0.0000  -0.0000
    54 110.3603   0.0000  -0.0000
    55 110.9077   0.0000   0.0000
    56 110.9077   0.0000   0.0000
    57 110.9077   0.0000  -0.0000
    58 112.7026   0.0000  -0.0000
    59 114.5543   0.0000  -0.0000
    60 124.1276   0.0000  -0.0000
  0.125000  0.000000  0.000000
  60
     1 -69.9006  -0.0000   0.0000
     2 -34.9328  -0.0000  -0.0000
     3 -34.9000  -0.0000  -0.0000
     4 -34.8999  -0.0000  -0.0000
     5 -13.8235   0.0000  -0.0000
     6   4.8594   0.0000   0.0000
     7   5.7617   0.0000  -0.0000
     8   5.7618   0.0000  -0.0000
     9  16.7637   0.0000   0.0000
    10  23.7744   0.0000   0.0000
    11  26.1934   0.0000  -0.0000
    12  26.1934   0.0000  -0.0000
    13  32.1165   0.0000  -0.0000
    14  32.1166   0.0000  -0.0000
    15  33.2186   0.0000   0.0000
    16  38.4059   0.0000  -0.0000
    17  40.1438   0.0000   0.0000
    18  40.1443   0.0000  -0.0000
    19  52.4253   0.0000   0.0000
    20  54.1896   0.0000   0.0000
    21  54.1898   0.0000  -0.0000
    22  58.9695   0.0000  -0.0000
    23  64.4598   0.0000  -0.0000
    24  64.4598   0.0000  -0.0000
    25  69.5449   0.0000   0.0000
    26  71.8995   0.0000  -0.0000
    27  71.8995   0.0000  -0.0000
    28  75.5438   0.0000  -0.0000
    29  82.5080   0.0000  -0.0000
    30  82.5081   0.0000  -0.0000
    31  84.6191   0.0000   0.0000
    32  85.5810   0.0000  -0.0000
    33  85.5812   0.0000   0.0000
    34  91.6663   0.0000   0.0000
    35  92.6761   0.0000  -0.0000
    36  92.6762   0.0000   0.0000
    37  93.0404   0.0000  -0.0000
    38  96.0658   0.0000   0.0000
    39  96.0732   0.0000   0.0000
    40  97.1964   0.0000   0.0000
    41  97.1964   0.0000   0.0000
    42  98.3045   0.0000  -0.0000
    43 103.0155   0.0000  -0.0000
    44 103.3226   0.0000  -0.0000
    45 103.3226   0.0000   0.0000
    46 104.7085   0.0000   0.0000
    47 106.5057   0.0000  -0.0000
    48 108.6682   0.0000   0.0000
    49 108.6683   0.0000  -0.0000
    50 111.1028   0.0000  -0.0000
    51 111.1060   0.0000   0.0000
    52 112.5919   0.0000   0.0000
    53 112.5919   0.0000  -0.0000
    54 113.2485   0.0000  -0.0000
    55 113.5044   0.0000  -0.0000
    56 116.2290   0.0000   0.0000
    57 119.5622   0.0000   0.0000
    58 120.2464   0.0000  -0.0000
    59 120.2466   0.0000   0.0000
    60 124.2870   0.0000  -0.0000
  0.250000  0.000000  0.000000
  60
     1 -69.8900  -0.0000  -0.0000
     2 -35.0172  -0.0000  -0.0000
     3 -34.9063  -0.0000   0.0000
     4 -34.9063  -0.0000   0.0000
     5 -13.0992   0.0000  -0.0000
     6   2.6448   0.0000  -0.0000
     7   5.3812   0.0000   0.0000
     8   5.3812   0.0000  -0.0000
     9  17.9299   0.0000   0.0000
    10  22.5975   0.0000   0.0000
    11  27.2136   0.0000   0.0000
    12  27.2139   0.0000  -0.0000
    13  31.8129   0.0000  -0.0000
    14  31.8132   0.0000  -0.0000
    15  35.2391   0.0000  -0.0000
    16  40.7499   0.0000   0.0000
    17  43.1338   0.0000  -0.0000
    18  43.1351   0.0000  -0.0000
    19  49.6850   0.0000   0.0000
    20  51.7545   0.0000  -0.0000
    21  51.7547   0.0000   0.0000
    22  60.8770   0.0000  -0.0000
    23  60.8771   0.0000   0.0000
    24  61.8726   0.0000   0.0000
    25  72.1443   0.0000  -0.0000
    26  72.9187   0.0000   0.0000
    27  72.9187   0.0000   0.0000
    28  76.9511   0.0000   0.0000
    29  79.9518   0.0000   0.0000
    30  79.9523   0.0000   0.0000
    31  80.6658   0.0000   0.0000
    32  84.8954   0.0000   0.0000
    33  87.4014   0.0000   0.0000
    34  87.4015   0.0000  -0.0000
    35  89.4010   0.0000   0.0000
    36  90.3488   0.0000   0.0000
    37  90.3488   0.0000  -0.0000
    38  92.1977   0.0000   0.0000
    39  94.4164   0.0000   0.0000
    40  94.4164   0.0000   0.0000
    41  96.6942   0.0000   0.0000
    42  96.6943   0.0000   0.0000
    43 101.2661   0.0000  -0.0000
    44 101.4985   0.0000   0.0000
    45 101.4987   0.0000   0.0000
    46 102.8116   0.0000  -0.0000
    47 109.8272   0.0000   0.0000
    48 110.6553   0.0000   0.0000
    49 110.6558   0.0000   0.0000
    50 112.4841   0.0000   0.0000
    51 115.5070   0.0000   0.0000
    52 115.5075   0.0000  -0.0000
    53 120.8261   0.0000  -0.0000
    54 120.8275   0.0000  -0.0000
    55 122.4423   0.0000   0.0000
    56 123.0047   0.0000  -0.0000
    57 125.4745   0.0000  -0.0000
    58 125.4748   0.0000  -0.0000
    59 127.7919   0.0000  -0.0000
    60 133.2883   0.0000   0.0000
  0.375000  0.000000  0.000000
  60
     1 -69.8794  -0.0000  -0.0000
     2 -35.1000  -0.0000   0.0000
     3 -34.9126  -0.0000  -0.0000
     4 -34.9126  -0.0000  -0.0000
     5 -12.2489   0.0000   0.0000
     6   0.6277   0.0000  -0.0000
     7   5.0259   0.0000   0.0000
     8   5.0259   0.0000   0.0000
     9  17.9293   0.0000  -0.0000
    10  23.4710   0.0000  -0.0000
    11  27.5226   0.0000   0.0000
    12  27.5226   0.0000  -0.0000
    13  33.3720   0.0000  -0.0000
    14  33.3720   0.0000   0.0000
    15  34.4212   0.0000  -0.0000
    16  43.2039   0.0000   0.0000
    17  45.2596   0.0000  -0.0000
    18  45.2596   0.0000  -0.0000
    19  48.0672   0.0000  -0.0000
    20  48.0672   0.0000  -0.0000
    21  51.6775   0.0000  -0.0000
    22  61.4104   0.0000  -0.0000
    23  61.4104   0.0000  -0.0000
    24  64.7657   0.0000   0.0000
    25  69.7164   0.0000   0.0000
    26  72.9296   0.0000   0.0000
    27  72.9296   0.0000  -0.0000
    28  75.2067   0.0000  -0.0000
    29  75.2067   0.0000  -0.0000
    30  75.7100   0.0000  -0.0000
    31  79.2702   0.0000  -0.0000
    32  80.4095   0.0000   0.0000
    33  82.6383   0.0000  -0.0000
    34  82.6383   0.0000  -0.0000
    35  87.0511   0.0000  -0.0000
    36  89.4367   0.0000   0.0000
    37  89.8930   0.0000   0.0000
    38  89.8930   0.0000  -0.0000
    39  94.9925   0.0000   0.0000
    40  94.9925   0.0000   0.0000
    41 100.7522   0.0000  -0.0000
    42 102.2371   0.0000   0.0000
    43 102.2371   0.0000   0.0000
    44 102.5133   0.0000  -0.0000
    45 104.1031   0.0000  -0.0000
    46 104.1031   0.0000  -0.0000
    47 108.9917   0.0000  -0.0000
    48 110.0787   0.0000  -0.0000
    49 110.0787   0.0000  -0.0000
    50 117.3063   0.0000  -0.0000
    51 122.2688   0.0000   0.0000
    52 122.2688   0.0000  -0.0000
    53 124.4810   0.0000   0.0000
    54 127.5073   0.0000   0.0000
    55 127.5073   0.0000   0.0000
    56 129.2781   0.0000   0.0000
    57 129.2781   0.0000   0.0000
    58 130.0026   0.0000  -0.0000
    59 130.3687   0.0000   0.0000
    60 130.3687   0.0000  -0.0000
  0.500000  0.000000  0.000000
  60
     1 -69.8751  -0.0000   0.0000
     2 -35.1337  -0.0000  -0.0000
     3 -34.9152  -0.0000   0.0000
     4 -34.9152  -0.0000   0.0000
     5 -11.8415   0.0000  -0.0000
     6  -0.2044   0.0000  -0.0000
     7   4.8852   0.0000   0.0000
     8   4.8852   0.0000   0.0000
     9  17.7648   0.0000  -0.0000
    10  24.1598   0.0000  -0.0000
    11  27.4729   0.0000  -0.0000
    12  27.4729   0.0000   0.0000
    13  33.9864   0.0000   0.0000
    14  34.8141   0.0000   0.0000
    15  34.8141   0.0000   0.0000
    16  42.8112   0.0000  -0.0000
    17  44.2162   0.0000  -0.0000
    18  44.2162   0.0000  -0.0000
    19  47.7782   0.0000   0.0000
    20  47.7782   0.0000   0.0000
    21  58.3815   0.0000   0.0000
    22  60.3297   0.0000  -0.0000
    23  63.5549   0.0000  -0.0000
    24  63.5549   0.0000   0.0000
    25  68.6171   0.0000   0.0000
    26  68.6171   0.0000   0.0000
    27  69.3931   0.0000  -0.0000
    28  72.8367   0.0000  -0.0000
    29  77.3449   0.0000  -0.0000
    30  77.3449   0.0000   0.0000
    31  79.5480   0.0000  -0.0000
    32  79.5480   0.0000   0.0000
    33  80.0301   0.0000  -0.0000
    34  81.7971   0.0000  -0.0000
    35  83.5811   0.0000  -0.0000
    36  89.4422   0.0000  -0.0000
    37  89.4422   0.0000   0.0000
    38  89.6573   0.0000  -0.0000
    39  94.7600   0.0000  -0.0000
    40  94.7600   0.0000   0.0000
    41 100.9362   0.0000  -0.0000
    42 102.2967   0.0000   0.0000
    43 103.6300   0.0000  -0.0000
    44 103.6300   0.0000   0.0000
    45 105.8483   0.0000  -0.0000
    46 105.8483   0.0000  -0.0000
    47 108.7779   0.0000  -0.0000
    48 117.1474   0.0000  -0.0000
    49 117.1474   0.0000  -0.0000
    50 117.6226   0.0000  -0.0000
    51 117.6226   0.0000  -0.0000
    52 120.5788   0.0000   0.0000
    53 124.5694   0.0000  -0.0000
    54 126.3372   0.0000  -0.0000
    55 128.0418   0.0000  -0.0000
    56 128.0418   0.0000  -0.0000
    57 132.6547   0.0000  -0.0000
    58 132.6547   0.0000  -0.0000
    59 136.1870   0.0000   0.0000
    60 136.1933   0.0000  -0.0000
  0.125000  0.125000  0.000000
  60
     1 -69.8992  -0.0000  -0.0000
     2 -34.9301  -0.0000   0.0000
     3 -34.9078  -0.0000   0.0000
     4 -34.9078  -0.0000   0.0000
     5 -13.7388   0.0000  -0.0000
     6   4.7697   0.0000  -0.0000
     7   5.6004   0.0000  -0.0000
     8   5.6004   0.0000   0.0000
     9  17.0810   0.0000   0.0000
    10  22.9249   0.0000  -0.0000
    11  26.6117   0.0000  -0.0000
    12  26.6117   0.0000  -0.0000
    13  30.5552   0.0000  -0.0000
    14  33.3579   0.0000  -0.0000
    15  34.1433   0.0000   0.0000
    16  39.2890   0.0000   0.0000
    17  39.2890   0.0000  -0.0000
    18  40.6912   0.0000  -0.0000
    19  52.5746   0.0000   0.0000
    20  53.5420   0.0000   0.0000
    21  53.5420   0.0000   0.0000
    22  59.8027   0.0000  -0.0000
    23  65.2022   0.0000   0.0000
    24  65.4574   0.0000   0.0000
    25  65.4574   0.0000   0.0000
    26  68.5277   0.0000  -0.0000
    27  74.7919   0.0000   0.0000
    28  80.0995   0.0000   0.0000
    29  80.0995   0.0000   0.0000
    30  83.9415   0.0000   0.0000
    31  84.9425   0.0000  -0.0000
    32  85.9547   0.0000  -0.0000
    33  86.4034   0.0000   0.0000
    34  88.3514   0.0000   0.0000
    35  88.3514   0.0000   0.0000
    36  92.5772   0.0000   0.0000
    37  94.1747   0.0000   0.0000
    38  94.1747   0.0000  -0.0000
    39  96.0917   0.0000  -0.0000
    40  97.1115   0.0000   0.0000
    41 100.6457   0.0000   0.0000
    42 100.6457   0.0000   0.0000
    43 101.8335   0.0000   0.0000
    44 101.8335   0.0000  -0.0000
    45 102.3110   0.0000  -0.0000
    46 103.5068   0.0000  -0.0000
    47 106.6160   0.0000   0.0000
    48 106.7924   0.0000  -0.0000
    49 110.3599   0.0000   0.0000
    50 110.9372   0.0000  -0.0000
    51 110.9372   0.0000  -0.0000
    52 111.9932   0.0000   0.0000
    53 113.1970   0.0000   0.0000
    54 113.1970   0.0000   0.0000
    55 114.3996   0.0000  -0.0000
    56 119.0555   0.0000   0.0000
    57 119.0555   0.0000   0.0000
    58 121.9147   0.0000   0.0000
    59 124.9177   0.0000   0.0000
    60 125.3766   0.0000   0.0000
  0.250000  0.125000  0.000000
  60
     1 -69.8906  -0.0000   0.0000
     2 -34.9916  -0.0000   0.0000
     3 -34.9180  -0.0000  -0.0000
     4 -34.9131  -0.0000   0.0000
     5 -13.1812   0.0000   0.0000
     6   3.1811   0.0000  -0.0000
     7   5.2116   0.0000   0.0000
     8   5.2363   0.0000   0.0000
     9  18.3520   0.0000  -0.0000
    10  21.5721   0.0000  -0.0000
    11  27.3181   0.0000  -0.0000
    12  27.6423   0.0000   0.0000
    13  29.5283   0.0000  -0.0000
    14  33.5946   0.0000  -0.0000
    15  37.0127   0.0000  -0.0000
    16  40.4644   0.0000   0.0000
    17  41.3719   0.0000   0.0000
    18  42.9612   0.0000  -0.0000
    19  49.8653   0.0000  -0.0000
    20  51.2437   0.0000  -0.0000
    21  53.8152   0.0000   0.0000
    22  60.2983   0.0000   0.0000
    23  60.4438   0.0000   0.0000
    24  63.6120   0.0000   0.0000
    25  66.5964   0.0000   0.0000
    26  70.8923   0.0000   0.0000
    27  74.5880   0.0000  -0.0000
    28  79.5243   0.0000   0.0000
    29  81.6976   0.0000  -0.0000
    30  82.5164   0.0000  -0.0000
    31  82.9189   0.0000   0.0000
    32  84.8356   0.0000  -0.0000
    33  84.8624   0.0000   0.0000
    34  87.1570   0.0000  -0.0000
    35  88.1868   0.0000  -0.0000
    36  89.6707   0.0000   0.0000
    37  91.5246   0.0000  -0.0000
    38  91.9006   0.0000   0.0000
    39  94.2214   0.0000  -0.0000
    40  94.8557   0.0000   0.0000
    41  96.3586   0.0000  -0.0000
    42  98.7642   0.0000  -0.0000
    43  99.4884   0.0000   0.0000
    44 101.0264   0.0000   0.0000
    45 104.5132   0.0000  -0.0000
    46 107.4876   0.0000  -0.0000
    47 108.4427   0.0000   0.0000
    48 109.4000   0.0000  -0.0000
    49 109.4772   0.0000   0.0000
    50 111.4796   0.0000   0.0000
    51 111.8402   0.0000  -0.0000
    52 114.2160   0.0000   0.0000
    53 114.2175   0.0000  -0.0000
    54 121.0971   0.0000  -0.0000
    55 122.5663   0.0000  -0.0000
    56 125.7976   0.0000   0.0000
    57 126.5059   0.0000   0.0000
    58 126.9197   0.0000  -0.0000
    59 127.2239   0.0000  -0.0000
    60 130.2821   0.0000   0.0000
  0.375000  0.125000  0.000000
  60
     1 -69.8801  -0.0000  -0.0000
     2 -35.0697  -0.0000  -0.0000
     3 -34.9243  -0.0000  -0.0000
     4 -34.9229  -0.0000  -0.0000
     5 -12.3839   0.0000   0.0000
     6   1.3040   0.0000  -0.0000
     7   4.6686   0.0000  -0.0000
     8   4.8961   0.0000   0.0000
     9  18.7297   0.0000   0.0000
    10  22.2641   0.0000   0.0000
    11  26.7446   0.0000  -0.0000
    12  28.1528   0.0000  -0.0000
    13  30.9751   0.0000  -0.0000
    14  34.5950   0.0000   0.0000
    15  36.7301   0.0000   0.0000
    16  43.7231   0.0000   0.0000
    17  44.3441   0.0000   0.0000
    18  44.7417   0.0000   0.0000
    19  46.8344   0.0000   0.0000
    20  50.0531   0.0000  -0.0000
    21  53.3659   0.0000   0.0000
    22  58.5118   0.0000   0.0000
    23  59.9442   0.0000  -0.0000
    24  66.1019   0.0000  -0.0000
    25  68.4663   0.0000   0.0000
    26  70.5342   0.0000   0.0000
    27  73.1858   0.0000  -0.0000
    28  75.4322   0.0000   0.0000
    29  75.5003   0.0000   0.0000
    30  76.7566   0.0000   0.0000
    31  80.4107   0.0000   0.0000
    32  82.1840   0.0000  -0.0000
    33  83.9622   0.0000   0.0000
    34  84.7723   0.0000  -0.0000
    35  86.6582   0.0000  -0.0000
    36  89.3003   0.0000   0.0000
    37  89.8542   0.0000  -0.0000
    38  92.0747   0.0000   0.0000
    39  92.3697   0.0000  -0.0000
    40  95.4336   0.0000  -0.0000
    41  98.5162   0.0000  -0.0000
    42 100.5141   0.0000   0.0000
    43 101.8199   0.0000   0.0000
    44 103.0623   0.0000  -0.0000
    45 106.0312   0.0000   0.0000
    46 106.5646   0.0000  -0.0000
    47 108.6799   0.0000   0.0000
    48 111.4115   0.0000   0.0000
    49 111.8323   0.0000   0.0000
    50 114.9583   0.0000  -0.0000
    51 117.7831   0.0000   0.0000
    52 118.4206   0.0000   0.0000
    53 121.7035   0.0000   0.0000
    54 122.2938   0.0000   0.0000
    55 127.1421   0.0000  -0.0000
    56 127.7421   0.0000   0.0000
    57 128.1024   0.0000   0.0000
    58 132.3352   0.0000  -0.0000
    59 133.7825   0.0000  -0.0000
    60 133.8327   0.0000  -0.0000
  0.500000  0.125000  0.000000
  60
     1 -69.8736  -0.0000  -0.0000
     2 -35.1160  -0.0000   0.0000
     3 -34.9345  -0.0000  -0.0000
     4 -34.9233  -0.0000  -0.0000
     5 -11.8134   0.0000   0.0000
     6   0.1602   0.0000  -0.0000
     7   4.2659   0.0000  -0.0000
     8   4.7590   0.0000   0.0000
     9  18.5630   0.0000   0.0000
    10  23.5551   0.0000   0.0000
    11  26.2865   0.0000   0.0000
    12  28.0917   0.0000  -0.0000
    13  32.9619   0.0000   0.0000
    14  35.3247   0.0000   0.0000
    15  36.2790   0.0000   0.0000
    16  43.4249   0.0000  -0.0000
    17  43.7852   0.0000   0.0000
    18  44.5831   0.0000  -0.0000
    19  47.9485   0.0000  -0.0000
    20  49.6251   0.0000   0.0000
    21  57.0509   0.0000   0.0000
    22  61.4636   0.0000   0.0000
    23  62.3568   0.0000  -0.0000
    24  62.8334   0.0000   0.0000
    25  66.3796   0.0000   0.0000
    26  69.1389   0.0000  -0.0000
    27  70.8448   0.0000   0.0000
    28  70.9460   0.0000  -0.0000
    29  74.2218   0.0000  -0.0000
    30  76.2221   0.0000  -0.0000
    31  76.6648   0.0000   0.0000
    32  80.3898   0.0000   0.0000
    33  81.6759   0.0000  -0.0000
    34  85.0372   0.0000   0.0000
    35  86.5682   0.0000   0.0000
    36  89.5951   0.0000  -0.0000
    37  89.6477   0.0000  -0.0000
    38  90.5414   0.0000   0.0000
    39  93.2928   0.0000   0.0000
    40  93.8780   0.0000   0.0000
    41  97.3299   0.0000   0.0000
    42 101.1802   0.0000  -0.0000
    43 105.6946   0.0000   0.0000
    44 105.8982   0.0000   0.0000
    45 107.0943   0.0000   0.0000
    46 109.6526   0.0000  -0.0000
    47 111.1455   0.0000   0.0000
    48 114.9246   0.0000  -0.0000
    49 117.6215   0.0000   0.0000
    50 118.0992   0.0000  -0.0000
    51 118.2317   0.0000  -0.0000
    52 119.6579   0.0000  -0.0000
    53 123.9410   0.0000   0.0000
    54 125.4049   0.0000   0.0000
    55 126.2225   0.0000   0.0000
    56 126.4045   0.0000  -0.0000
    57 129.9226   0.0000  -0.0000
    58 131.0667   0.0000   0.0000
    59 132.3099   0.0000   0.0000
    60 134.3122   0.0000   0.0000
 -0.375000  0.125000  0.000000
  60
     1 -69.8751  -0.0000   0.0000
     2 -35.1055  -0.0000  -0.0000
     3 -34.9405  -0.0000  -0.0000
     4 -34.9154  -0.0000  -0.0000
     5 -11.9394   0.0000   0.0000
     6   0.4218   0.0000  -0.0000
     7   4.2018   0.0000  -0.0000
     8   4.8923   0.0000  -0.0000
     9  18.6807   0.0000   0.0000
    10  23.3103   0.0000   0.0000
    11  26.4420   0.0000  -0.0000
    12  28.1115   0.0000  -0.0000
    13  33.0285   0.0000  -0.0000
    14  33.9325   0.0000  -0.0000
    15  36.4403   0.0000   0.0000
    16  43.6443   0.0000  -0.0000
    17  44.5698   0.0000  -0.0000
    18  45.1730   0.0000   0.0000
    19  46.6965   0.0000   0.0000
    20  50.5728   0.0000   0.0000
    21  54.7083   0.0000  -0.0000
    22  59.1561   0.0000   0.0000
    23  62.4935   0.0000   0.0000
    24  65.2449   0.0000  -0.0000
    25  68.2183   0.0000   0.0000
    26  69.5059   0.0000   0.0000
    27  70.8234   0.0000   0.0000
    28  72.0573   0.0000  -0.0000
    29  75.4493   0.0000  -0.0000
    30  75.7574   0.0000   0.0000
    31  75.9877   0.0000  -0.0000
    32  80.2334   0.0000  -0.0000
    33  82.1026   0.0000   0.0000
    34  84.8889   0.0000  -0.0000
    35  86.0727   0.0000  -0.0000
    36  89.9026   0.0000  -0.0000
    37  90.5612   0.0000   0.0000
    38  91.9857   0.0000   0.0000
    39  93.5496   0.0000   0.0000
    40  94.0428   0.0000  -0.0000
    41  95.6776   0.0000  -0.0000
    42 102.0014   0.0000  -0.0000
    43 103.9672   0.0000   0.0000
    44 105.7145   0.0000  -0.0000
    45 106.5514   0.0000   0.0000
    46 109.6551   0.0000   0.0000
    47 109.6970   0.0000   0.0000
    48 113.8257   0.0000  -0.0000
    49 115.3749   0.0000  -0.0000
    50 117.0310   0.0000  -0.0000
    51 119.4957   0.0000   0.0000
    52 121.9890   0.0000   0.0000
    53 123.4043   0.0000  -0.0000
    54 124.4249   0.0000  -0.0000
    55 125.7863   0.0000  -0.0000
    56 128.2037   0.0000   0.0000
    57 128.9356   0.0000  -0.0000
    58 130.1404   0.0000   0.0000
    59 132.6059   0.0000  -0.0000
    60 134.3218   0.0000  -0.0000
 -0.250000  0.125000  0.000000
  60
     1 -69.8836  -0.0000   0.0000
     2 -35.0454  -0.0000  -0.0000
     3 -34.9358  -0.0000  -0.0000
     4 -34.9054  -0.0000  -0.0000
     5 -12.6463   0.0000  -0.0000
     6   1.9117   0.0000   0.0000
     7   4.5308   0.0000  -0.0000
     8   5.2353   0.0000   0.0000
     9  18.8412   0.0000   0.0000
    10  22.0672   0.0000  -0.0000
    11  26.9530   0.0000   0.0000
    12  28.1224   0.0000   0.0000
    13  30.4991   0.0000   0.0000
    14  33.2650   0.0000  -0.0000
    15  36.9936   0.0000   0.0000
    16  42.1854   0.0000   0.0000
    17  44.3561   0.0000   0.0000
    18  44.6394   0.0000  -0.0000
    19  46.8757   0.0000   0.0000
    20  51.2019   0.0000  -0.0000
    21  53.6743   0.0000  -0.0000
    22  57.4343   0.0000   0.0000
    23  59.9054   0.0000   0.0000
    24  65.0486   0.0000  -0.0000
    25  69.1337   0.0000  -0.0000
    26  72.7032   0.0000   0.0000
    27  73.6900   0.0000   0.0000
    28  75.9740   0.0000   0.0000
    29  78.0430   0.0000  -0.0000
    30  78.5828   0.0000  -0.0000
    31  79.9474   0.0000   0.0000
    32  82.8409   0.0000  -0.0000
    33  83.9643   0.0000  -0.0000
    34  84.3750   0.0000  -0.0000
    35  86.4934   0.0000  -0.0000
    36  90.4463   0.0000   0.0000
    37  90.8938   0.0000   0.0000
    38  93.4109   0.0000  -0.0000
    39  94.4242   0.0000   0.0000
    40  95.1689   0.0000  -0.0000
    41  95.9893   0.0000  -0.0000
    42  98.4936   0.0000   0.0000
    43 100.1943   0.0000  -0.0000
    44 102.3023   0.0000  -0.0000
    45 103.8746   0.0000  -0.0000
    46 107.5886   0.0000   0.0000
    47 108.6542   0.0000   0.0000
    48 112.1323   0.0000  -0.0000
    49 113.1390   0.0000  -0.0000
    50 113.2225   0.0000   0.0000
    51 114.5823   0.0000   0.0000
    52 119.9550   0.0000   0.0000
    53 120.3285   0.0000   0.0000
    54 122.7990   0.0000  -0.0000
    55 124.0236   0.0000   0.0000
    56 124.6049   0.0000   0.0000
    57 128.1750   0.0000   0.0000
    58 129.5026   0.0000  -0.0000
    59 132.1665   0.0000  -0.0000
    60 132.2012   0.0000   0.0000
 -0.125000  0.125000  0.000000
  60
     1 -69.8942  -0.0000   0.0000
     2 -34.9734  -0.0000  -0.0000
     3 -34.9193  -0.0000  -0.0000
     4 -34.8989  -0.0000   0.0000
     5 -13.4050   0.0000   0.0000
     6   3.7193   0.0000  -0.0000
     7   5.1876   0.0000   0.0000
     8   5.6033   0.0000   0.0000
     9  17.8501   0.0000  -0.0000
    10  22.3757   0.0000   0.0000
    11  26.9444   0.0000   0.0000
    12  26.9672   0.0000   0.0000
    13  30.6297   0.0000  -0.0000
    14  32.5287   0.0000  -0.0000
    15  35.9908   0.0000   0.0000
    16  39.5992   0.0000   0.0000
    17  40.5790   0.0000   0.0000
    18  42.6028   0.0000   0.0000
    19  49.8584   0.0000  -0.0000
    20  53.0194   0.0000   0.0000
    21  54.5375   0.0000  -0.0000
    22  58.8811   0.0000   0.0000
    23  62.2250   0.0000  -0.0000
    24  62.8152   0.0000  -0.0000
    25  69.2449   0.0000   0.0000
    26  71.0023   0.0000   0.0000
    27  72.1620   0.0000  -0.0000
    28  81.0602   0.0000   0.0000
    29  82.8255   0.0000   0.0000
    30  83.2064   0.0000  -0.0000
    31  83.7140   0.0000  -0.0000
    32  85.1596   0.0000  -0.0000
    33  85.9618   0.0000   0.0000
    34  86.6258   0.0000   0.0000
    35  88.5499   0.0000   0.0000
    36  89.9931   0.0000  -0.0000
    37  90.0019   0.0000   0.0000
    38  93.3988   0.0000   0.0000
    39  95.0352   0.0000  -0.0000
    40  96.1950   0.0000   0.0000
    41  96.8887   0.0000  -0.0000
    42  97.9697   0.0000  -0.0000
    43  99.2546   0.0000   0.0000
    44 103.2772   0.0000   0.0000
    45 103.6988   0.0000   0.0000
    46 104.0279   0.0000   0.0000
    47 105.9227   0.0000   0.0000
    48 109.0551   0.0000  -0.0000
    49 111.9305   0.0000   0.0000
    50 112.8506   0.0000  -0.0000
    51 113.1626   0.0000  -0.0000
    52 114.0920   0.0000  -0.0000
    53 116.9081   0.0000   0.0000
    54 117.4265   0.0000   0.0000
    55 118.4455   0.0000   0.0000
    56 120.5728   0.0000  -0.0000
    57 120.9752   0.0000  -0.0000
    58 123.6094   0.0000  -0.0000
    59 127.4612   0.0000   0.0000
    60 129.6559   0.0000   0.0000
  0.250000  0.250000  0.000000
  60
     1 -69.8851  -0.0000   0.0000
     2 -35.0022  -0.0000  -0.0000
     3 -34.9335  -0.0000   0.0000
     4 -34.9335  -0.0000  -0.0000
     5 -12.8562   0.0000  -0.0000
     6   2.6453   0.0000  -0.0000
     7   4.9067   0.0000  -0.0000
     8   4.9067   0.0000  -0.0000
     9  19.3831   0.0000   0.0000
    10  19.9047   0.0000   0.0000
    11  27.0974   0.0000  -0.0000
    12  28.8365   0.0000   0.0000
    13  28.8365   0.0000   0.0000
    14  35.0837   0.0000  -0.0000
    15  40.9239   0.0000   0.0000
    16  41.3666   0.0000   0.0000
    17  41.3666   0.0000  -0.0000
    18  42.7615   0.0000  -0.0000
    19  50.7410   0.0000  -0.0000
    20  50.7410   0.0000  -0.0000
    21  51.0130   0.0000   0.0000
    22  57.2187   0.0000   0.0000
    23  63.4994   0.0000  -0.0000
    24  63.4994   0.0000   0.0000
    25  64.8351   0.0000  -0.0000
    26  69.9502   0.0000  -0.0000
    27  74.7221   0.0000   0.0000
    28  77.0618   0.0000   0.0000
    29  77.0618   0.0000   0.0000
    30  80.9920   0.0000   0.0000
    31  82.1904   0.0000  -0.0000
    32  84.5309   0.0000  -0.0000
    33  86.3026   0.0000   0.0000
    34  87.4081   0.0000  -0.0000
    35  87.4081   0.0000   0.0000
    36  91.6091   0.0000  -0.0000
    37  91.6091   0.0000   0.0000
    38  93.1860   0.0000  -0.0000
    39  94.9555   0.0000   0.0000
    40  96.3054   0.0000   0.0000
    41  97.1470   0.0000   0.0000
    42  98.5141   0.0000  -0.0000
    43  98.5141   0.0000   0.0000
    44 100.5351   0.0000   0.0000
    45 103.1813   0.0000   0.0000
    46 103.1813   0.0000   0.0000
    47 103.2199   0.0000  -0.0000
    48 111.8822   0.0000   0.0000
    49 112.5915   0.0000  -0.0000
    50 112.5915   0.0000  -0.0000
    51 115.7439   0.0000  -0.0000
    52 116.2240   0.0000  -0.0000
    53 119.6126   0.0000  -0.0000
    54 119.6126   0.0000  -0.0000
    55 121.1469   0.0000  -0.0000
    56 125.5894   0.0000  -0.0000
    57 131.4593   0.0000   0.0000
    58 131.9581   0.0000   0.0000
    59 131.9581   0.0000  -0.0000
    60 133.7305   0.0000   0.0000
  0.375000  0.250000  0.000000
  60
     1 -69.8765  -0.0000   0.0000
     2 -35.0486  -0.0000   0.0000
     3 -34.9489  -0.0000  -0.0000
     4 -34.9437  -0.0000   0.0000
     5 -12.2659   0.0000  -0.0000
     6   1.5762   0.0000   0.0000
     7   4.2662   0.0000   0.0000
     8   4.5975   0.0000   0.0000
     9  19.2346   0.0000  -0.0000
    10  20.7742   0.0000   0.0000
    11  25.5958   0.0000   0.0000
    12  29.6556   0.0000   0.0000
    13  30.2580   0.0000   0.0000
    14  36.2431   0.0000  -0.0000
    15  41.0250   0.0000  -0.0000
    16  42.6156   0.0000   0.0000
    17  43.4703   0.0000   0.0000
    18  45.5903   0.0000   0.0000
    19  47.8039   0.0000  -0.0000
    20  49.7189   0.0000  -0.0000
    21  53.8840   0.0000  -0.0000
    22  56.0637   0.0000   0.0000
    23  59.7556   0.0000   0.0000
    24  63.5761   0.0000   0.0000
    25  68.2382   0.0000   0.0000
    26  69.3119   0.0000  -0.0000
    27  72.1097   0.0000  -0.0000
    28  73.2184   0.0000  -0.0000
    29  74.0098   0.0000   0.0000
    30  77.1561   0.0000  -0.0000
    31  80.1172   0.0000   0.0000
    32  82.5632   0.0000  -0.0000
    33  84.4458   0.0000  -0.0000
    34  86.5234   0.0000   0.0000
    35  87.8024   0.0000  -0.0000
    36  88.7422   0.0000   0.0000
    37  92.0060   0.0000   0.0000
    38  93.0326   0.0000   0.0000
    39  93.0712   0.0000   0.0000
    40  95.0892   0.0000  -0.0000
    41  98.7193   0.0000   0.0000
    42 101.2461   0.0000   0.0000
    43 101.8990   0.0000   0.0000
    44 102.7496   0.0000   0.0000
    45 104.9522   0.0000  -0.0000
    46 105.0616   0.0000  -0.0000
    47 107.3102   0.0000   0.0000
    48 111.9805   0.0000   0.0000
    49 112.9779   0.0000   0.0000
    50 115.5599   0.0000  -0.0000
    51 116.1095   0.0000  -0.0000
    52 120.4252   0.0000  -0.0000
    53 120.4363   0.0000   0.0000
    54 124.3832   0.0000  -0.0000
    55 127.6994   0.0000   0.0000
    56 128.3283   0.0000   0.0000
    57 129.3312   0.0000  -0.0000
    58 131.8820   0.0000   0.0000
    59 133.1864   0.0000   0.0000
    60 135.7628   0.0000  -0.0000
  0.500000  0.250000  0.000000
  60
     1 -69.8701  -0.0000  -0.0000
     2 -35.0799  -0.0000   0.0000
     3 -34.9742  -0.0000  -0.0000
     4 -34.9428  -0.0000  -0.0000
     5 -11.7303   0.0000   0.0000
     6   0.8783   0.0000   0.0000
     7   3.2915   0.0000  -0.0000
     8   4.4708   0.0000  -0.0000
     9  19.4281   0.0000  -0.0000
    10  22.4519   0.0000   0.0000
    11  24.6990   0.0000   0.0000
    12  29.6246   0.0000   0.0000
    13  31.1607   0.0000  -0.0000
    14  36.9226   0.0000  -0.0000
    15  40.4224   0.0000  -0.0000
    16  42.4938   0.0000  -0.0000
    17  42.6291   0.0000   0.0000
    18  46.2146   0.0000  -0.0000
    19  48.7403   0.0000   0.0000
    20  53.8811   0.0000   0.0000
    21  56.0509   0.0000   0.0000
    22  58.4305   0.0000  -0.0000
    23  58.6246   0.0000   0.0000
    24  62.5377   0.0000  -0.0000
    25  64.0868   0.0000   0.0000
    26  67.8657   0.0000   0.0000
    27  68.9728   0.0000   0.0000
    28  72.8096   0.0000  -0.0000
    29  73.2036   0.0000   0.0000
    30  76.3192   0.0000   0.0000
    31  76.8155   0.0000  -0.0000
    32  78.1449   0.0000  -0.0000
    33  82.8012   0.0000   0.0000
    34  84.6533   0.0000   0.0000
    35  87.1891   0.0000  -0.0000
    36  87.2366   0.0000   0.0000
    37  89.6879   0.0000  -0.0000
    38  92.2119   0.0000  -0.0000
    39  95.2252   0.0000  -0.0000
    40  95.3102   0.0000   0.0000
    41 101.2798   0.0000   0.0000
    42 101.6899   0.0000   0.0000
    43 106.3079   0.0000  -0.0000
    44 107.2488   0.0000  -0.0000
    45 107.5344   0.0000   0.0000
    46 109.5285   0.0000   0.0000
    47 113.7249   0.0000   0.0000
    48 113.9248   0.0000   0.0000
    49 116.0640   0.0000  -0.0000
    50 116.3604   0.0000   0.0000
    51 118.3922   0.0000  -0.0000
    52 119.4789   0.0000  -0.0000
    53 120.0330   0.0000  -0.0000
    54 123.5826   0.0000   0.0000
    55 127.8535   0.0000   0.0000
    56 127.8591   0.0000   0.0000
    57 129.9888   0.0000  -0.0000
    58 130.3947   0.0000  -0.0000
    59 132.8176   0.0000   0.0000
    60 134.2819   0.0000  -0.0000
 -0.375000  0.250000  0.000000
  60
     1 -69.8695  -0.0000   0.0000
     2 -35.0775  -0.0000   0.0000
     3 -34.9953  -0.0000  -0.0000
     4 -34.9311  -0.0000   0.0000
     5 -11.6260   0.0000   0.0000
     6   0.9348   0.0000  -0.0000
     7   2.6905   0.0000  -0.0000
     8   4.5889   0.0000  -0.0000
     9  20.0247   0.0000   0.0000
    10  22.6840   0.0000  -0.0000
    11  24.9925   0.0000  -0.0000
    12  29.4390   0.0000   0.0000
    13  31.8736   0.0000   0.0000
    14  34.0882   0.0000   0.0000
    15  40.0551   0.0000   0.0000
    16  42.9230   0.0000   0.0000
    17  43.4363   0.0000   0.0000
    18  46.8014   0.0000   0.0000
    19  49.3515   0.0000  -0.0000
    20  52.3933   0.0000   0.0000
    21  56.3263   0.0000  -0.0000
    22  59.1847   0.0000   0.0000
    23  61.8255   0.0000  -0.0000
    24  63.6820   0.0000   0.0000
    25  64.3344   0.0000  -0.0000
    26  66.4406   0.0000   0.0000
    27  66.9304   0.0000  -0.0000
    28  71.5546   0.0000  -0.0000
    29  74.0024   0.0000   0.0000
    30  75.0011   0.0000   0.0000
    31  77.0284   0.0000  -0.0000
    32  77.7258   0.0000  -0.0000
    33  80.8109   0.0000  -0.0000
    34  82.1705   0.0000  -0.0000
    35  87.7864   0.0000   0.0000
    36  89.3284   0.0000   0.0000
    37  89.6924   0.0000   0.0000
    38  90.5293   0.0000   0.0000
    39  96.5729   0.0000   0.0000
    40  98.0153   0.0000  -0.0000
    41  99.7482   0.0000   0.0000
    42 100.9039   0.0000   0.0000
    43 106.3280   0.0000  -0.0000
    44 109.1413   0.0000   0.0000
    45 109.1692   0.0000   0.0000
    46 110.8885   0.0000  -0.0000
    47 114.0556   0.0000  -0.0000
    48 114.8186   0.0000  -0.0000
    49 115.9408   0.0000  -0.0000
    50 117.2625   0.0000   0.0000
    51 119.4682   0.0000  -0.0000
    52 119.5078   0.0000  -0.0000
    53 122.6842   0.0000   0.0000
    54 124.0641   0.0000  -0.0000
    55 125.5102   0.0000  -0.0000
    56 126.4469   0.0000   0.0000
    57 127.4399   0.0000  -0.0000
    58 129.5654   0.0000   0.0000
    59 130.5579   0.0000  -0.0000
    60 134.8489   0.0000  -0.0000
 -0.250000  0.250000  0.000000
  60
     1 -69.8751  -0.0000  -0.0000
     2 -35.0623  -0.0000  -0.0000
     3 -34.9807  -0.0000   0.0000
     4 -34.9157  -0.0000  -0.0000
     5 -12.0342   0.0000  -0.0000
     6   1.3955   0.0000   0.0000
     7   3.1795   0.0000  -0.0000
     8   4.8994   0.0000   0.0000
     9  20.3021   0.0000  -0.0000
    10  21.6777   0.0000   0.0000
    11  25.8008   0.0000   0.0000
    12  29.4926   0.0000   0.0000
    13  30.7707   0.0000  -0.0000
    14  33.2831   0.0000  -0.0000
    15  39.5916   0.0000  -0.0000
    16  42.4196   0.0000  -0.0000
    17  44.6992   0.0000  -0.0000
    18  45.2429   0.0000   0.0000
    19  48.2561   0.0000   0.0000
    20  53.4775   0.0000  -0.0000
    21  54.4634   0.0000   0.0000
    22  56.2409   0.0000   0.0000
    23  57.7256   0.0000   0.0000
    24  67.1766   0.0000   0.0000
    25  67.8055   0.0000  -0.0000
    26  70.7616   0.0000   0.0000
    27  71.2514   0.0000  -0.0000
    28  73.4525   0.0000  -0.0000
    29  73.9796   0.0000  -0.0000
    30  75.0347   0.0000   0.0000
    31  77.6419   0.0000   0.0000
    32  80.0201   0.0000   0.0000
    33  81.0191   0.0000  -0.0000
    34  81.7578   0.0000   0.0000
    35  88.6824   0.0000   0.0000
    36  90.0293   0.0000   0.0000
    37  90.8600   0.0000   0.0000
    38  91.3617   0.0000  -0.0000
    39  96.1064   0.0000   0.0000
    40  97.3169   0.0000  -0.0000
    41  98.4407   0.0000   0.0000
    42 100.1534   0.0000   0.0000
    43 100.4493   0.0000  -0.0000
    44 106.6190   0.0000   0.0000
    45 107.4219   0.0000  -0.0000
    46 107.8991   0.0000   0.0000
    47 112.1997   0.0000  -0.0000
    48 113.7943   0.0000   0.0000
    49 115.6198   0.0000   0.0000
    50 116.1492   0.0000  -0.0000
    51 116.3145   0.0000   0.0000
    52 120.1950   0.0000   0.0000
    53 120.8534   0.0000  -0.0000
    54 125.5802   0.0000  -0.0000
    55 125.9001   0.0000   0.0000
    56 127.6412   0.0000  -0.0000
    57 127.6897   0.0000  -0.0000
    58 130.6237   0.0000   0.0000
    59 131.4899   0.0000   0.0000
    60 131.6384   0.0000   0.0000
  0.375000  0.375000  0.000000
  60
     1 -69.8710  -0.0000   0.0000
     2 -35.0648  -0.0000   0.0000
     3 -34.9593  -0.0000   0.0000
     4 -34.9593  -0.0000   0.0000
     5 -11.9524   0.0000   0.0000
     6   1.0336   0.0000   0.0000
     7   4.3175   0.0000   0.0000
     8   4.3175   0.0000   0.0000
     9  18.0192   0.0000   0.0000
    10  21.1931   0.0000   0.0000
    11  24.7894   0.0000  -0.0000
    12  31.0199   0.0000  -0.0000
    13  31.0199   0.0000   0.0000
    14  37.6686   0.0000   0.0000
    15  41.2836   0.0000  -0.0000
    16  43.9844   0.0000  -0.0000
    17  43.9845   0.0000   0.0000
    18  49.0828   0.0000  -0.0000
    19  49.2540   0.0000  -0.0000
    20  49.2541   0.0000   0.0000
    21  50.8758   0.0000  -0.0000
    22  53.3057   0.0000   0.0000
    23  61.4511   0.0000   0.0000
    24  61.4517   0.0000   0.0000
    25  68.8744   0.0000   0.0000
    26  68.8744   0.0000  -0.0000
    27  69.0978   0.0000  -0.0000
    28  71.3614   0.0000   0.0000
    29  72.0130   0.0000   0.0000
    30  72.1174   0.0000  -0.0000
    31  83.3212   0.0000   0.0000
    32  83.4118   0.0000   0.0000
    33  85.9267   0.0000  -0.0000
    34  86.2185   0.0000   0.0000
    35  86.2185   0.0000  -0.0000
    36  88.8003   0.0000   0.0000
    37  91.9888   0.0000  -0.0000
    38  92.3318   0.0000  -0.0000
    39  96.7511   0.0000  -0.0000
    40  96.7511   0.0000  -0.0000
    41  96.9403   0.0000   0.0000
    42  96.9404   0.0000  -0.0000
    43  98.6960   0.0000  -0.0000
    44  99.9634   0.0000  -0.0000
    45 107.8508   0.0000  -0.0000
    46 107.8508   0.0000  -0.0000
    47 110.2021   0.0000  -0.0000
    48 115.3394   0.0000   0.0000
    49 115.3402   0.0000  -0.0000
    50 117.2993   0.0000   0.0000
    51 119.3129   0.0000   0.0000
    52 123.8942   0.0000  -0.0000
    53 126.4424   0.0000   0.0000
    54 126.4425   0.0000  -0.0000
    55 126.9735   0.0000   0.0000
    56 127.9737   0.0000  -0.0000
    57 127.9738   0.0000   0.0000
    58 129.2772   0.0000   0.0000
    59 134.3777   0.0000   0.0000
    60 136.5020   0.0000   0.0000
  0.500000  0.375000  0.000000
  60
     1 -69.8666  -0.0000  -0.0000
     2 -35.0762  -0.0000   0.0000
     3 -34.9810  -0.0000  -0.0000
     4 -34.9622  -0.0000   0.0000
     5 -11.6247   0.0000  -0.0000
     6   0.7566   0.0000  -0.0000
     7   3.5929   0.0000  -0.0000
     8   4.2030   0.0000  -0.0000
     9  18.2188   0.0000   0.0000
    10  21.9501   0.0000  -0.0000
    11  24.2330   0.0000   0.0000
    12  31.2345   0.0000  -0.0000
    13  31.3678   0.0000   0.0000
    14  39.1549   0.0000  -0.0000
    15  40.8639   0.0000   0.0000
    16  42.0485   0.0000  -0.0000
    17  43.5887   0.0000  -0.0000
    18  49.2029   0.0000   0.0000
    19  50.0016   0.0000  -0.0000
    20  52.7478   0.0000  -0.0000
    21  55.4073   0.0000  -0.0000
    22  55.9511   0.0000  -0.0000
    23  57.2175   0.0000   0.0000
    24  59.7184   0.0000   0.0000
    25  63.1670   0.0000  -0.0000
    26  66.9173   0.0000   0.0000
    27  66.9747   0.0000   0.0000
    28  71.7332   0.0000   0.0000
    29  74.2144   0.0000   0.0000
    30  75.1001   0.0000   0.0000
    31  78.0721   0.0000  -0.0000
    32  81.7985   0.0000  -0.0000
    33  83.9636   0.0000  -0.0000
    34  85.6967   0.0000   0.0000
    35  85.7185   0.0000  -0.0000
    36  87.6397   0.0000  -0.0000
    37  88.0954   0.0000   0.0000
    38  90.9900   0.0000  -0.0000
    39  95.5981   0.0000  -0.0000
    40  98.6242   0.0000   0.0000
    41  98.6947   0.0000   0.0000
    42 100.9669   0.0000  -0.0000
    43 102.1652   0.0000  -0.0000
    44 106.0416   0.0000   0.0000
    45 109.7634   0.0000   0.0000
    46 110.9913   0.0000   0.0000
    47 113.3301   0.0000   0.0000
    48 115.0308   0.0000   0.0000
    49 116.5453   0.0000   0.0000
    50 119.6044   0.0000  -0.0000
    51 120.5496   0.0000   0.0000
    52 122.4124   0.0000   0.0000
    53 123.3744   0.0000  -0.0000
    54 124.6496   0.0000  -0.0000
    55 127.9189   0.0000  -0.0000
    56 128.0332   0.0000   0.0000
    57 128.9870   0.0000   0.0000
    58 132.6755   0.0000  -0.0000
    59 132.9127   0.0000   0.0000
    60 134.6067   0.0000  -0.0000
 -0.375000  0.375000  0.000000
  60
     1 -69.8660  -0.0000  -0.0000
     2 -35.0542  -0.0000  -0.0000
     3 -35.0233  -0.0000   0.0000
     4 -34.9505  -0.0000  -0.0000
     5 -11.4899   0.0000   0.0000
     6   1.2230   0.0000   0.0000
     7   2.2954   0.0000  -0.0000
     8   4.3094   0.0000   0.0000
     9  19.4173   0.0000   0.0000
    10  23.3841   0.0000   0.0000
    11  23.4950   0.0000  -0.0000
    12  30.5674   0.0000   0.0000
    13  30.8887   0.0000  -0.0000
    14  37.0616   0.0000   0.0000
    15  41.7355   0.0000   0.0000
    16  41.7872   0.0000  -0.0000
    17  42.4649   0.0000   0.0000
    18  49.5859   0.0000  -0.0000
    19  51.6208   0.0000   0.0000
    20  52.4911   0.0000  -0.0000
    21  57.2300   0.0000   0.0000
    22  57.7419   0.0000  -0.0000
    23  59.2969   0.0000   0.0000
    24  59.3321   0.0000   0.0000
    25  64.6902   0.0000   0.0000
    26  65.5287   0.0000   0.0000
    27  66.0182   0.0000   0.0000
    28  68.6632   0.0000  -0.0000
    29  73.6008   0.0000  -0.0000
    30  75.8699   0.0000  -0.0000
    31  77.6825   0.0000  -0.0000
    32  78.4465   0.0000  -0.0000
    33  82.0407   0.0000  -0.0000
    34  82.9467   0.0000  -0.0000
    35  86.3264   0.0000   0.0000
    36  87.7474   0.0000  -0.0000
    37  88.1949   0.0000  -0.0000
    38  88.9868   0.0000  -0.0000
    39  99.3838   0.0000   0.0000
    40  99.4681   0.0000  -0.0000
    41  99.7767   0.0000  -0.0000
    42 106.3811   0.0000  -0.0000
    43 107.8758   0.0000  -0.0000
    44 108.9530   0.0000  -0.0000
    45 109.8640   0.0000  -0.0000
    46 112.3888   0.0000  -0.0000
    47 112.9020   0.0000   0.0000
    48 113.5196   0.0000   0.0000
    49 114.8881   0.0000  -0.0000
    50 115.6733   0.0000   0.0000
    51 118.7128   0.0000   0.0000
    52 122.1389   0.0000   0.0000
    53 122.5034   0.0000  -0.0000
    54 123.0966   0.0000   0.0000
    55 123.7681   0.0000   0.0000
    56 128.0833   0.0000  -0.0000
    57 129.7573   0.0000  -0.0000
    58 131.2685   0.0000  -0.0000
    59 132.6855   0.0000  -0.0000
    60 132.8182   0.0000   0.0000
  0.500000  0.500000  0.000000
  60
     1 -69.8651  -0.0000  -0.0000
     2 -35.0881  -0.0000   0.0000
     3 -34.9702  -0.0000   0.0000
     4 -34.9702  -0.0000   0.0000
     5 -11.5739   0.0000   0.0000
     6   0.4690   0.0000   0.0000
     7   4.0975   0.0000   0.0000
     8   4.0975   0.0000   0.0000
     9  17.3842   0.0000  -0.0000
    10  21.4397   0.0000   0.0000
    11  24.5198   0.0000   0.0000
    12  31.9478   0.0000  -0.0000
    13  31.9478   0.0000   0.0000
    14  39.4903   0.0000   0.0000
    15  40.0454   0.0000   0.0000
    16  44.2302   0.0000  -0.0000
    17  44.2302   0.0000   0.0000
    18  47.8006   0.0000   0.0000
    19  51.5792   0.0000  -0.0000
    20  51.5792   0.0000  -0.0000
    21  55.0821   0.0000   0.0000
    22  57.7382   0.0000  -0.0000
    23  57.7382   0.0000  -0.0000
    24  58.1455   0.0000   0.0000
    25  58.8821   0.0000  -0.0000
    26  66.8566   0.0000  -0.0000
    27  66.8566   0.0000  -0.0000
    28  70.2686   0.0000   0.0000
    29  73.0422   0.0000   0.0000
    30  77.5968   0.0000   0.0000
    31  82.8618   0.0000   0.0000
    32  82.8781   0.0000  -0.0000
    33  85.0794   0.0000   0.0000
    34  85.0794   0.0000   0.0000
    35  85.1498   0.0000   0.0000
    36  86.5123   0.0000   0.0000
    37  86.7044   0.0000   0.0000
    38  91.3655   0.0000  -0.0000
    39  96.1555   0.0000  -0.0000
    40  96.1555   0.0000  -0.0000
    41  98.0801   0.0000   0.0000
    42  99.2505   0.0000   0.0000
    43  99.2505   0.0000  -0.0000
    44 103.1713   0.0000  -0.0000
    45 113.3545   0.0000  -0.0000
    46 114.0614   0.0000   0.0000
    47 114.0614   0.0000   0.0000
    48 117.3722   0.0000  -0.0000
    49 117.3722   0.0000   0.0000
    50 121.3303   0.0000   0.0000
    51 121.3303   0.0000  -0.0000
    52 123.8371   0.0000  -0.0000
    53 124.6640   0.0000   0.0000
    54 127.8416   0.0000   0.0000
    55 128.1060   0.0000  -0.0000
    56 129.3810   0.0000   0.0000
    57 129.6550   0.0000  -0.0000
    58 129.6550   0.0000  -0.0000
    59 131.7700   0.0000   0.0000
    60 134.4159   0.0000   0.0000
  0.375000  0.250000  0.125000
  60
     1 -69.8821  -0.0000  -0.0000
     2 -35.0319  -0.0000   0.0000
     3 -34.9472  -0.0000  -0.0000
     4 -34.9176  -0.0000  -0.0000
     5 -12.6004   0.0000   0.0000
     6   2.1289   0.0000  -0.0000
     7   4.3271   0.0000  -0.0000
     8   5.0022   0.0000  -0.0000
     9  19.6948   0.0000   0.0000
    10  20.6917   0.0000   0.0000
    11  26.5988   0.0000  -0.0000
    12  29.1115   0.0000   0.0000
    13  29.2923   0.0000  -0.0000
    14  34.4472   0.0000  -0.0000
    15  39.3285   0.0000  -0.0000
    16  41.4339   0.0000  -0.0000
    17  43.7778   0.0000  -0.0000
    18  44.7339   0.0000  -0.0000
    19  47.1224   0.0000  -0.0000
    20  51.2411   0.0000   0.0000
    21  53.5176   0.0000   0.0000
    22  57.8576   0.0000  -0.0000
    23  60.1042   0.0000   0.0000
    24  63.3960   0.0000   0.0000
    25  67.0438   0.0000   0.0000
    26  72.0104   0.0000   0.0000
    27  74.0429   0.0000   0.0000
    28  75.5115   0.0000  -0.0000
    29  76.2584   0.0000   0.0000
    30  80.0518   0.0000  -0.0000
    31  82.6213   0.0000  -0.0000
    32  83.7205   0.0000  -0.0000
    33  84.0798   0.0000   0.0000
    34  84.3644   0.0000  -0.0000
    35  85.6810   0.0000  -0.0000
    36  88.3937   0.0000   0.0000
    37  90.2107   0.0000  -0.0000
    38  90.6743   0.0000  -0.0000
    39  96.3608   0.0000  -0.0000
    40  97.5298   0.0000  -0.0000
    41  99.0629   0.0000   0.0000
    42 100.3676   0.0000   0.0000
    43 101.1438   0.0000   0.0000
    44 102.1063   0.0000   0.0000
    45 102.2201   0.0000   0.0000
    46 106.2267   0.0000   0.0000
    47 107.3105   0.0000   0.0000
    48 110.7037   0.0000  -0.0000
    49 112.6316   0.0000  -0.0000
    50 112.7617   0.0000  -0.0000
    51 113.6440   0.0000  -0.0000
    52 119.8030   0.0000  -0.0000
    53 120.4221   0.0000  -0.0000
    54 122.7840   0.0000  -0.0000
    55 125.1003   0.0000   0.0000
    56 126.3573   0.0000  -0.0000
    57 127.7303   0.0000  -0.0000
    58 131.4740   0.0000  -0.0000
    59 131.8868   0.0000  -0.0000
    60 134.4437   0.0000   0.0000
  0.500000  0.250000  0.125000
  60
     1 -69.8736  -0.0000   0.0000
     2 -35.0745  -0.0000   0.0000
     3 -34.9673  -0.0000  -0.0000
     4 -34.9280  -0.0000  -0.0000
     5 -11.9451   0.0000  -0.0000
     6   1.0781   0.0000   0.0000
     7   3.5415   0.0000   0.0000
     8   4.6427   0.0000  -0.0000
     9  19.8682   0.0000   0.0000
    10  21.9291   0.0000  -0.0000
    11  25.5050   0.0000  -0.0000
    12  29.0062   0.0000  -0.0000
    13  31.3132   0.0000  -0.0000
    14  34.8149   0.0000  -0.0000
    15  39.5267   0.0000   0.0000
    16  43.0616   0.0000  -0.0000
    17  43.6477   0.0000   0.0000
    18  46.2098   0.0000  -0.0000
    19  47.1414   0.0000   0.0000
    20  53.1927   0.0000  -0.0000
    21  55.1724   0.0000   0.0000
    22  55.6896   0.0000  -0.0000
    23  60.5874   0.0000   0.0000
    24  64.9012   0.0000  -0.0000
    25  66.4461   0.0000  -0.0000
    26  68.6187   0.0000  -0.0000
    27  70.7525   0.0000  -0.0000
    28  73.0210   0.0000   0.0000
    29  75.4430   0.0000  -0.0000
    30  75.9492   0.0000  -0.0000
    31  77.0799   0.0000  -0.0000
    32  80.6551   0.0000  -0.0000
    33  81.4323   0.0000   0.0000
    34  83.4073   0.0000  -0.0000
    35  84.3491   0.0000   0.0000
    36  88.6547   0.0000   0.0000
    37  90.5175   0.0000  -0.0000
    38  94.0574   0.0000   0.0000
    39  95.0767   0.0000  -0.0000
    40  98.9462   0.0000   0.0000
    41 100.0180   0.0000   0.0000
    42 100.5509   0.0000  -0.0000
    43 102.7461   0.0000  -0.0000
    44 104.8586   0.0000  -0.0000
    45 105.8084   0.0000   0.0000
    46 107.7530   0.0000  -0.0000
    47 110.1291   0.0000  -0.0000
    48 114.4781   0.0000  -0.0000
    49 115.0916   0.0000   0.0000
    50 117.4467   0.0000  -0.0000
    51 119.2397   0.0000   0.0000
    52 120.9152   0.0000  -0.0000
    53 121.9026   0.0000   0.0000
    54 122.2928   0.0000   0.0000
    55 124.8765   0.0000  -0.0000
    56 127.0355   0.0000   0.0000
    57 129.2266   0.0000  -0.0000
    58 131.7155   0.0000   0.0000
    59 132.6324   0.0000   0.0000
    60 135.5346   0.0000  -0.0000
 -0.375000  0.250000  0.125000
  60
     1 -69.8701  -0.0000   0.0000
     2 -35.0930  -0.0000   0.0000
     3 -34.9721  -0.0000  -0.0000
     4 -34.9347  -0.0000   0.0000
     5 -11.6442   0.0000   0.0000
     6   0.6027   0.0000   0.0000
     7   3.2622   0.0000   0.0000
     8   4.4812   0.0000  -0.0000
     9  19.7607   0.0000   0.0000
    10  22.8446   0.0000  -0.0000
    11  25.2004   0.0000  -0.0000
    12  28.7813   0.0000  -0.0000
    13  32.5150   0.0000  -0.0000
    14  34.5274   0.0000   0.0000
    15  39.5451   0.0000   0.0000
    16  42.6517   0.0000   0.0000
    17  43.6058   0.0000   0.0000
    18  45.6764   0.0000   0.0000
    19  50.0427   0.0000  -0.0000
    20  50.6697   0.0000  -0.0000
    21  58.9401   0.0000  -0.0000
    22  59.1622   0.0000   0.0000
    23  61.4575   0.0000   0.0000
    24  62.8908   0.0000   0.0000
    25  64.8480   0.0000   0.0000
    26  65.6825   0.0000  -0.0000
    27  69.1585   0.0000   0.0000
    28  70.9450   0.0000   0.0000
    29  73.2337   0.0000   0.0000
    30  75.1952   0.0000   0.0000
    31  76.6775   0.0000  -0.0000
    32  80.2626   0.0000   0.0000
    33  80.7833   0.0000   0.0000
    34  82.8493   0.0000  -0.0000
    35  84.6052   0.0000  -0.0000
    36  87.5816   0.0000   0.0000
    37  91.8596   0.0000   0.0000
    38  92.8353   0.0000   0.0000
    39  96.5982   0.0000   0.0000
    40  97.3433   0.0000   0.0000
    41  99.5761   0.0000   0.0000
    42 100.0689   0.0000  -0.0000
    43 104.6756   0.0000   0.0000
    44 106.3756   0.0000  -0.0000
    45 109.3664   0.0000   0.0000
    46 112.0986   0.0000   0.0000
    47 112.8726   0.0000  -0.0000
    48 114.9632   0.0000  -0.0000
    49 116.4951   0.0000   0.0000
    50 117.8755   0.0000  -0.0000
    51 120.7994   0.0000   0.0000
    52 120.8469   0.0000   0.0000
    53 122.7955   0.0000  -0.0000
    54 124.1386   0.0000   0.0000
    55 125.4824   0.0000  -0.0000
    56 126.0427   0.0000  -0.0000
    57 129.3231   0.0000   0.0000
    58 129.3821   0.0000   0.0000
    59 130.6456   0.0000  -0.0000
    60 130.8266   0.0000  -0.0000
  0.500000  0.375000  0.125000
  60
     1 -69.8701  -0.0000   0.0000
     2 -35.0648  -0.0000   0.0000
     3 -34.9754  -0.0000  -0.0000
     4 -34.9535  -0.0000  -0.0000
     5 -11.8143   0.0000  -0.0000
     6   1.1156   0.0000   0.0000
     7   3.6065   0.0000  -0.0000
     8   4.2012   0.0000   0.0000
     9  19.2998   0.0000   0.0000
    10  21.7085   0.0000   0.0000
    11  24.4861   0.0000  -0.0000
    12  29.8407   0.0000   0.0000
    13  31.4865   0.0000   0.0000
    14  36.9755   0.0000  -0.0000
    15  42.0354   0.0000  -0.0000
    16  42.1453   0.0000  -0.0000
    17  43.4088   0.0000  -0.0000
    18  47.4117   0.0000   0.0000
    19  47.9615   0.0000   0.0000
    20  53.2736   0.0000  -0.0000
    21  53.2939   0.0000   0.0000
    22  58.0310   0.0000   0.0000
    23  59.0696   0.0000   0.0000
    24  60.4517   0.0000   0.0000
    25  64.8873   0.0000   0.0000
    26  66.9426   0.0000   0.0000
    27  72.0999   0.0000  -0.0000
    28  73.0517   0.0000   0.0000
    29  73.7207   0.0000   0.0000
    30  74.8605   0.0000   0.0000
    31  79.0366   0.0000  -0.0000
    32  79.1829   0.0000  -0.0000
    33  81.8748   0.0000  -0.0000
    34  82.6141   0.0000  -0.0000
    35  85.7525   0.0000   0.0000
    36  86.8500   0.0000  -0.0000
    37  93.9212   0.0000   0.0000
    38  94.6166   0.0000  -0.0000
    39  97.3081   0.0000   0.0000
    40  98.4464   0.0000  -0.0000
    41  99.4760   0.0000  -0.0000
    42  99.7477   0.0000  -0.0000
    43 101.1093   0.0000  -0.0000
    44 104.8886   0.0000  -0.0000
    45 106.7645   0.0000   0.0000
    46 108.8583   0.0000   0.0000
    47 111.7831   0.0000   0.0000
    48 113.8055   0.0000  -0.0000
    49 115.9633   0.0000  -0.0000
    50 116.3495   0.0000   0.0000
    51 117.0744   0.0000  -0.0000
    52 120.4706   0.0000   0.0000
    53 123.1098   0.0000   0.0000
    54 124.7682   0.0000   0.0000
    55 127.1533   0.0000   0.0000
    56 128.1659   0.0000  -0.0000
    57 132.3918   0.0000  -0.0000
    58 132.9423   0.0000  -0.0000
    59 134.4490   0.0000  -0.0000
    60 134.9136   0.0000  -0.0000
 -0.375000  0.375000  0.125000
  60
     1 -69.8666  -0.0000   0.0000
     2 -35.0592  -0.0000  -0.0000
     3 -35.0063  -0.0000   0.0000
     4 -34.9583  -0.0000  -0.0000
     5 -11.5166   0.0000  -0.0000
     6   1.2321   0.0000   0.0000
     7   2.5546   0.0000   0.0000
     8   4.0147   0.0000  -0.0000
     9  20.1907   0.0000   0.0000
    10  22.6125   0.0000  -0.0000
    11  23.9816   0.0000   0.0000
    12  28.9454   0.0000  -0.0000
    13  32.5028   0.0000   0.0000
    14  35.9177   0.0000  -0.0000
    15  41.1051   0.0000  -0.0000
    16  42.6799   0.0000   0.0000
    17  43.6482   0.0000  -0.0000
    18  47.3862   0.0000  -0.0000
    19  51.1354   0.0000   0.0000
    20  53.9064   0.0000  -0.0000
    21  55.6839   0.0000   0.0000
    22  57.3663   0.0000   0.0000
    23  59.7898   0.0000  -0.0000
    24  62.3239   0.0000  -0.0000
    25  62.9396   0.0000  -0.0000
    26  64.9529   0.0000   0.0000
    27  68.9990   0.0000  -0.0000
    28  70.6541   0.0000  -0.0000
    29  74.3981   0.0000  -0.0000
    30  74.9763   0.0000   0.0000
    31  75.6059   0.0000  -0.0000
    32  78.0508   0.0000  -0.0000
    33  79.1415   0.0000  -0.0000
    34  81.7309   0.0000   0.0000
    35  83.5104   0.0000   0.0000
    36  87.3808   0.0000   0.0000
    37  92.9318   0.0000   0.0000
    38  95.5300   0.0000  -0.0000
    39  97.7588   0.0000   0.0000
    40  99.3194   0.0000   0.0000
    41 101.5600   0.0000   0.0000
    42 105.7145   0.0000  -0.0000
    43 105.8104   0.0000   0.0000
    44 106.9428   0.0000  -0.0000
    45 108.7948   0.0000  -0.0000
    46 109.3778   0.0000   0.0000
    47 112.9429   0.0000   0.0000
    48 113.5458   0.0000  -0.0000
    49 115.3651   0.0000   0.0000
    50 116.2272   0.0000   0.0000
    51 119.7676   0.0000  -0.0000
    52 120.0644   0.0000  -0.0000
    53 122.5704   0.0000  -0.0000
    54 124.3087   0.0000   0.0000
    55 125.4900   0.0000   0.0000
    56 127.2522   0.0000  -0.0000
    57 129.4905   0.0000  -0.0000
    58 132.6391   0.0000   0.0000
    59 133.4126   0.0000  -0.0000
    60 133.5138   0.0000  -0.0000
 -0.250000  0.375000  0.125000
  60
     1 -69.8680  -0.0000   0.0000
     2 -35.0546  -0.0000  -0.0000
     3 -35.0145  -0.0000  -0.0000
     4 -34.9448  -0.0000   0.0000
     5 -11.5755   0.0000  -0.0000
     6   1.4294   0.0000  -0.0000
     7   2.2609   0.0000   0.0000
     8   4.2387   0.0000   0.0000
     9  21.0843   0.0000   0.0000
    10  21.7655   0.0000   0.0000
    11  24.6187   0.0000  -0.0000
    12  28.8346   0.0000  -0.0000
    13  33.3274   0.0000  -0.0000
    14  33.3860   0.0000   0.0000
    15  41.8568   0.0000  -0.0000
    16  42.3504   0.0000   0.0000
    17  43.3802   0.0000   0.0000
    18  48.1611   0.0000  -0.0000
    19  48.6881   0.0000   0.0000
    20  54.8625   0.0000  -0.0000
    21  55.0980   0.0000  -0.0000
    22  58.1336   0.0000   0.0000
    23  59.2305   0.0000   0.0000
    24  62.6432   0.0000  -0.0000
    25  64.7192   0.0000  -0.0000
    26  67.9722   0.0000   0.0000
    27  69.4244   0.0000   0.0000
    28  70.5929   0.0000   0.0000
    29  70.6247   0.0000   0.0000
    30  75.8569   0.0000  -0.0000
    31  76.3947   0.0000  -0.0000
    32  79.1355   0.0000  -0.0000
    33  79.4670   0.0000  -0.0000
    34  80.6177   0.0000  -0.0000
    35  83.1628   0.0000  -0.0000
    36  87.9870   0.0000   0.0000
    37  91.8879   0.0000   0.0000
    38  96.0755   0.0000  -0.0000
    39  99.1801   0.0000   0.0000
    40  99.5195   0.0000  -0.0000
    41 101.2365   0.0000  -0.0000
    42 103.2481   0.0000   0.0000
    43 104.8874   0.0000   0.0000
    44 107.8090   0.0000  -0.0000
    45 108.4621   0.0000  -0.0000
    46 110.3906   0.0000   0.0000
    47 110.6248   0.0000   0.0000
    48 114.1746   0.0000  -0.0000
    49 115.1874   0.0000  -0.0000
    50 115.7910   0.0000  -0.0000
    51 118.6644   0.0000   0.0000
    52 119.2366   0.0000  -0.0000
    53 124.4553   0.0000  -0.0000
    54 125.9246   0.0000   0.0000
    55 126.8193   0.0000  -0.0000
    56 128.9023   0.0000   0.0000
    57 129.4511   0.0000   0.0000
    58 130.9566   0.0000  -0.0000
    59 131.0874   0.0000   0.0000
    60 132.8321   0.0000   0.0000
 -0.375000  0.500000  0.125000
  60
     1 -69.8651  -0.0000  -0.0000
     2 -35.0707  -0.0000   0.0000
     3 -34.9872  -0.0000  -0.0000
     4 -34.9739  -0.0000   0.0000
     5 -11.5019   0.0000  -0.0000
     6   0.8516   0.0000   0.0000
     7   3.3388   0.0000  -0.0000
     8   3.8109   0.0000  -0.0000
     9  18.8004   0.0000   0.0000
    10  22.4749   0.0000   0.0000
    11  23.8319   0.0000  -0.0000
    12  29.9967   0.0000   0.0000
    13  32.4706   0.0000  -0.0000
    14  38.9652   0.0000  -0.0000
    15  39.9377   0.0000  -0.0000
    16  41.6280   0.0000  -0.0000
    17  44.7473   0.0000   0.0000
    18  49.6946   0.0000   0.0000
    19  51.0212   0.0000  -0.0000
    20  53.5696   0.0000  -0.0000
    21  54.9363   0.0000  -0.0000
    22  56.7221   0.0000   0.0000
    23  58.5557   0.0000  -0.0000
    24  59.7649   0.0000  -0.0000
    25  62.0937   0.0000  -0.0000
    26  64.7377   0.0000  -0.0000
    27  65.8656   0.0000  -0.0000
    28  72.1583   0.0000   0.0000
    29  75.9871   0.0000  -0.0000
    30  76.4649   0.0000  -0.0000
    31  77.5788   0.0000  -0.0000
    32  77.9917   0.0000  -0.0000
    33  81.4236   0.0000   0.0000
    34  82.0355   0.0000  -0.0000
    35  82.4634   0.0000   0.0000
    36  86.6061   0.0000  -0.0000
    37  94.6185   0.0000   0.0000
    38  94.9336   0.0000   0.0000
    39  96.3424   0.0000   0.0000
    40  97.7475   0.0000  -0.0000
    41 100.2413   0.0000  -0.0000
    42 100.8982   0.0000  -0.0000
    43 101.8805   0.0000  -0.0000
    44 110.5124   0.0000  -0.0000
    45 110.7585   0.0000   0.0000
    46 113.0967   0.0000  -0.0000
    47 113.3891   0.0000   0.0000
    48 113.5672   0.0000   0.0000
    49 117.2275   0.0000   0.0000
    50 117.6068   0.0000  -0.0000
    51 119.2091   0.0000  -0.0000
    52 121.2654   0.0000  -0.0000
    53 123.2845   0.0000  -0.0000
    54 124.7113   0.0000  -0.0000
    55 127.1305   0.0000  -0.0000
    56 128.2425   0.0000   0.0000
    57 128.9667   0.0000   0.0000
    58 129.6739   0.0000   0.0000
    59 131.8991   0.0000   0.0000
    60 132.9786   0.0000  -0.0000
 -0.250000  0.500000  0.250000
  60
     1 -69.8651  -0.0000   0.0000
     2 -35.0287  -0.0000  -0.0000
     3 -35.0287  -0.0000  -0.0000
     4 -34.9776  -0.0000  -0.0000
     5 -11.4285   0.0000   0.0000
     6   1.9269   0.0000   0.0000
     7   1.9269   0.0000   0.0000
     8   3.5332   0.0000  -0.0000
     9  21.6702   0.0000   0.0000
    10  21.6702   0.0000   0.0000
    11  24.0279   0.0000  -0.0000
    12  27.8457   0.0000   0.0000
    13  34.5007   0.0000   0.0000
    14  34.5007   0.0000  -0.0000
    15  40.1534   0.0000  -0.0000
    16  43.2311   0.0000   0.0000
    17  45.6629   0.0000   0.0000
    18  47.8685   0.0000   0.0000
    19  52.6577   0.0000  -0.0000
    20  52.6577   0.0000   0.0000
    21  55.8318   0.0000  -0.0000
    22  56.8785   0.0000   0.0000
    23  56.8785   0.0000   0.0000
    24  62.7964   0.0000  -0.0000
    25  67.2283   0.0000  -0.0000
    26  67.2283   0.0000   0.0000
    27  68.3446   0.0000   0.0000
    28  68.6414   0.0000  -0.0000
    29  71.8862   0.0000  -0.0000
    30  71.8862   0.0000  -0.0000
    31  75.0773   0.0000  -0.0000
    32  76.5965   0.0000  -0.0000
    33  80.5835   0.0000  -0.0000
    34  80.7421   0.0000  -0.0000
    35  80.7421   0.0000   0.0000
    36  88.2927   0.0000   0.0000
    37  96.7624   0.0000   0.0000
    38  96.7624   0.0000  -0.0000
    39  96.8117   0.0000  -0.0000
    40 104.3022   0.0000   0.0000
    41 104.3022   0.0000  -0.0000
    42 106.1693   0.0000  -0.0000
    43 107.7031   0.0000   0.0000
    44 107.9473   0.0000   0.0000
    45 108.1396   0.0000  -0.0000
    46 108.3737   0.0000   0.0000
    47 108.3737   0.0000  -0.0000
    48 109.0870   0.0000  -0.0000
    49 116.9182   0.0000   0.0000
    50 116.9182   0.0000   0.0000
    51 119.0630   0.0000  -0.0000
    52 119.6149   0.0000   0.0000
    53 121.1432   0.0000   0.0000
    54 126.9203   0.0000   0.0000
    55 127.6865   0.0000   0.0000
    56 127.6865   0.0000  -0.0000
    57 128.5983   0.0000  -0.0000
    58 130.0515   0.0000  -0.0000
    59 130.0515   0.0000   0.0000
    60 136.6765   0.0000   0.0000
