          29           1
  0.000000  0.000000  0.000000
  60
     1 -67.3457  -6.4322   0.0000
     2 -32.2244  -3.9341   0.0000
     3 -32.2244  -3.9341   0.0000
     4 -32.2244  -3.9341   0.0000
     5 -13.3938  -3.1198   0.0000
     6   8.0111  -1.6310   0.0000
     7   8.0111  -1.6310   0.0000
     8   8.0111  -1.6310   0.0000
     9  21.4127   1.0587   0.0000
    10  29.4412   1.5753   0.0000
    11  29.4412   1.5753   0.0000
    12  29.4412   1.5753   0.0000
    13  34.6520   1.6168   0.0000
    14  37.5481   1.7764   0.0000
    15  37.5481   1.7764   0.0000
    16  46.3978   2.3534   0.0000
    17  46.3977   2.3533   0.0000
    18  46.3978   2.3533   0.0000
    19  63.9358   2.4227   0.0000
    20  63.9358   2.4227   0.0000
    21  63.9358   2.4227   0.0000
    22  68.3631   2.2987   0.0000
    23  78.0261   2.3218   0.0000
    24  78.0261   2.3218   0.0000
    25  78.0261   2.3219   0.0000
    26  84.9306   2.3186   0.0000
    27  84.9306   2.3186   0.0000
    28  85.9852   2.5168   0.0000
    29  85.9852   2.5168   0.0000
    30  85.9852   2.5168   0.0000
    31  99.7352   2.5186   0.0000
    32  99.7352   2.5186   0.0000
    33 101.4224   2.6229   0.0000
    34 110.0239   2.3675   0.0000
    35 110.0239   2.3675   0.0000
    36 110.0239   2.3675   0.0000
    37 111.8583   2.7024   0.0000
    38 111.8582   2.7024   0.0000
    39 111.8583   2.7024   0.0000
    40 117.7992   2.7489   0.0000
    41 117.7992   2.7489   0.0000
    42 117.7992   2.7489   0.0000
    43 119.7170   2.6732   0.0000
    44 119.7170   2.6732   0.0000
    45 119.7170   2.6732   0.0000
    46 121.7025   2.6509   0.0000
    47 121.7025   2.6509   0.0000
    48 121.7025   2.6509   0.0000
    49 122.2226   2.4293   0.0000
    50 125.4443   2.3218   0.0000
    51 125.4443   2.3218   0.0000
    52 125.4443   2.3218   0.0000
    53 126.4678   2.2447   0.0000
    54 126.4678   2.2447   0.0000
    55 127.0215   2.4623   0.0000
    56 127.0215   2.4623   0.0000
    57 127.0215   2.4623   0.0000
    58 128.8414   2.6502   0.0000
    59 132.4609   2.4486   0.0000
    60 143.8574   3.0468   0.0000
  0.125000  0.000000  0.000000
  60
     1 -67.3351  -6.4335   0.0000
     2 -32.3004  -3.9295   0.0000
     3 -32.2290  -3.9332   0.0000
     4 -32.2290  -3.9332   0.0000
     5 -13.0253  -3.1172   0.0000
     6   6.8534  -1.6181   0.0000
     7   7.7862  -1.6285   0.0000
     8   7.7862  -1.6285   0.0000
     9  22.1883   1.0750   0.0000
    10  27.4421   1.4727   0.0000
    11  30.1068   1.5920   0.0000
    12  30.1068   1.5920   0.0000
    13  37.1841   1.7992   0.0000
    14  37.1841   1.7992   0.0000
    15  38.2849   1.7200   0.0000
    16  45.9720   2.3058   0.0000
    17  47.7760   2.3525   0.0000
    18  47.7760   2.3525   0.0000
    19  61.5195   2.3252   0.0000
    20  63.1549   2.3563   0.0000
    21  63.1549   2.3563   0.0000
    22  70.1141   2.3353   0.0000
    23  74.0371   2.3506   0.0000
    24  74.0371   2.3506   0.0000
    25  80.1045   2.4219   0.0000
    26  82.4654   2.3472   0.0000
    27  82.4654   2.3472   0.0000
    28  86.5249   2.5211   0.0000
    29  94.7093   2.5317   0.0000
    30  94.7093   2.5317   0.0000
    31  98.1670   2.5173   0.0000
    32  98.1670   2.5173   0.0000
    33 100.4418   2.5981   0.0000
    34 105.2213   2.4025   0.0000
    35 106.2844   2.4251   0.0000
    36 106.2844   2.4251   0.0000
    37 107.9415   2.5252   0.0000
    38 111.2676   2.5690   0.0000
    39 111.2676   2.5690   0.0000
    40 111.5796   2.6476   0.0000
    41 111.5796   2.6476   0.0000
    42 112.5457   2.6306   0.0000
    43 118.1948   2.5431   0.0000
    44 118.4306   2.3674   0.0000
    45 118.4306   2.3674   0.0000
    46 120.3360   2.5536   0.0000
    47 122.1671   2.6498   0.0000
    48 124.5319   2.5778   0.0000
    49 124.5319   2.5778   0.0000
    50 127.6163   2.6019   0.0000
    51 127.6163   2.6019   0.0000
    52 128.9300   2.6594   0.0000
    53 128.9300   2.6594   0.0000
    54 129.9514   2.6931   0.0000
    55 131.0189   2.7071   0.0000
    56 133.3946   2.4145   0.0000
    57 137.2421   2.6350   0.0000
    58 137.7453   2.3833   0.0000
    59 137.7453   2.3833   0.0000
    60 143.5130   2.9055   0.0000
  0.250000  0.000000  0.000000
  60
     1 -67.3094  -6.4365   0.0000
     2 -32.4790  -3.9187   0.0000
     3 -32.2401  -3.9311   0.0000
     4 -32.2401  -3.9311   0.0000
     5 -12.0444  -3.1160   0.0000
     6   4.3115  -1.6497   0.0000
     7   7.2742  -1.6275   0.0000
     8   7.2742  -1.6275   0.0000
     9  22.7654   1.1822   0.0000
    10  26.7887   1.3468   0.0000
    11  31.5544   1.6308   0.0000
    12  31.5544   1.6308   0.0000
    13  37.1389   1.8436   0.0000
    14  37.1389   1.8436   0.0000
    15  41.9725   2.0257   0.0000
    16  47.3464   2.0496   0.0000
    17  50.8394   2.3898   0.0000
    18  50.8394   2.3898   0.0000
    19  58.3482   2.1851   0.0000
    20  59.6761   2.1579   0.0000
    21  59.6761   2.1579   0.0000
    22  70.3551   2.4069   0.0000
    23  70.3551   2.4069   0.0000
    24  72.9930   2.3577   0.0000
    25  83.8272   2.5962   0.0000
    26  83.6642   2.3561   0.0000
    27  83.6642   2.3561   0.0000
    28  88.1411   2.5348   0.0000
    29  91.8799   2.5049   0.0000
    30  91.8799   2.5049   0.0000
    31  93.7598   2.3957   0.0000
    32  97.7627   2.3892   0.0000
    33 100.1768   2.4160   0.0000
    34 100.1768   2.4160   0.0000
    35 104.2195   2.6429   0.0000
    36 104.2195   2.6429   0.0000
    37 104.5439   2.6223   0.0000
    38 105.5504   2.5957   0.0000
    39 108.2146   2.4906   0.0000
    40 108.2146   2.4906   0.0000
    41 111.5069   2.4937   0.0000
    42 111.5069   2.4937   0.0000
    43 116.0754   2.4596   0.0000
    44 116.3183   2.4551   0.0000
    45 116.3183   2.4551   0.0000
    46 118.9840   2.6516   0.0000
    47 126.3177   2.6773   0.0000
    48 127.6636   2.7437   0.0000
    49 127.6636   2.7437   0.0000
    50 129.9570   2.8134   0.0000
    51 132.3794   2.6254   0.0000
    52 132.3794   2.6254   0.0000
    53 138.3770   2.6776   0.0000
    54 138.3770   2.6776   0.0000
    55 140.1818   2.7260   0.0000
    56 141.7740   2.6929   0.0000
    57 143.9616   2.6462   0.0000
    58 143.9616   2.6462   0.0000
    59 146.4881   2.3932   0.0000
    60 152.4223   2.4840   0.0000
  0.375000  0.000000  0.000000
  60
     1 -67.2836  -6.4395   0.0000
     2 -32.6512  -3.9085   0.0000
     3 -32.2512  -3.9289   0.0000
     4 -32.2512  -3.9289   0.0000
     5 -10.8640  -3.1359   0.0000
     6   1.8694  -1.6852   0.0000
     7   6.7994  -1.6311   0.0000
     8   6.7994  -1.6311   0.0000
     9  22.1529   1.1784   0.0000
    10  28.3501   1.4021   0.0000
    11  32.4062   1.6579   0.0000
    12  32.4062   1.6579   0.0000
    13  38.8310   1.9361   0.0000
    14  38.8310   1.9361   0.0000
    15  41.3614   2.0978   0.0000
    16  50.7327   2.0278   0.0000
    17  53.0369   2.3009   0.0000
    18  53.0369   2.3009   0.0000
    19  55.1525   2.1414   0.0000
    20  55.1525   2.1414   0.0000
    21  59.8457   2.0659   0.0000
    22  71.0068   2.4007   0.0000
    23  71.0068   2.4007   0.0000
    24  75.4145   2.2902   0.0000
    25  81.1115   2.4134   0.0000
    26  83.9351   2.4475   0.0000
    27  83.9351   2.4475   0.0000
    28  86.2659   2.3615   0.0000
    29  86.2659   2.3615   0.0000
    30  88.3398   2.6710   0.0000
    31  90.8138   2.5634   0.0000
    32  93.1712   2.4143   0.0000
    33  94.6506   2.3844   0.0000
    34  94.6506   2.3844   0.0000
    35  99.6411   2.5544   0.0000
    36 103.9080   2.5726   0.0000
    37 103.9080   2.5726   0.0000
    38 104.3447   2.7026   0.0000
    39 109.5112   2.4622   0.0000
    40 109.5112   2.4622   0.0000
    41 115.5621   2.5277   0.0000
    42 117.2391   2.5822   0.0000
    43 117.2391   2.5822   0.0000
    44 118.2844   2.5287   0.0000
    45 119.4592   2.6380   0.0000
    46 119.4592   2.6380   0.0000
    47 126.4885   2.8046   0.0000
    48 126.7301   2.7234   0.0000
    49 126.7301   2.7234   0.0000
    50 134.9844   2.7099   0.0000
    51 140.4235   2.7108   0.0000
    52 140.4235   2.7108   0.0000
    53 143.7132   2.6716   0.0000
    54 146.4420   2.7591   0.0000
    55 146.4420   2.7591   0.0000
    56 148.5215   2.6133   0.0000
    57 148.5215   2.6133   0.0000
    58 149.2960   2.6494   0.0000
    59 149.2960   2.6494   0.0000
    60 149.9205   2.6251   0.0000
  0.500000  0.000000  0.000000
  60
     1 -67.2729  -6.4407   0.0000
     2 -32.7208  -3.9043   0.0000
     3 -32.2557  -3.9280   0.0000
     4 -32.2557  -3.9280   0.0000
     5 -10.2778  -3.1628   0.0000
     6   0.8194  -1.6831   0.0000
     7   6.6121  -1.6335   0.0000
     8   6.6121  -1.6335   0.0000
     9  21.8734   1.1598   0.0000
    10  29.1928   1.4544   0.0000
    11  32.5417   1.6646   0.0000
    12  32.5417   1.6646   0.0000
    13  40.4832   2.0290   0.0000
    14  40.4832   2.0290   0.0000
    15  40.8827   2.0941   0.0000
    16  50.6442   1.9999   0.0000
    17  50.9701   1.9269   0.0000
    18  50.9701   1.9269   0.0000
    19  55.5450   2.4432   0.0000
    20  55.5450   2.4432   0.0000
    21  67.2566   2.1601   0.0000
    22  69.3963   2.0656   0.0000
    23  73.2950   2.4016   0.0000
    24  73.2950   2.4016   0.0000
    25  79.0710   2.3835   0.0000
    26  79.0710   2.3835   0.0000
    27  81.0347   2.4407   0.0000
    28  85.1359   2.6210   0.0000
    29  89.0244   2.4608   0.0000
    30  89.0244   2.4608   0.0000
    31  90.8305   2.2942   0.0000
    32  90.8305   2.2942   0.0000
    33  93.4619   2.6122   0.0000
    34  93.8431   2.6785   0.0000
    35  95.5322   2.4352   0.0000
    36 103.4225   2.5633   0.0000
    37 103.4225   2.5633   0.0000
    38 104.3652   2.7213   0.0000
    39 109.2236   2.4360   0.0000
    40 109.2236   2.4360   0.0000
    41 115.8909   2.6093   0.0000
    42 117.6002   2.4549   0.0000
    43 118.9287   2.6697   0.0000
    44 118.9287   2.6697   0.0000
    45 121.9109   2.7129   0.0000
    46 121.9109   2.7129   0.0000
    47 126.5136   2.7399   0.0000
    48 134.2404   2.8072   0.0000
    49 134.2404   2.8072   0.0000
    50 135.0978   2.6153   0.0000
    51 135.0978   2.6153   0.0000
    52 139.5023   2.8240   0.0000
    53 143.2907   2.6749   0.0000
    54 145.2861   2.5146   0.0000
    55 147.3879   2.7264   0.0000
    56 147.3879   2.7264   0.0000
    57 152.2638   2.5844   0.0000
    58 152.2638   2.5844   0.0000
    59 156.0533   2.6618   0.0000
    60 156.0570   2.6629   0.0000
  0.125000  0.125000  0.000000
  60
     1 -67.3315  -6.4339   0.0000
     2 -32.2951  -3.9292   0.0000
     3 -32.2449  -3.9323   0.0000
     4 -32.2449  -3.9323   0.0000
     5 -12.9138  -3.1166   0.0000
     6   6.7273  -1.6226   0.0000
     7   7.6185  -1.6266   0.0000
     8   7.6185  -1.6266   0.0000
     9  22.5204   1.0766   0.0000
    10  26.3171   1.4640   0.0000
    11  30.7236   1.6013   0.0000
    12  30.7236   1.6013   0.0000
    13  35.8503   1.7942   0.0000
    14  38.2260   1.7948   0.0000
    15  39.2087   1.7266   0.0000
    16  46.9707   2.3554   0.0000
    17  46.9707   2.3554   0.0000
    18  48.2243   2.3148   0.0000
    19  61.7017   2.3025   0.0000
    20  62.3926   2.3297   0.0000
    21  62.3926   2.3297   0.0000
    22  70.9552   2.3612   0.0000
    23  74.7329   2.3289   0.0000
    24  75.3185   2.3997   0.0000
    25  75.3185   2.3997   0.0000
    26  78.6111   2.3300   0.0000
    27  86.0351   2.3893   0.0000
    28  91.8752   2.5495   0.0000
    29  91.8752   2.5495   0.0000
    30  97.4684   2.5281   0.0000
    31  97.5205   2.5229   0.0000
    32  98.9458   2.4858   0.0000
    33 101.0789   2.6439   0.0000
    34 101.2598   2.4921   0.0000
    35 101.2598   2.4921   0.0000
    36 106.2257   2.2647   0.0000
    37 108.9529   2.5442   0.0000
    38 108.9529   2.5442   0.0000
    39 111.3155   2.3308   0.0000
    40 111.9635   2.6054   0.0000
    41 115.3972   2.5965   0.0000
    42 115.3972   2.5965   0.0000
    43 116.7019   2.5256   0.0000
    44 116.7019   2.5256   0.0000
    45 117.1550   2.5871   0.0000
    46 118.5545   2.5215   0.0000
    47 122.0636   2.6878   0.0000
    48 122.3353   2.8065   0.0000
    49 126.4905   2.3030   0.0000
    50 128.0396   2.7401   0.0000
    51 128.0396   2.7401   0.0000
    52 129.4010   2.7037   0.0000
    53 129.7604   2.4757   0.0000
    54 129.7604   2.4757   0.0000
    55 131.0563   2.3765   0.0000
    56 136.3388   2.7132   0.0000
    57 136.3388   2.7132   0.0000
    58 139.6681   2.6924   0.0000
    59 143.5754   2.2929   0.0000
    60 144.1400   2.6291   0.0000
  0.250000  0.125000  0.000000
  60
     1 -67.3109  -6.4363   0.0000
     2 -32.4245  -3.9212   0.0000
     3 -32.2643  -3.9302   0.0000
     4 -32.2544  -3.9303   0.0000
     5 -12.1669  -3.1153   0.0000
     6   4.9240  -1.6493   0.0000
     7   7.1052  -1.6169   0.0000
     8   7.1638  -1.6286   0.0000
     9  23.5044   1.1849   0.0000
    10  25.0972   1.3322   0.0000
    11  31.9025   1.6428   0.0000
    12  32.1773   1.6450   0.0000
    13  34.8762   1.7902   0.0000
    14  38.7557   1.8446   0.0000
    15  43.2726   1.9281   0.0000
    16  47.3968   2.1797   0.0000
    17  48.8751   2.3523   0.0000
    18  50.7480   2.3760   0.0000
    19  58.3873   2.1761   0.0000
    20  59.3236   2.1800   0.0000
    21  62.4503   2.2491   0.0000
    22  69.7377   2.3789   0.0000
    23  69.9041   2.3115   0.0000
    24  74.5130   2.4208   0.0000
    25  76.5461   2.3980   0.0000
    26  81.8413   2.4814   0.0000
    27  86.0301   2.4712   0.0000
    28  91.5494   2.4408   0.0000
    29  93.6834   2.4812   0.0000
    30  94.6531   2.5587   0.0000
    31  96.2953   2.5163   0.0000
    32  97.4889   2.5154   0.0000
    33  97.8971   2.4715   0.0000
    34 100.5186   2.5909   0.0000
    35 101.2225   2.3234   0.0000
    36 103.8736   2.5271   0.0000
    37 105.4487   2.5502   0.0000
    38 105.3592   2.3712   0.0000
    39 108.0984   2.5306   0.0000
    40 108.6902   2.4500   0.0000
    41 111.9072   2.5637   0.0000
    42 113.2219   2.5617   0.0000
    43 114.3483   2.6104   0.0000
    44 116.3589   2.6508   0.0000
    45 119.7866   2.4874   0.0000
    46 123.3951   2.4939   0.0000
    47 124.7789   2.5684   0.0000
    48 125.4228   2.5577   0.0000
    49 126.0262   2.7222   0.0000
    50 128.7758   2.8008   0.0000
    51 128.8277   2.7243   0.0000
    52 131.0342   2.6764   0.0000
    53 131.0976   2.7116   0.0000
    54 139.0076   2.5706   0.0000
    55 140.9294   2.6706   0.0000
    56 144.0946   2.4913   0.0000
    57 145.0408   2.6652   0.0000
    58 145.7318   2.7616   0.0000
    59 145.8347   2.6219   0.0000
    60 149.9713   2.6840   0.0000
  0.375000  0.125000  0.000000
  60
     1 -67.2852  -6.4392   0.0000
     2 -32.5869  -3.9115   0.0000
     3 -32.2756  -3.9281   0.0000
     4 -32.2726  -3.9275   0.0000
     5 -11.0788  -3.1274   0.0000
     6   2.6916  -1.6808   0.0000
     7   6.4105  -1.6116   0.0000
     8   6.7101  -1.6347   0.0000
     9  22.9635   1.2033   0.0000
    10  26.7573   1.3334   0.0000
    11  31.9820   1.6696   0.0000
    12  33.1542   1.6839   0.0000
    13  36.2422   1.8424   0.0000
    14  40.1034   1.9474   0.0000
    15  43.6566   2.1297   0.0000
    16  51.0395   2.0223   0.0000
    17  52.0581   2.3205   0.0000
    18  52.1301   2.3441   0.0000
    19  54.1444   2.0719   0.0000
    20  57.9684   2.1192   0.0000
    21  61.4151   2.1610   0.0000
    22  67.7856   2.2870   0.0000
    23  69.3616   2.3864   0.0000
    24  77.0949   2.3985   0.0000
    25  78.6832   2.4162   0.0000
    26  81.4888   2.4034   0.0000
    27  84.7235   2.5043   0.0000
    28  86.4397   2.4321   0.0000
    29  87.0120   2.4389   0.0000
    30  89.3026   2.5592   0.0000
    31  92.4150   2.4519   0.0000
    32  94.5554   2.4042   0.0000
    33  96.3920   2.3942   0.0000
    34  97.2880   2.5924   0.0000
    35 100.3943   2.4476   0.0000
    36 102.9608   2.5328   0.0000
    37 103.3939   2.4630   0.0000
    38 105.8977   2.4953   0.0000
    39 107.2447   2.6924   0.0000
    40 109.3293   2.5483   0.0000
    41 113.3660   2.5697   0.0000
    42 115.4210   2.6281   0.0000
    43 117.4833   2.6855   0.0000
    44 118.5118   2.7153   0.0000
    45 122.1646   2.5154   0.0000
    46 122.1223   2.4385   0.0000
    47 125.5332   2.6854   0.0000
    48 128.2633   2.6109   0.0000
    49 128.7535   2.8342   0.0000
    50 132.0414   2.4831   0.0000
    51 134.9642   2.5602   0.0000
    52 136.3166   2.7987   0.0000
    53 139.6093   2.7664   0.0000
    54 140.3416   2.7066   0.0000
    55 146.6458   2.7256   0.0000
    56 147.3900   2.8117   0.0000
    57 147.8280   2.8161   0.0000
    58 151.9400   2.6180   0.0000
    59 153.5617   2.6312   0.0000
    60 154.2247   2.7281   0.0000
  0.500000  0.125000  0.000000
  60
     1 -67.2694  -6.4411   0.0000
     2 -32.6822  -3.9059   0.0000
     3 -32.2955  -3.9252   0.0000
     4 -32.2722  -3.9273   0.0000
     5 -10.2727  -3.1574   0.0000
     6   1.2630  -1.6786   0.0000
     7   5.9304  -1.6167   0.0000
     8   6.4970  -1.6378   0.0000
     9  22.6850   1.1654   0.0000
    10  28.1975   1.4113   0.0000
    11  31.7667   1.6680   0.0000
    12  33.3059   1.6969   0.0000
    13  38.6478   1.9428   0.0000
    14  41.0310   2.0301   0.0000
    15  43.1341   2.1262   0.0000
    16  50.4010   1.9684   0.0000
    17  50.6973   2.0244   0.0000
    18  52.2352   2.1546   0.0000
    19  55.7372   2.3762   0.0000
    20  57.4186   2.2817   0.0000
    21  65.6461   2.0990   0.0000
    22  70.8487   2.2490   0.0000
    23  72.0079   2.3838   0.0000
    24  72.3871   2.2076   0.0000
    25  76.6171   2.3435   0.0000
    26  79.3266   2.3630   0.0000
    27  81.5512   2.4459   0.0000
    28  82.4758   2.4983   0.0000
    29  86.6063   2.6229   0.0000
    30  87.4682   2.3916   0.0000
    31  88.6883   2.5271   0.0000
    32  92.5046   2.3869   0.0000
    33  94.4315   2.5663   0.0000
    34  98.3203   2.4253   0.0000
    35  99.6313   2.6568   0.0000
    36 102.8273   2.4432   0.0000
    37 103.4702   2.5601   0.0000
    38 103.9683   2.4626   0.0000
    39 107.9704   2.5491   0.0000
    40 108.1630   2.6802   0.0000
    41 111.7087   2.5803   0.0000
    42 116.7456   2.6879   0.0000
    43 122.1986   2.8689   0.0000
    44 122.5131   2.5742   0.0000
    45 122.7500   2.5139   0.0000
    46 126.4876   2.6409   0.0000
    47 127.6525   2.6887   0.0000
    48 132.0971   2.5928   0.0000
    49 135.0769   2.7627   0.0000
    50 135.5535   2.6611   0.0000
    51 135.7577   2.6734   0.0000
    52 137.9443   2.6803   0.0000
    53 142.4765   2.6292   0.0000
    54 144.3715   2.6600   0.0000
    55 144.8576   2.5562   0.0000
    56 145.3097   2.7006   0.0000
    57 149.1211   2.8112   0.0000
    58 150.2936   2.7255   0.0000
    59 151.6867   2.6865   0.0000
    60 153.9584   2.5990   0.0000
 -0.375000  0.125000  0.000000
  60
     1 -67.2730  -6.4407   0.0000
     2 -32.6608  -3.9073   0.0000
     3 -32.3081  -3.9249   0.0000
     4 -32.2563  -3.9282   0.0000
     5 -10.4498  -3.1487   0.0000
     6   1.5902  -1.6796   0.0000
     7   5.8844  -1.6150   0.0000
     8   6.6293  -1.6348   0.0000
     9  22.8815   1.1698   0.0000
    10  27.9282   1.3915   0.0000
    11  31.8851   1.6674   0.0000
    12  33.2309   1.6953   0.0000
    13  38.3843   1.9135   0.0000
    14  39.7288   1.9876   0.0000
    15  43.3694   2.1325   0.0000
    16  50.6162   2.0084   0.0000
    17  52.0294   2.2357   0.0000
    18  52.5848   2.0591   0.0000
    19  54.5039   2.3175   0.0000
    20  58.1810   2.2443   0.0000
    21  63.0178   2.0787   0.0000
    22  68.5153   2.3063   0.0000
    23  71.8901   2.3428   0.0000
    24  75.2924   2.2165   0.0000
    25  78.5869   2.4143   0.0000
    26  80.4940   2.3816   0.0000
    27  82.2267   2.5117   0.0000
    28  82.8498   2.4229   0.0000
    29  86.8124   2.3833   0.0000
    30  87.1332   2.4633   0.0000
    31  88.3276   2.6443   0.0000
    32  92.7072   2.4490   0.0000
    33  94.6043   2.5014   0.0000
    34  98.0604   2.4389   0.0000
    35  98.9488   2.6207   0.0000
    36 103.4547   2.4601   0.0000
    37 104.8660   2.5663   0.0000
    38 105.3168   2.4548   0.0000
    39 108.0619   2.6239   0.0000
    40 108.5158   2.6121   0.0000
    41 109.6969   2.5020   0.0000
    42 117.8894   2.7825   0.0000
    43 119.8707   2.7700   0.0000
    44 122.1213   2.6015   0.0000
    45 122.6131   2.6356   0.0000
    46 125.7885   2.5887   0.0000
    47 126.1408   2.5496   0.0000
    48 130.9494   2.6317   0.0000
    49 132.6002   2.6633   0.0000
    50 134.4488   2.6743   0.0000
    51 137.8611   2.8102   0.0000
    52 139.8566   2.7272   0.0000
    53 142.0294   2.6512   0.0000
    54 142.8266   2.6220   0.0000
    55 144.4506   2.6912   0.0000
    56 147.5090   2.7119   0.0000
    57 148.1805   2.5490   0.0000
    58 149.5504   2.6824   0.0000
    59 151.9183   2.6286   0.0000
    60 154.2751   2.7508   0.0000
 -0.250000  0.125000  0.000000
  60
     1 -67.2937  -6.4383   0.0000
     2 -32.5372  -3.9148   0.0000
     3 -32.2998  -3.9268   0.0000
     4 -32.2370  -3.9303   0.0000
     5 -11.4342  -3.1211   0.0000
     6   3.4287  -1.6713   0.0000
     7   6.3135  -1.6046   0.0000
     8   7.0509  -1.6297   0.0000
     9  23.4829   1.1987   0.0000
    10  26.2632   1.3122   0.0000
    11  32.0827   1.6572   0.0000
    12  32.5835   1.6691   0.0000
    13  35.9158   1.8252   0.0000
    14  38.6798   1.9160   0.0000
    15  43.9278   2.1117   0.0000
    16  49.2018   2.1529   0.0000
    17  51.7061   2.2164   0.0000
    18  52.5656   2.4240   0.0000
    19  54.3574   2.0376   0.0000
    20  59.4832   2.1527   0.0000
    21  61.5863   2.1568   0.0000
    22  66.7896   2.3317   0.0000
    23  68.9483   2.3126   0.0000
    24  76.3070   2.4365   0.0000
    25  79.5458   2.4434   0.0000
    26  84.4704   2.5844   0.0000
    27  84.7879   2.4138   0.0000
    28  87.3473   2.4652   0.0000
    29  89.7257   2.4462   0.0000
    30  91.2153   2.4412   0.0000
    31  91.6412   2.4095   0.0000
    32  95.1505   2.4168   0.0000
    33  96.5639   2.4204   0.0000
    34  96.8088   2.5617   0.0000
    35  99.8946   2.4950   0.0000
    36 104.3178   2.6552   0.0000
    37 106.0346   2.6123   0.0000
    38 107.0894   2.3131   0.0000
    39 108.3782   2.5107   0.0000
    40 109.1214   2.5846   0.0000
    41 110.1276   2.4225   0.0000
    42 113.5121   2.5728   0.0000
    43 115.3081   2.7158   0.0000
    44 117.5794   2.6741   0.0000
    45 120.0069   2.6855   0.0000
    46 123.6217   2.5028   0.0000
    47 125.9647   2.8041   0.0000
    48 128.7299   2.5858   0.0000
    49 129.5734   2.6941   0.0000
    50 129.9741   2.5867   0.0000
    51 131.8198   2.5852   0.0000
    52 137.9010   2.6989   0.0000
    53 137.9103   2.5959   0.0000
    54 141.4316   2.7822   0.0000
    55 142.0537   2.6017   0.0000
    56 142.9643   2.7759   0.0000
    57 147.6184   2.5728   0.0000
    58 148.8579   2.6481   0.0000
    59 152.1158   2.7216   0.0000
    60 152.6864   2.8037   0.0000
 -0.125000  0.125000  0.000000
  60
     1 -67.3194  -6.4353   0.0000
     2 -32.3869  -3.9240   0.0000
     3 -32.2676  -3.9303   0.0000
     4 -32.2257  -3.9324   0.0000
     5 -12.4631  -3.1152   0.0000
     6   5.5627  -1.6386   0.0000
     7   7.1198  -1.6088   0.0000
     8   7.5398  -1.6283   0.0000
     9  23.2034   1.1151   0.0000
    10  25.9054   1.3931   0.0000
    11  30.9138   1.6217   0.0000
    12  31.4756   1.6217   0.0000
    13  36.0178   1.8044   0.0000
    14  37.7121   1.8375   0.0000
    15  41.8112   1.8386   0.0000
    16  46.8681   2.2537   0.0000
    17  47.9612   2.3106   0.0000
    18  50.3257   2.3883   0.0000
    19  58.3389   2.1915   0.0000
    20  61.7088   2.2885   0.0000
    21  63.2616   2.2946   0.0000
    22  68.6369   2.3146   0.0000
    23  71.3408   2.2895   0.0000
    24  73.7137   2.4388   0.0000
    25  79.5521   2.4168   0.0000
    26  81.9783   2.4961   0.0000
    27  82.9283   2.3838   0.0000
    28  93.3267   2.5709   0.0000
    29  95.3653   2.5582   0.0000
    30  95.9245   2.4923   0.0000
    31  96.3661   2.5205   0.0000
    32  98.5798   2.4157   0.0000
    33  98.8911   2.5214   0.0000
    34  99.2460   2.4295   0.0000
    35 101.8956   2.4938   0.0000
    36 103.5042   2.4220   0.0000
    37 103.7553   2.5887   0.0000
    38 108.2316   2.5210   0.0000
    39 109.2246   2.6376   0.0000
    40 110.3299   2.2457   0.0000
    41 111.1285   2.5224   0.0000
    42 113.5046   2.6657   0.0000
    43 113.8000   2.3489   0.0000
    44 118.3681   2.5572   0.0000
    45 118.7995   2.5429   0.0000
    46 120.2079   2.7538   0.0000
    47 121.2826   2.7382   0.0000
    48 126.4192   2.8766   0.0000
    49 128.3236   2.4998   0.0000
    50 129.8513   2.6860   0.0000
    51 129.7792   2.4382   0.0000
    52 131.0934   2.4781   0.0000
    53 133.8756   2.5970   0.0000
    54 134.5125   2.6111   0.0000
    55 135.6958   2.5672   0.0000
    56 139.1309   2.9470   0.0000
    57 139.1422   2.8144   0.0000
    58 141.5357   2.7395   0.0000
    59 146.0480   2.4165   0.0000
    60 148.5142   2.3987   0.0000
  0.250000  0.250000  0.000000
  60
     1 -67.2974  -6.4378   0.0000
     2 -32.4448  -3.9178   0.0000
     3 -32.2953  -3.9282   0.0000
     4 -32.2953  -3.9282   0.0000
     5 -11.7519  -3.1164   0.0000
     6   4.2583  -1.6725   0.0000
     7   6.8073  -1.6354   0.0000
     8   6.8073  -1.6354   0.0000
     9  22.8547   1.3448   0.0000
    10  24.7932   1.2001   0.0000
    11  32.5808   1.7274   0.0000
    12  33.8176   1.7084   0.0000
    13  33.8176   1.7084   0.0000
    14  40.2039   1.8463   0.0000
    15  46.9747   1.8487   0.0000
    16  48.7712   2.3493   0.0000
    17  48.7712   2.3493   0.0000
    18  50.6951   2.3339   0.0000
    19  58.7725   2.1437   0.0000
    20  58.7725   2.1437   0.0000
    21  59.6692   2.1441   0.0000
    22  65.5838   2.2392   0.0000
    23  73.5088   2.5020   0.0000
    24  73.5088   2.5020   0.0000
    25  76.0631   2.4218   0.0000
    26  80.2604   2.3546   0.0000
    27  86.7615   2.5592   0.0000
    28  88.3911   2.4624   0.0000
    29  88.3911   2.4624   0.0000
    30  92.8577   2.1683   0.0000
    31  95.6771   2.4519   0.0000
    32  96.9865   2.5000   0.0000
    33 100.6291   2.7099   0.0000
    34 100.7849   2.6504   0.0000
    35 100.7849   2.6504   0.0000
    36 105.1359   2.4040   0.0000
    37 105.1359   2.4040   0.0000
    38 106.9981   2.3969   0.0000
    39 108.5955   2.4677   0.0000
    40 111.3097   2.5597   0.0000
    41 112.2274   2.5302   0.0000
    42 112.8211   2.5628   0.0000
    43 112.8211   2.5628   0.0000
    44 115.1605   2.4754   0.0000
    45 118.6347   2.5455   0.0000
    46 118.6347   2.5455   0.0000
    47 118.9046   2.7215   0.0000
    48 128.1101   2.7215   0.0000
    49 130.7510   3.0029   0.0000
    50 130.7510   3.0029   0.0000
    51 132.8644   2.8190   0.0000
    52 133.2287   2.3520   0.0000
    53 137.0210   2.4982   0.0000
    54 137.0210   2.4982   0.0000
    55 138.7714   2.4301   0.0000
    56 145.0727   2.6645   0.0000
    57 152.2283   2.8231   0.0000
    58 152.2283   2.8231   0.0000
    59 152.8921   2.8054   0.0000
    60 153.2019   2.7521   0.0000
  0.375000  0.250000  0.000000
  60
     1 -67.2768  -6.4401   0.0000
     2 -32.5386  -3.9115   0.0000
     3 -32.3259  -3.9249   0.0000
     4 -32.3151  -3.9262   0.0000
     5 -10.9723  -3.1259   0.0000
     6   2.9997  -1.6995   0.0000
     7   6.0282  -1.6185   0.0000
     8   6.4311  -1.6448   0.0000
     9  22.2968   1.2726   0.0000
    10  26.0477   1.2854   0.0000
    11  30.9997   1.6614   0.0000
    12  35.0894   1.7726   0.0000
    13  35.7816   1.8170   0.0000
    14  41.7282   1.9295   0.0000
    15  48.0518   2.2205   0.0000
    16  50.4475   2.2694   0.0000
    17  50.5634   2.2534   0.0000
    18  52.5830   2.0048   0.0000
    19  55.3476   2.0939   0.0000
    20  57.5780   2.1013   0.0000
    21  62.5513   2.1816   0.0000
    22  64.4443   2.2211   0.0000
    23  69.1257   2.3855   0.0000
    24  73.6326   2.5148   0.0000
    25  79.1406   2.4144   0.0000
    26  80.0840   2.4022   0.0000
    27  82.7205   2.4370   0.0000
    28  84.4828   2.4854   0.0000
    29  86.1276   2.5462   0.0000
    30  88.6180   2.2724   0.0000
    31  92.7174   2.4142   0.0000
    32  94.8678   2.4965   0.0000
    33  97.5040   2.4720   0.0000
    34 100.5671   2.6839   0.0000
    35 101.0640   2.4218   0.0000
    36 101.8055   2.3941   0.0000
    37 105.5113   2.5293   0.0000
    38 106.8886   2.5932   0.0000
    39 107.5919   2.6900   0.0000
    40 109.3048   2.6257   0.0000
    41 114.1666   2.5363   0.0000
    42 116.4377   2.5885   0.0000
    43 116.8748   2.5096   0.0000
    44 118.0234   2.5826   0.0000
    45 120.6266   2.7045   0.0000
    46 120.6125   2.5197   0.0000
    47 122.8926   2.5296   0.0000
    48 129.1683   2.7632   0.0000
    49 131.0636   2.8782   0.0000
    50 133.0411   2.6778   0.0000
    51 133.2347   2.5268   0.0000
    52 138.0589   2.6626   0.0000
    53 139.0232   2.7180   0.0000
    54 143.1230   2.7452   0.0000
    55 147.0307   2.7223   0.0000
    56 147.7321   2.8187   0.0000
    57 148.7073   2.5640   0.0000
    58 152.1011   2.7094   0.0000
    59 152.5474   2.5138   0.0000
    60 156.4592   2.8719   0.0000
  0.500000  0.250000  0.000000
  60
     1 -67.2611  -6.4419   0.0000
     2 -32.6018  -3.9082   0.0000
     3 -32.3774  -3.9203   0.0000
     4 -32.3120  -3.9254   0.0000
     5 -10.2367  -3.1486   0.0000
     6   2.1386  -1.6852   0.0000
     7   4.8627  -1.6136   0.0000
     8   6.2347  -1.6492   0.0000
     9  22.9992   1.2264   0.0000
    10  27.2405   1.3416   0.0000
    11  30.2185   1.6297   0.0000
    12  35.2548   1.7931   0.0000
    13  37.1136   1.8960   0.0000
    14  42.7380   2.0278   0.0000
    15  47.4652   2.2152   0.0000
    16  48.9734   2.0093   0.0000
    17  50.0048   2.1499   0.0000
    18  53.7125   2.0751   0.0000
    19  56.5045   2.2740   0.0000
    20  62.3259   2.2783   0.0000
    21  64.3647   2.0699   0.0000
    22  67.3734   2.2158   0.0000
    23  67.6293   2.2596   0.0000
    24  72.1878   2.2737   0.0000
    25  74.1196   2.5095   0.0000
    26  77.8468   2.3936   0.0000
    27  79.3570   2.2717   0.0000
    28  84.2712   2.4342   0.0000
    29  84.7536   2.4366   0.0000
    30  88.3674   2.4858   0.0000
    31  89.5100   2.6744   0.0000
    32  89.8849   2.4540   0.0000
    33  95.3190   2.3856   0.0000
    34  98.2876   2.7151   0.0000
    35 100.1951   2.3565   0.0000
    36 100.7071   2.5863   0.0000
    37 103.1348   2.5534   0.0000
    38 105.7401   2.5215   0.0000
    39 109.7129   2.7061   0.0000
    40 110.3661   2.6099   0.0000
    41 116.4275   2.5580   0.0000
    42 117.1644   2.6715   0.0000
    43 122.3974   2.5007   0.0000
    44 123.6745   2.7205   0.0000
    45 124.1166   2.9117   0.0000
    46 125.5575   2.4781   0.0000
    47 130.6871   2.5213   0.0000
    48 131.3845   2.6409   0.0000
    49 133.2825   2.5637   0.0000
    50 133.6025   2.6050   0.0000
    51 136.0552   2.6296   0.0000
    52 137.6118   2.7808   0.0000
    53 137.6713   2.5833   0.0000
    54 142.6230   2.7643   0.0000
    55 146.7952   2.6867   0.0000
    56 147.3305   2.7833   0.0000
    57 148.9330   2.7900   0.0000
    58 149.5411   2.6991   0.0000
    59 152.3167   2.5853   0.0000
    60 154.1957   2.8092   0.0000
 -0.375000  0.250000  0.000000
  60
     1 -67.2596  -6.4421   0.0000
     2 -32.5985  -3.9095   0.0000
     3 -32.4208  -3.9170   0.0000
     4 -32.2879  -3.9263   0.0000
     5 -10.0713  -3.1575   0.0000
     6   2.1676  -1.6574   0.0000
     7   4.1811  -1.6280   0.0000
     8   6.3167  -1.6451   0.0000
     9  24.1242   1.2295   0.0000
    10  26.9516   1.3365   0.0000
    11  30.7625   1.6371   0.0000
    12  35.1207   1.7985   0.0000
    13  37.9008   1.9148   0.0000
    14  39.2929   1.8806   0.0000
    15  47.2439   2.2320   0.0000
    16  49.9949   2.1595   0.0000
    17  50.5379   2.2023   0.0000
    18  54.3460   2.0778   0.0000
    19  57.2795   2.1771   0.0000
    20  60.2516   2.2338   0.0000
    21  65.3031   2.2141   0.0000
    22  67.8775   2.0770   0.0000
    23  70.9654   2.3531   0.0000
    24  73.1686   2.2825   0.0000
    25  74.1548   2.2015   0.0000
    26  76.7146   2.3881   0.0000
    27  77.1866   2.4616   0.0000
    28  82.7734   2.4007   0.0000
    29  85.1476   2.4196   0.0000
    30  87.0984   2.4916   0.0000
    31  89.2761   2.5027   0.0000
    32  90.0709   2.6246   0.0000
    33  93.1866   2.4499   0.0000
    34  95.3632   2.7132   0.0000
    35 100.8783   2.3567   0.0000
    36 103.0436   2.6265   0.0000
    37 103.6530   2.5820   0.0000
    38 103.9406   2.5548   0.0000
    39 111.3448   2.5048   0.0000
    40 113.0020   2.7468   0.0000
    41 114.2385   2.5919   0.0000
    42 117.1377   2.7104   0.0000
    43 122.4100   2.7044   0.0000
    44 125.2037   2.7035   0.0000
    45 126.1904   2.6423   0.0000
    46 127.6546   2.5786   0.0000
    47 130.7879   2.4854   0.0000
    48 132.5531   2.7216   0.0000
    49 133.3153   2.5269   0.0000
    50 134.6102   2.5512   0.0000
    51 137.0148   2.7451   0.0000
    52 137.3370   2.7088   0.0000
    53 140.8149   2.5580   0.0000
    54 142.6779   2.6335   0.0000
    55 144.0619   2.7012   0.0000
    56 144.9152   2.5943   0.0000
    57 146.1276   2.6235   0.0000
    58 148.8760   2.7617   0.0000
    59 150.2649   2.8077   0.0000
    60 155.3549   2.7561   0.0000
 -0.250000  0.250000  0.000000
  60
     1 -67.2731  -6.4406   0.0000
     2 -32.5706  -3.9122   0.0000
     3 -32.3907  -3.9198   0.0000
     4 -32.2569  -3.9283   0.0000
     5 -10.6135  -3.1376   0.0000
     6   2.7630  -1.6747   0.0000
     7   4.7530  -1.6022   0.0000
     8   6.6465  -1.6362   0.0000
     9  25.0636   1.2448   0.0000
    10  25.5452   1.2722   0.0000
    11  31.4058   1.6592   0.0000
    12  35.2593   1.8175   0.0000
    13  35.3056   1.7435   0.0000
    14  39.0988   1.9593   0.0000
    15  46.8580   2.2314   0.0000
    16  49.2501   2.1412   0.0000
    17  52.4326   2.3628   0.0000
    18  52.7602   2.0563   0.0000
    19  55.7124   2.1394   0.0000
    20  61.5187   2.0618   0.0000
    21  63.6092   2.2561   0.0000
    22  64.4773   2.2162   0.0000
    23  66.1345   2.2384   0.0000
    24  77.6729   2.5167   0.0000
    25  79.0143   2.4031   0.0000
    26  81.6180   2.3000   0.0000
    27  81.7768   2.4261   0.0000
    28  84.5018   2.4445   0.0000
    29  85.6757   2.4245   0.0000
    30  86.4363   2.4619   0.0000
    31  90.4113   2.5276   0.0000
    32  92.2839   2.5567   0.0000
    33  92.9422   2.4344   0.0000
    34  94.3437   2.4871   0.0000
    35 102.5592   2.7485   0.0000
    36 103.2678   2.2562   0.0000
    37 104.6533   2.4018   0.0000
    38 105.8252   2.7398   0.0000
    39 110.1668   2.6580   0.0000
    40 111.7736   2.4271   0.0000
    41 112.9952   2.6186   0.0000
    42 115.5444   2.6580   0.0000
    43 116.7694   2.8055   0.0000
    44 122.1551   2.5632   0.0000
    45 124.0673   2.5639   0.0000
    46 124.3155   2.7372   0.0000
    47 128.6981   2.7849   0.0000
    48 130.7769   2.6303   0.0000
    49 132.9694   2.5002   0.0000
    50 133.1530   2.5008   0.0000
    51 133.2978   2.5601   0.0000
    52 138.4750   2.7890   0.0000
    53 139.6621   2.7770   0.0000
    54 144.2567   2.5169   0.0000
    55 144.4608   2.6890   0.0000
    56 146.7707   2.7702   0.0000
    57 146.6482   2.6285   0.0000
    58 149.6163   2.5927   0.0000
    59 150.5405   2.5975   0.0000
    60 152.5002   2.8668   0.0000
  0.375000  0.375000  0.000000
  60
     1 -67.2634  -6.4415   0.0000
     2 -32.5671  -3.9070   0.0000
     3 -32.3465  -3.9242   0.0000
     4 -32.3465  -3.9242   0.0000
     5 -10.5974  -3.1319   0.0000
     6   2.3511  -1.7249   0.0000
     7   6.1403  -1.6562   0.0000
     8   6.1403  -1.6562   0.0000
     9  20.6911   1.2643   0.0000
    10  26.7073   1.4052   0.0000
    11  30.0569   1.5793   0.0000
    12  37.0079   1.8869   0.0000
    13  37.0079   1.8869   0.0000
    14  43.1641   1.9193   0.0000
    15  49.2339   2.1854   0.0000
    16  50.8999   2.2520   0.0000
    17  50.8999   2.2520   0.0000
    18  56.3220   1.9522   0.0000
    19  56.8388   2.0372   0.0000
    20  56.8388   2.0372   0.0000
    21  58.3185   2.1471   0.0000
    22  62.3465   2.2726   0.0000
    23  71.3258   2.5096   0.0000
    24  71.3258   2.5096   0.0000
    25  79.3136   2.4961   0.0000
    26  79.3136   2.4961   0.0000
    27  79.2969   2.1419   0.0000
    28  82.5733   2.3513   0.0000
    29  82.8717   2.4510   0.0000
    30  84.2968   2.5481   0.0000
    31  95.5804   2.4850   0.0000
    32  97.5363   2.5755   0.0000
    33  99.0304   2.3124   0.0000
    34  99.0304   2.3124   0.0000
    35 100.0818   2.7523   0.0000
    36 101.7658   2.4938   0.0000
    37 105.3803   2.3010   0.0000
    38 105.9037   2.5237   0.0000
    39 110.8054   2.5376   0.0000
    40 110.8054   2.5376   0.0000
    41 112.2381   2.9006   0.0000
    42 112.2381   2.9006   0.0000
    43 113.0575   2.4581   0.0000
    44 115.9182   2.5216   0.0000
    45 123.9118   2.5883   0.0000
    46 123.9118   2.5883   0.0000
    47 126.3080   2.6278   0.0000
    48 133.5884   2.8795   0.0000
    49 133.5884   2.8795   0.0000
    50 136.1430   2.6612   0.0000
    51 136.6115   2.7574   0.0000
    52 142.0344   2.3855   0.0000
    53 145.3026   2.7701   0.0000
    54 145.3026   2.7701   0.0000
    55 146.3318   2.8125   0.0000
    56 146.7501   2.5510   0.0000
    57 146.7501   2.5510   0.0000
    58 148.0745   2.4600   0.0000
    59 155.6011   2.9306   0.0000
    60 156.7127   2.7952   0.0000
  0.500000  0.375000  0.000000
  60
     1 -67.2527  -6.4427   0.0000
     2 -32.5873  -3.9050   0.0000
     3 -32.3915  -3.9212   0.0000
     4 -32.3516  -3.9235   0.0000
     5 -10.1679  -3.1446   0.0000
     6   2.0150  -1.7245   0.0000
     7   5.2838  -1.6281   0.0000
     8   5.9919  -1.6612   0.0000
     9  21.0386   1.2226   0.0000
    10  27.5043   1.5004   0.0000
    11  29.2977   1.4860   0.0000
    12  37.4069   1.9232   0.0000
    13  37.6942   1.9419   0.0000
    14  45.0725   2.0082   0.0000
    15  48.2546   2.0241   0.0000
    16  48.6061   2.1357   0.0000
    17  50.5015   2.2009   0.0000
    18  56.5902   2.0052   0.0000
    19  57.6532   2.2366   0.0000
    20  60.3711   2.0375   0.0000
    21  63.5515   2.0209   0.0000
    22  65.2212   2.3340   0.0000
    23  66.4321   2.3962   0.0000
    24  69.3260   2.4865   0.0000
    25  72.8076   2.2993   0.0000
    26  76.9119   2.2529   0.0000
    27  77.3113   2.5265   0.0000
    28  84.0361   2.5418   0.0000
    29  85.4507   2.4647   0.0000
    30  86.6181   2.4332   0.0000
    31  89.9915   2.4219   0.0000
    32  93.9731   2.4899   0.0000
    33  98.2217   2.9223   0.0000
    34  98.3321   2.2682   0.0000
    35  99.6194   2.5675   0.0000
    36 100.5089   2.3819   0.0000
    37 100.8965   2.3999   0.0000
    38 104.2862   2.4896   0.0000
    39 109.8398   2.4384   0.0000
    40 114.2023   2.7549   0.0000
    41 114.5432   2.9997   0.0000
    42 116.0441   2.5509   0.0000
    43 118.0051   2.6447   0.0000
    44 121.4585   2.5330   0.0000
    45 125.8842   2.5775   0.0000
    46 127.7485   2.6168   0.0000
    47 130.6634   2.8076   0.0000
    48 133.1831   2.6386   0.0000
    49 134.6807   2.6293   0.0000
    50 137.2962   2.6831   0.0000
    51 138.3126   2.7109   0.0000
    52 140.6344   2.7347   0.0000
    53 141.3738   2.5398   0.0000
    54 142.9397   2.5058   0.0000
    55 146.9337   2.7239   0.0000
    56 147.9204   2.8381   0.0000
    57 147.9586   2.8089   0.0000
    58 152.2126   2.7132   0.0000
    59 153.1099   2.8635   0.0000
    60 154.2427   2.5540   0.0000
 -0.375000  0.375000  0.000000
  60
     1 -67.2512  -6.4430   0.0000
     2 -32.5404  -3.9079   0.0000
     3 -32.4826  -3.9162   0.0000
     4 -32.3274  -3.9244   0.0000
     5  -9.9496  -3.1560   0.0000
     6   2.5276  -1.6903   0.0000
     7   3.7475  -1.6166   0.0000
     8   6.0593  -1.6564   0.0000
     9  22.7960   1.2350   0.0000
    10  28.0284   1.3691   0.0000
    11  29.1690   1.5860   0.0000
    12  36.6337   1.8920   0.0000
    13  37.2030   1.9056   0.0000
    14  42.5276   1.9055   0.0000
    15  48.3845   2.1261   0.0000
    16  49.2152   2.1775   0.0000
    17  49.6460   2.2527   0.0000
    18  56.8585   1.9885   0.0000
    19  60.0377   2.2281   0.0000
    20  60.2079   2.1825   0.0000
    21  66.1059   2.1374   0.0000
    22  66.2725   2.2409   0.0000
    23  68.7540   2.4766   0.0000
    24  68.6043   2.2517   0.0000
    25  74.2021   2.2044   0.0000
    26  75.5196   2.1848   0.0000
    27  76.2088   2.4995   0.0000
    28  78.8773   2.2967   0.0000
    29  85.9188   2.5777   0.0000
    30  87.9191   2.5652   0.0000
    31  89.3621   2.4540   0.0000
    32  90.7520   2.5378   0.0000
    33  95.2734   2.3694   0.0000
    34  96.0240   2.9797   0.0000
    35  98.9921   2.2538   0.0000
    36 100.5742   2.3817   0.0000
    37 102.1267   2.6560   0.0000
    38 102.4005   2.5973   0.0000
    39 114.8197   2.5018   0.0000
    40 115.3608   2.9604   0.0000
    41 115.5718   2.7631   0.0000
    42 121.9831   2.3916   0.0000
    43 124.0659   2.6092   0.0000
    44 124.9500   2.5940   0.0000
    45 126.2885   2.7580   0.0000
    46 129.1122   2.5948   0.0000
    47 129.6057   2.5975   0.0000
    48 131.0528   2.6196   0.0000
    49 132.6066   2.6926   0.0000
    50 132.5227   2.5524   0.0000
    51 136.5222   2.7189   0.0000
    52 140.2153   2.6804   0.0000
    53 140.6503   2.6977   0.0000
    54 141.6056   2.5162   0.0000
    55 141.8701   2.5033   0.0000
    56 146.8988   2.7981   0.0000
    57 149.8027   2.8114   0.0000
    58 150.8130   2.7544   0.0000
    59 152.3257   2.7257   0.0000
    60 153.0363   2.8713   0.0000
  0.500000  0.500000  0.000000
  60
     1 -67.2493  -6.4431   0.0000
     2 -32.6103  -3.9027   0.0000
     3 -32.3679  -3.9227   0.0000
     4 -32.3679  -3.9227   0.0000
     5 -10.1296  -3.1444   0.0000
     6   1.6903  -1.7415   0.0000
     7   5.8965  -1.6662   0.0000
     8   5.8965  -1.6662   0.0000
     9  19.9623   1.2360   0.0000
    10  27.0078   1.5457   0.0000
    11  29.6541   1.4684   0.0000
    12  38.4151   1.9935   0.0000
    13  38.4151   1.9935   0.0000
    14  45.2472   1.9709   0.0000
    15  47.8747   2.1014   0.0000
    16  50.8240   2.0909   0.0000
    17  50.8240   2.0909   0.0000
    18  54.8004   2.0900   0.0000
    19  58.9982   2.0360   0.0000
    20  58.9982   2.0360   0.0000
    21  64.4869   2.3835   0.0000
    22  66.7260   1.9742   0.0000
    23  67.2739   2.5026   0.0000
    24  67.2739   2.5026   0.0000
    25  67.5296   2.1113   0.0000
    26  77.3537   2.5747   0.0000
    27  77.3537   2.5747   0.0000
    28  82.6193   2.5031   0.0000
    29  83.8176   2.3944   0.0000
    30  89.0737   2.3970   0.0000
    31  95.0681   2.4797   0.0000
    32  96.9262   2.9599   0.0000
    33  97.5583   2.2518   0.0000
    34  97.5583   2.2518   0.0000
    35  99.0911   2.4659   0.0000
    36  99.3585   2.5334   0.0000
    37  99.8537   2.4205   0.0000
    38 104.6987   2.2963   0.0000
    39 110.1182   2.5299   0.0000
    40 110.1182   2.5299   0.0000
    41 112.3513   2.4532   0.0000
    42 115.6581   3.1000   0.0000
    43 115.6581   3.1000   0.0000
    44 119.0510   2.5697   0.0000
    45 131.2666   2.6617   0.0000
    46 131.2666   2.6617   0.0000
    47 131.7577   2.5286   0.0000
    48 134.9667   2.6210   0.0000
    49 134.9667   2.6210   0.0000
    50 139.0600   2.6670   0.0000
    51 139.0600   2.6670   0.0000
    52 142.1312   2.6494   0.0000
    53 142.9229   2.8095   0.0000
    54 146.3781   2.6550   0.0000
    55 147.9341   2.8688   0.0000
    56 148.6139   2.7643   0.0000
    57 149.4332   3.0108   0.0000
    58 149.4332   3.0108   0.0000
    59 151.1820   2.2708   0.0000
    60 153.9549   2.6156   0.0000
  0.375000  0.250000  0.125000
  60
     1 -67.2903  -6.4386   0.0000
     2 -32.5077  -3.9154   0.0000
     3 -32.3230  -3.9256   0.0000
     4 -32.2621  -3.9289   0.0000
     5 -11.3928  -3.1205   0.0000
     6   3.6749  -1.6800   0.0000
     7   6.1057  -1.6021   0.0000
     8   6.8254  -1.6309   0.0000
     9  23.9991   1.2998   0.0000
    10  24.9353   1.2103   0.0000
    11  31.9504   1.6755   0.0000
    12  33.7977   1.7071   0.0000
    13  34.7256   1.7821   0.0000
    14  39.8771   1.9140   0.0000
    15  46.2497   2.1240   0.0000
    16  48.5231   2.2324   0.0000
    17  51.6856   2.3358   0.0000
    18  51.7132   2.1333   0.0000
    19  54.8654   2.1114   0.0000
    20  59.2899   2.1292   0.0000
    21  62.0129   2.1795   0.0000
    22  66.9160   2.3297   0.0000
    23  69.1328   2.3231   0.0000
    24  73.2726   2.3374   0.0000
    25  78.3718   2.5221   0.0000
    26  83.2655   2.5140   0.0000
    27  85.5229   2.5049   0.0000
    28  86.7298   2.4390   0.0000
    29  87.8942   2.4733   0.0000
    30  93.0054   2.4726   0.0000
    31  94.8209   2.3489   0.0000
    32  96.3115   2.3188   0.0000
    33  96.4872   2.4916   0.0000
    34  97.0579   2.5385   0.0000
    35  98.2163   2.3522   0.0000
    36 102.1128   2.6171   0.0000
    37 104.1248   2.6517   0.0000
    38 104.8888   2.6288   0.0000
    39 110.5847   2.4494   0.0000
    40 112.6179   2.5810   0.0000
    41 114.3991   2.6431   0.0000
    42 115.4240   2.6984   0.0000
    43 116.0697   2.5010   0.0000
    44 117.1025   2.5851   0.0000
    45 117.3689   2.4557   0.0000
    46 122.1617   2.6221   0.0000
    47 123.0197   2.5304   0.0000
    48 127.4939   2.6752   0.0000
    49 129.9533   2.8329   0.0000
    50 129.8232   2.6540   0.0000
    51 130.9089   2.7669   0.0000
    52 137.4700   2.7074   0.0000
    53 138.0723   2.4538   0.0000
    54 141.2590   2.5772   0.0000
    55 143.3979   2.6320   0.0000
    56 145.3026   2.7266   0.0000
    57 147.7554   2.8113   0.0000
    58 151.5566   2.8738   0.0000
    59 151.8700   2.7710   0.0000
    60 154.2249   2.6624   0.0000
  0.500000  0.250000  0.125000
  60
     1 -67.2696  -6.4410   0.0000
     2 -32.5940  -3.9100   0.0000
     3 -32.3630  -3.9215   0.0000
     4 -32.2824  -3.9269   0.0000
     5 -10.5025  -3.1409   0.0000
     6   2.3844  -1.6800   0.0000
     7   5.1614  -1.6083   0.0000
     8   6.3850  -1.6356   0.0000
     9  23.8949   1.2194   0.0000
    10  26.3950   1.3118   0.0000
    11  31.0695   1.6570   0.0000
    12  34.5197   1.7638   0.0000
    13  36.6103   1.8391   0.0000
    14  40.6675   1.9895   0.0000
    15  46.5345   2.1916   0.0000
    16  49.7816   2.0832   0.0000
    17  51.3218   2.2616   0.0000
    18  53.6584   2.0888   0.0000
    19  54.7758   2.2000   0.0000
    20  61.1932   2.1303   0.0000
    21  63.4519   2.1827   0.0000
    22  64.6321   2.2451   0.0000
    23  69.7978   2.3258   0.0000
    24  74.8746   2.3905   0.0000
    25  76.5529   2.3069   0.0000
    26  79.2767   2.3761   0.0000
    27  81.4908   2.3911   0.0000
    28  84.6737   2.5151   0.0000
    29  86.9111   2.4118   0.0000
    30  87.8574   2.5505   0.0000
    31  89.6980   2.6103   0.0000
    32  92.7457   2.3712   0.0000
    33  93.8992   2.4117   0.0000
    34  96.0082   2.4981   0.0000
    35  96.8675   2.4543   0.0000
    36 102.6428   2.6592   0.0000
    37 104.7096   2.6650   0.0000
    38 108.1521   2.5088   0.0000
    39 109.6967   2.6646   0.0000
    40 113.5530   2.5981   0.0000
    41 115.0088   2.5320   0.0000
    42 115.7589   2.5321   0.0000
    43 118.1785   2.6194   0.0000
    44 121.1812   2.7132   0.0000
    45 121.4996   2.6174   0.0000
    46 123.9879   2.5904   0.0000
    47 126.6212   2.6414   0.0000
    48 132.0077   2.6958   0.0000
    49 132.3741   2.6361   0.0000
    50 134.8888   2.7085   0.0000
    51 137.2608   2.5310   0.0000
    52 138.7958   2.5903   0.0000
    53 140.0932   2.6577   0.0000
    54 140.4560   2.8023   0.0000
    55 143.7026   2.6437   0.0000
    56 145.9120   2.7264   0.0000
    57 148.6739   2.7485   0.0000
    58 151.5403   2.6271   0.0000
    59 152.3995   2.8023   0.0000
    60 155.6403   2.5939   0.0000
 -0.375000  0.250000  0.125000
  60
     1 -67.2610  -6.4420   0.0000
     2 -32.6311  -3.9077   0.0000
     3 -32.3725  -3.9199   0.0000
     4 -32.2958  -3.9260   0.0000
     5 -10.0843  -3.1592   0.0000
     6   1.7792  -1.6654   0.0000
     7   4.8214  -1.6208   0.0000
     8   6.1961  -1.6388   0.0000
     9  23.8969   1.1932   0.0000
    10  27.0869   1.3686   0.0000
    11  30.9405   1.6458   0.0000
    12  34.4006   1.7654   0.0000
    13  38.1860   1.8881   0.0000
    14  40.3948   2.0056   0.0000
    15  46.4500   2.1863   0.0000
    16  49.5488   2.0715   0.0000
    17  50.6490   2.1515   0.0000
    18  53.2509   2.0872   0.0000
    19  57.9255   2.2877   0.0000
    20  58.6887   2.2314   0.0000
    21  67.9625   2.2640   0.0000
    22  67.9468   2.0702   0.0000
    23  70.8453   2.2029   0.0000
    24  72.5579   2.2829   0.0000
    25  74.7757   2.4482   0.0000
    26  75.4117   2.3546   0.0000
    27  79.5637   2.3274   0.0000
    28  81.5597   2.3319   0.0000
    29  84.8155   2.5122   0.0000
    30  87.4156   2.6032   0.0000
    31  89.2904   2.6082   0.0000
    32  92.9176   2.5404   0.0000
    33  93.2754   2.3876   0.0000
    34  95.3380   2.4957   0.0000
    35  97.4541   2.5288   0.0000
    36 101.0647   2.6098   0.0000
    37 106.1995   2.7229   0.0000
    38 106.9325   2.5230   0.0000
    39 111.3313   2.6342   0.0000
    40 111.7437   2.6150   0.0000
    41 114.2547   2.4979   0.0000
    42 115.0087   2.4389   0.0000
    43 121.2423   2.7482   0.0000
    44 122.6860   2.7418   0.0000
    45 126.3911   2.6669   0.0000
    46 128.9057   2.7304   0.0000
    47 129.8290   2.7544   0.0000
    48 132.2384   2.5538   0.0000
    49 133.9567   2.5074   0.0000
    50 135.3247   2.5742   0.0000
    51 138.5703   2.6857   0.0000
    52 138.6422   2.4926   0.0000
    53 140.9095   2.6542   0.0000
    54 142.6429   2.7123   0.0000
    55 144.1500   2.6915   0.0000
    56 145.3390   2.6835   0.0000
    57 148.1849   2.6975   0.0000
    58 148.4432   2.7922   0.0000
    59 149.7625   2.6123   0.0000
    60 149.9546   2.6760   0.0000
  0.500000  0.375000  0.125000
  60
     1 -67.2612  -6.4418   0.0000
     2 -32.5685  -3.9084   0.0000
     3 -32.3793  -3.9212   0.0000
     4 -32.3352  -3.9244   0.0000
     5 -10.3834  -3.1398   0.0000
     6   2.4334  -1.7058   0.0000
     7   5.2816  -1.6156   0.0000
     8   5.9469  -1.6410   0.0000
     9  22.3690   1.2310   0.0000
    10  26.9744   1.3461   0.0000
    11  29.8001   1.6075   0.0000
    12  35.7820   1.8422   0.0000
    13  37.2987   1.8850   0.0000
    14  42.8793   1.9922   0.0000
    15  48.5491   2.0843   0.0000
    16  49.8807   2.2119   0.0000
    17  50.4300   2.2663   0.0000
    18  54.5533   1.9526   0.0000
    19  55.6248   2.1758   0.0000
    20  61.1891   2.0479   0.0000
    21  61.7721   2.2302   0.0000
    22  66.9340   2.2362   0.0000
    23  68.2324   2.3728   0.0000
    24  70.1471   2.4411   0.0000
    25  74.6898   2.3462   0.0000
    26  77.0450   2.3722   0.0000
    27  83.5268   2.4422   0.0000
    28  83.7462   2.2086   0.0000
    29  86.1335   2.6242   0.0000
    30  86.5922   2.5905   0.0000
    31  90.6657   2.3388   0.0000
    32  91.9504   2.4942   0.0000
    33  94.1962   2.4849   0.0000
    34  94.6140   2.3839   0.0000
    35  99.1817   2.5793   0.0000
    36 100.9025   2.7633   0.0000
    37 108.8259   2.7017   0.0000
    38 108.7002   2.4832   0.0000
    39 111.8689   2.5665   0.0000
    40 112.9346   2.4062   0.0000
    41 114.5181   2.6805   0.0000
    42 114.5426   2.5638   0.0000
    43 116.7108   2.6366   0.0000
    44 120.5259   2.5961   0.0000
    45 122.4792   2.5293   0.0000
    46 125.8054   2.8818   0.0000
    47 128.0738   2.5028   0.0000
    48 130.8991   2.6003   0.0000
    49 133.7586   2.7803   0.0000
    50 133.7716   2.6299   0.0000
    51 135.1901   2.6967   0.0000
    52 138.7633   2.6296   0.0000
    53 141.5539   2.7768   0.0000
    54 143.4752   2.7408   0.0000
    55 146.4985   2.8252   0.0000
    56 146.9516   2.4197   0.0000
    57 151.9672   2.7418   0.0000
    58 152.6413   2.7879   0.0000
    59 154.0701   2.5839   0.0000
    60 155.3655   2.6837   0.0000
 -0.375000  0.375000  0.125000
  60
     1 -67.2526  -6.4428   0.0000
     2 -32.5546  -3.9093   0.0000
     3 -32.4434  -3.9161   0.0000
     4 -32.3453  -3.9237   0.0000
     5  -9.9755  -3.1554   0.0000
     6   2.5349  -1.6759   0.0000
     7   4.0418  -1.6252   0.0000
     8   5.7117  -1.6390   0.0000
     9  23.7486   1.2340   0.0000
    10  27.1163   1.3314   0.0000
    11  29.6305   1.6081   0.0000
    12  35.0145   1.8198   0.0000
    13  38.5400   1.9387   0.0000
    14  41.8346   1.9902   0.0000
    15  47.9410   2.0773   0.0000
    16  49.8628   2.2179   0.0000
    17  50.6726   2.2362   0.0000
    18  54.5557   1.9478   0.0000
    19  59.0828   2.2300   0.0000
    20  62.3474   2.2510   0.0000
    21  64.2917   2.1987   0.0000
    22  66.1468   2.2031   0.0000
    23  69.2505   2.4091   0.0000
    24  71.7753   2.2448   0.0000
    25  72.3878   2.2508   0.0000
    26  74.7847   2.3560   0.0000
    27  79.2859   2.2838   0.0000
    28  81.1223   2.2206   0.0000
    29  85.7849   2.3904   0.0000
    30  87.2392   2.6081   0.0000
    31  87.2866   2.5113   0.0000
    32  90.6428   2.5772   0.0000
    33  91.4975   2.4992   0.0000
    34  94.2758   2.5720   0.0000
    35  96.9911   2.8027   0.0000
    36 101.0007   2.6098   0.0000
    37 106.9667   2.5146   0.0000
    38 110.0677   2.4995   0.0000
    39 112.3775   2.4657   0.0000
    40 114.7523   2.7692   0.0000
    41 117.5250   2.7242   0.0000
    42 121.3323   2.5785   0.0000
    43 121.7460   2.5910   0.0000
    44 122.8128   2.5840   0.0000
    45 124.8620   2.5308   0.0000
    46 126.0298   2.7105   0.0000
    47 130.0619   2.6661   0.0000
    48 130.6554   2.5716   0.0000
    49 132.5571   2.7101   0.0000
    50 133.7713   2.5989   0.0000
    51 137.5634   2.5645   0.0000
    52 137.7385   2.6572   0.0000
    53 140.9780   2.6728   0.0000
    54 142.7925   2.6850   0.0000
    55 144.1472   2.6787   0.0000
    56 146.3020   2.7869   0.0000
    57 148.8715   2.7724   0.0000
    58 152.5132   2.7245   0.0000
    59 153.2853   2.7025   0.0000
    60 153.6699   2.8553   0.0000
 -0.250000  0.375000  0.125000
  60
     1 -67.2561  -6.4425   0.0000
     2 -32.5494  -3.9117   0.0000
     3 -32.4593  -3.9143   0.0000
     4 -32.3168  -3.9249   0.0000
     5 -10.0299  -3.1554   0.0000
     6   2.7503  -1.6543   0.0000
     7   3.7041  -1.6354   0.0000
     8   5.9346  -1.6373   0.0000
     9  25.3027   1.2743   0.0000
    10  25.7232   1.2756   0.0000
    11  30.3703   1.6297   0.0000
    12  34.7983   1.8118   0.0000
    13  38.8100   1.8813   0.0000
    14  39.3680   1.9502   0.0000
    15  48.8393   2.1352   0.0000
    16  49.5149   2.2624   0.0000
    17  50.6120   2.2356   0.0000
    18  55.3326   1.9836   0.0000
    19  56.5820   2.1728   0.0000
    20  63.3497   2.2480   0.0000
    21  63.7591   2.2482   0.0000
    22  66.6729   2.0752   0.0000
    23  68.4615   2.3794   0.0000
    24  72.0446   2.2814   0.0000
    25  74.7307   2.4260   0.0000
    26  78.1192   2.2063   0.0000
    27  79.8805   2.3291   0.0000
    28  81.0336   2.3096   0.0000
    29  81.4165   2.3326   0.0000
    30  88.0985   2.6118   0.0000
    31  89.2698   2.6905   0.0000
    32  91.2706   2.2895   0.0000
    33  91.5145   2.4886   0.0000
    34  93.5972   2.8029   0.0000
    35  95.8642   2.5646   0.0000
    36 101.7625   2.6780   0.0000
    37 106.2897   2.6337   0.0000
    38 110.3379   2.4402   0.0000
    39 113.7206   2.3695   0.0000
    40 115.1233   2.7735   0.0000
    41 117.3630   2.7260   0.0000
    42 118.8073   2.7847   0.0000
    43 120.3191   2.5785   0.0000
    44 123.8942   2.5603   0.0000
    45 124.5697   2.5201   0.0000
    46 126.8444   2.5903   0.0000
    47 127.0017   2.5893   0.0000
    48 131.3383   2.6075   0.0000
    49 132.5606   2.5871   0.0000
    50 133.5264   2.6905   0.0000
    51 136.4696   2.7078   0.0000
    52 137.1466   2.7283   0.0000
    53 143.0449   2.7457   0.0000
    54 144.6359   2.6540   0.0000
    55 145.6403   2.6787   0.0000
    56 147.7580   2.5944   0.0000
    57 148.5442   2.6074   0.0000
    58 150.2471   2.7126   0.0000
    59 151.0533   2.7301   0.0000
    60 152.7472   2.8423   0.0000
 -0.375000  0.500000  0.125000
  60
     1 -67.2492  -6.4431   0.0000
     2 -32.5743  -3.9054   0.0000
     3 -32.4028  -3.9195   0.0000
     4 -32.3784  -3.9228   0.0000
     5 -10.0011  -3.1507   0.0000
     6   2.1145  -1.7146   0.0000
     7   4.9812  -1.6234   0.0000
     8   5.5249  -1.6443   0.0000
     9  21.7851   1.2054   0.0000
    10  28.1142   1.5669   0.0000
    11  28.6544   1.4070   0.0000
    12  36.2729   1.8795   0.0000
    13  38.8383   1.9994   0.0000
    14  45.0677   2.0219   0.0000
    15  46.4588   2.0246   0.0000
    16  48.9797   2.1707   0.0000
    17  51.4516   2.1345   0.0000
    18  56.8238   1.9616   0.0000
    19  58.8965   2.2503   0.0000
    20  61.4872   2.0825   0.0000
    21  63.6642   2.2467   0.0000
    22  66.1176   2.4334   0.0000
    23  67.8062   2.2977   0.0000
    24  69.0132   2.3002   0.0000
    25  71.1868   2.1598   0.0000
    26  74.8994   2.4499   0.0000
    27  75.7063   2.3119   0.0000
    28  84.5512   2.5741   0.0000
    29  87.6397   2.2916   0.0000
    30  87.9790   2.6233   0.0000
    31  88.9784   2.2673   0.0000
    32  89.8683   2.4748   0.0000
    33  93.8108   2.4995   0.0000
    34  93.9484   2.3822   0.0000
    35  96.6988   3.0224   0.0000
    36 100.5428   2.5840   0.0000
    37 108.5268   2.4134   0.0000
    38 109.0057   2.3444   0.0000
    39 110.4093   2.4191   0.0000
    40 113.2107   2.7546   0.0000
    41 115.5180   2.7393   0.0000
    42 117.2014   2.9998   0.0000
    43 117.1928   2.4854   0.0000
    44 127.0618   2.6227   0.0000
    45 127.3941   2.6588   0.0000
    46 130.3536   2.7770   0.0000
    47 130.4483   2.5329   0.0000
    48 131.0600   2.5838   0.0000
    49 134.7048   2.6871   0.0000
    50 135.0372   2.5526   0.0000
    51 136.3422   2.6404   0.0000
    52 139.8307   2.7521   0.0000
    53 141.3028   2.4470   0.0000
    54 142.8328   2.6550   0.0000
    55 146.0743   2.6635   0.0000
    56 148.0459   2.8519   0.0000
    57 148.1804   2.8396   0.0000
    58 149.3694   2.9618   0.0000
    59 151.0038   2.6928   0.0000
    60 153.1403   2.7894   0.0000
 -0.250000  0.500000  0.250000
  60
     1 -67.2491  -6.4432   0.0000
     2 -32.4880  -3.9122   0.0000
     3 -32.4880  -3.9122   0.0000
     4 -32.3888  -3.9228   0.0000
     5  -9.8690  -3.1579   0.0000
     6   3.3296  -1.6517   0.0000
     7   3.3296  -1.6517   0.0000
     8   5.1603  -1.6255   0.0000
     9  25.5971   1.2747   0.0000
    10  25.5971   1.2747   0.0000
    11  29.7410   1.6123   0.0000
    12  34.0065   1.7805   0.0000
    13  40.6220   2.0106   0.0000
    14  40.6220   2.0106   0.0000
    15  47.0638   2.0469   0.0000
    16  50.4105   2.2465   0.0000
    17  52.6571   2.3011   0.0000
    18  54.5818   1.7770   0.0000
    19  61.0072   2.2476   0.0000
    20  61.0072   2.2476   0.0000
    21  65.0772   2.3765   0.0000
    22  65.5781   2.2626   0.0000
    23  65.5781   2.2626   0.0000
    24  72.6964   2.3474   0.0000
    25  77.0656   2.1724   0.0000
    26  77.0656   2.1724   0.0000
    27  78.3340   2.2492   0.0000
    28  78.6830   2.2078   0.0000
    29  82.7418   2.3786   0.0000
    30  82.7418   2.3786   0.0000
    31  87.7683   2.7526   0.0000
    32  88.3684   2.4214   0.0000
    33  93.3192   2.5051   0.0000
    34  94.0664   2.8643   0.0000
    35  94.0664   2.8643   0.0000
    36 101.9956   2.6345   0.0000
    37 111.1444   2.4542   0.0000
    38 111.1444   2.4542   0.0000
    39 112.6281   2.7647   0.0000
    40 120.1850   2.5659   0.0000
    41 120.1850   2.5659   0.0000
    42 121.9397   2.5596   0.0000
    43 123.6271   2.5393   0.0000
    44 123.5854   2.3827   0.0000
    45 124.7127   2.7265   0.0000
    46 124.7127   2.7265   0.0000
    47 124.7601   2.7251   0.0000
    48 125.4225   2.6468   0.0000
    49 134.1949   2.6263   0.0000
    50 134.1949   2.6263   0.0000
    51 137.0154   2.6354   0.0000
    52 138.1916   2.6717   0.0000
    53 138.5061   2.7011   0.0000
    54 146.1175   2.6610   0.0000
    55 146.3019   2.5839   0.0000
    56 146.3019   2.5839   0.0000
    57 148.5860   2.9532   0.0000
    58 149.6502   2.8791   0.0000
    59 149.6502   2.8791   0.0000
    60 157.0524   2.7926   0.0000
