          29           1
  0.000000  0.000000  0.000000
  60
     1 -66.5315  -0.0000   0.0000
     2 -31.4823  -0.0000   0.0000
     3 -31.4823  -0.0000   0.0000
     4 -31.4823  -0.0000  -0.0000
     5 -12.8587   0.0000   0.0000
     6   8.9011   0.0000   0.0000
     7   8.9014   0.0000  -0.0000
     8   8.9014   0.0000   0.0000
     9  22.7184   0.0000   0.0000
    10  30.1029   0.0000   0.0000
    11  30.1029   0.0000  -0.0000
    12  30.1029   0.0000   0.0000
    13  35.3632   0.0000   0.0000
    14  38.4167   0.0000  -0.0000
    15  38.4167   0.0000   0.0000
    16  47.8237   0.0000  -0.0000
    17  47.8247   0.0000  -0.0000
    18  47.8247   0.0000   0.0000
    19  65.7615   0.0000   0.0000
    20  65.7617   0.0000  -0.0000
    21  65.7617   0.0000  -0.0000
    22  70.2951   0.0000  -0.0000
    23  79.8045   0.0000  -0.0000
    24  79.8045   0.0000   0.0000
    25  79.8045   0.0000   0.0000
    26  86.7517   0.0000   0.0000
    27  86.7517   0.0000   0.0000
    28  87.8062   0.0000   0.0000
    29  87.8062   0.0000   0.0000
    30  87.8062   0.0000   0.0000
    31 102.1250   0.0000  -0.0000
    32 102.1250   0.0000   0.0000
    33 104.4370   0.0000   0.0000
    34 112.5167   0.0000   0.0000
    35 112.5167   0.0000   0.0000
    36 112.5167   0.0000   0.0000
    37 114.5415   0.0000   0.0000
    38 114.5507   0.0000  -0.0000
    39 114.5507   0.0000   0.0000
    40 120.3307   0.0000  -0.0000
    41 120.3311   0.0000  -0.0000
    42 120.3311   0.0000   0.0000
    43 122.2527   0.0000   0.0000
    44 122.2527   0.0000   0.0000
    45 122.2527   0.0000   0.0000
    46 124.2430   0.0000  -0.0000
    47 124.2430   0.0000   0.0000
    48 124.2430   0.0000   0.0000
    49 124.7533   0.0000  -0.0000
    50 128.0458   0.0000   0.0000
    51 128.0458   0.0000  -0.0000
    52 128.0458   0.0000  -0.0000
    53 129.0559   0.0000  -0.0000
    54 129.0559   0.0000  -0.0000
    55 129.7272   0.0000   0.0000
    56 129.7272   0.0000  -0.0000
    57 129.7272   0.0000   0.0000
    58 131.6217   0.0000   0.0000
    59 135.5088   0.0000  -0.0000
    60 147.2534   0.0000   0.0000
  0.125000  0.000000  0.000000
  60
     1 -66.5191  -0.0000  -0.0000
     2 -31.5690  -0.0000  -0.0000
     3 -31.4875  -0.0000   0.0000
     4 -31.4875  -0.0000   0.0000
     5 -12.4667   0.0000   0.0000
     6   7.6845   0.0000   0.0000
     7   8.6557   0.0000   0.0000
     8   8.6558   0.0000   0.0000
     9  23.4832   0.0000   0.0000
    10  28.1151   0.0000   0.0000
    11  30.7981   0.0000   0.0000
    12  30.7981   0.0000  -0.0000
    13  38.1061   0.0000  -0.0000
    14  38.1061   0.0000  -0.0000
    15  39.1098   0.0000   0.0000
    16  47.3451   0.0000  -0.0000
    17  49.1828   0.0000  -0.0000
    18  49.1833   0.0000   0.0000
    19  63.2880   0.0000  -0.0000
    20  64.9023   0.0000  -0.0000
    21  64.9025   0.0000  -0.0000
    22  72.0383   0.0000   0.0000
    23  75.7135   0.0000   0.0000
    24  75.7135   0.0000   0.0000
    25  81.9912   0.0000  -0.0000
    26  84.2671   0.0000   0.0000
    27  84.2672   0.0000  -0.0000
    28  88.3569   0.0000  -0.0000
    29  96.7505   0.0000  -0.0000
    30  96.7506   0.0000  -0.0000
    31 100.4960   0.0000   0.0000
    32 100.4962   0.0000  -0.0000
    33 103.2809   0.0000   0.0000
    34 107.5689   0.0000  -0.0000
    35 108.6595   0.0000   0.0000
    36 108.6597   0.0000  -0.0000
    37 110.5410   0.0000   0.0000
    38 113.6723   0.0000   0.0000
    39 113.6733   0.0000  -0.0000
    40 114.1895   0.0000   0.0000
    41 114.1948   0.0000   0.0000
    42 114.9177   0.0000  -0.0000
    43 120.6563   0.0000   0.0000
    44 120.9117   0.0000  -0.0000
    45 120.9118   0.0000  -0.0000
    46 123.0046   0.0000   0.0000
    47 124.8692   0.0000   0.0000
    48 127.1811   0.0000   0.0000
    49 127.1812   0.0000   0.0000
    50 130.4278   0.0000   0.0000
    51 130.4311   0.0000  -0.0000
    52 131.6364   0.0000  -0.0000
    53 131.6364   0.0000   0.0000
    54 132.6780   0.0000  -0.0000
    55 134.0661   0.0000   0.0000
    56 136.1823   0.0000   0.0000
    57 140.2837   0.0000  -0.0000
    58 140.5907   0.0000  -0.0000
    59 140.5908   0.0000   0.0000
    60 146.8088   0.0000  -0.0000
  0.250000  0.000000  0.000000
  60
     1 -66.4889  -0.0000  -0.0000
     2 -31.7723  -0.0000   0.0000
     3 -31.5001  -0.0000   0.0000
     4 -31.5001  -0.0000   0.0000
     5 -11.4201   0.0000  -0.0000
     6   5.0178   0.0000  -0.0000
     7   8.0997   0.0000   0.0000
     8   8.0997   0.0000  -0.0000
     9  23.7837   0.0000  -0.0000
    10  27.7863   0.0000   0.0000
    11  32.3316   0.0000   0.0000
    12  32.3316   0.0000   0.0000
    13  38.1305   0.0000   0.0000
    14  38.1305   0.0000  -0.0000
    15  43.1565   0.0000   0.0000
    16  48.4813   0.0000  -0.0000
    17  52.2735   0.0000  -0.0000
    18  52.2735   0.0000   0.0000
    19  60.0287   0.0000  -0.0000
    20  61.1516   0.0000  -0.0000
    21  61.1516   0.0000   0.0000
    22  72.0513   0.0000   0.0000
    23  72.0513   0.0000   0.0000
    24  74.8904   0.0000   0.0000
    25  85.5054   0.0000   0.0000
    26  85.5054   0.0000   0.0000
    27  85.8971   0.0000  -0.0000
    28  90.0059   0.0000   0.0000
    29  93.9949   0.0000   0.0000
    30  93.9949   0.0000  -0.0000
    31  96.0078   0.0000   0.0000
    32  99.9605   0.0000  -0.0000
    33 102.3946   0.0000  -0.0000
    34 102.3946   0.0000  -0.0000
    35 106.5404   0.0000  -0.0000
    36 106.5404   0.0000  -0.0000
    37 107.3570   0.0000  -0.0000
    38 107.7776   0.0000  -0.0000
    39 110.6198   0.0000   0.0000
    40 110.6198   0.0000  -0.0000
    41 114.0194   0.0000  -0.0000
    42 114.0194   0.0000  -0.0000
    43 118.5199   0.0000  -0.0000
    44 118.7971   0.0000  -0.0000
    45 118.7971   0.0000   0.0000
    46 121.7399   0.0000   0.0000
    47 129.1492   0.0000   0.0000
    48 130.5644   0.0000  -0.0000
    49 130.5645   0.0000   0.0000
    50 132.9878   0.0000   0.0000
    51 135.2495   0.0000  -0.0000
    52 135.2507   0.0000  -0.0000
    53 141.2860   0.0000  -0.0000
    54 141.2893   0.0000  -0.0000
    55 143.1206   0.0000   0.0000
    56 144.9204   0.0000   0.0000
    57 147.1000   0.0000   0.0000
    58 147.1000   0.0000  -0.0000
    59 149.6120   0.0000  -0.0000
    60 155.5862   0.0000  -0.0000
  0.375000  0.000000  0.000000
  60
     1 -66.4586  -0.0000  -0.0000
     2 -31.9675  -0.0000  -0.0000
     3 -31.5125  -0.0000   0.0000
     4 -31.5125  -0.0000  -0.0000
     5 -10.1474   0.0000   0.0000
     6   2.4402   0.0000   0.0000
     7   7.5871   0.0000  -0.0000
     8   7.5871   0.0000   0.0000
     9  23.0282   0.0000  -0.0000
    10  29.5412   0.0000   0.0000
    11  33.2992   0.0000  -0.0000
    12  33.2992   0.0000   0.0000
    13  39.8572   0.0000   0.0000
    14  39.8572   0.0000   0.0000
    15  42.6380   0.0000   0.0000
    16  52.0813   0.0000  -0.0000
    17  54.5134   0.0000  -0.0000
    18  54.5134   0.0000  -0.0000
    19  56.4310   0.0000   0.0000
    20  56.4310   0.0000   0.0000
    21  61.3163   0.0000   0.0000
    22  72.7115   0.0000   0.0000
    23  72.7115   0.0000   0.0000
    24  77.2083   0.0000   0.0000
    25  83.0564   0.0000  -0.0000
    26  85.8434   0.0000  -0.0000
    27  85.8434   0.0000   0.0000
    28  88.1678   0.0000   0.0000
    29  88.1678   0.0000  -0.0000
    30  90.4592   0.0000  -0.0000
    31  92.7323   0.0000  -0.0000
    32  95.5192   0.0000   0.0000
    33  96.7476   0.0000   0.0000
    34  96.7476   0.0000  -0.0000
    35 101.7477   0.0000  -0.0000
    36 106.3068   0.0000  -0.0000
    37 106.3068   0.0000  -0.0000
    38 107.0975   0.0000  -0.0000
    39 111.9735   0.0000  -0.0000
    40 111.9735   0.0000   0.0000
    41 118.0243   0.0000   0.0000
    42 119.8029   0.0000   0.0000
    43 119.8029   0.0000   0.0000
    44 120.9618   0.0000  -0.0000
    45 122.0904   0.0000  -0.0000
    46 122.0904   0.0000  -0.0000
    47 129.5500   0.0000  -0.0000
    48 129.6007   0.0000   0.0000
    49 129.6007   0.0000   0.0000
    50 137.9829   0.0000   0.0000
    51 143.4814   0.0000  -0.0000
    52 143.4814   0.0000  -0.0000
    53 147.0223   0.0000  -0.0000
    54 149.6941   0.0000  -0.0000
    55 149.6941   0.0000  -0.0000
    56 151.7371   0.0000   0.0000
    57 151.7371   0.0000   0.0000
    58 152.4694   0.0000  -0.0000
    59 152.4694   0.0000  -0.0000
    60 153.3121   0.0000   0.0000
  0.500000  0.000000  0.000000
  60
     1 -66.4460  -0.0000  -0.0000
     2 -32.0463  -0.0000   0.0000
     3 -31.5177  -0.0000  -0.0000
     4 -31.5177  -0.0000   0.0000
     5  -9.5036   0.0000  -0.0000
     6   1.3178   0.0000   0.0000
     7   7.3856   0.0000  -0.0000
     8   7.3856   0.0000  -0.0000
     9  22.7357   0.0000   0.0000
    10  30.4151   0.0000   0.0000
    11  33.4797   0.0000   0.0000
    12  33.4797   0.0000   0.0000
    13  41.5488   0.0000   0.0000
    14  41.5488   0.0000   0.0000
    15  42.1642   0.0000   0.0000
    16  52.0986   0.0000  -0.0000
    17  52.2119   0.0000   0.0000
    18  52.2119   0.0000   0.0000
    19  57.0023   0.0000   0.0000
    20  57.0023   0.0000   0.0000
    21  68.7257   0.0000  -0.0000
    22  70.9966   0.0000  -0.0000
    23  74.9871   0.0000  -0.0000
    24  74.9871   0.0000   0.0000
    25  80.9016   0.0000  -0.0000
    26  80.9016   0.0000   0.0000
    27  82.9791   0.0000   0.0000
    28  87.1897   0.0000  -0.0000
    29  90.9656   0.0000   0.0000
    30  90.9656   0.0000  -0.0000
    31  92.8620   0.0000  -0.0000
    32  92.8620   0.0000  -0.0000
    33  95.8203   0.0000   0.0000
    34  95.9798   0.0000  -0.0000
    35  97.5579   0.0000   0.0000
    36 105.8221   0.0000   0.0000
    37 105.8221   0.0000  -0.0000
    38 107.0736   0.0000  -0.0000
    39 111.6634   0.0000   0.0000
    40 111.6634   0.0000   0.0000
    41 118.3756   0.0000   0.0000
    42 120.2155   0.0000   0.0000
    43 121.5690   0.0000   0.0000
    44 121.5690   0.0000  -0.0000
    45 124.6987   0.0000   0.0000
    46 124.6987   0.0000  -0.0000
    47 129.5990   0.0000   0.0000
    48 137.1847   0.0000   0.0000
    49 137.1847   0.0000  -0.0000
    50 138.0491   0.0000  -0.0000
    51 138.0491   0.0000  -0.0000
    52 142.7101   0.0000  -0.0000
    53 146.5646   0.0000  -0.0000
    54 148.5062   0.0000  -0.0000
    55 150.6246   0.0000   0.0000
    56 150.6247   0.0000  -0.0000
    57 155.6004   0.0000   0.0000
    58 155.6004   0.0000   0.0000
    59 159.4447   0.0000  -0.0000
    60 159.4449   0.0000  -0.0000
  0.125000  0.125000  0.000000
  60
     1 -66.5149  -0.0000   0.0000
     2 -31.5632  -0.0000  -0.0000
     3 -31.5056  -0.0000   0.0000
     4 -31.5056  -0.0000  -0.0000
     5 -12.3483   0.0000  -0.0000
     6   7.5508   0.0000   0.0000
     7   8.4793   0.0000  -0.0000
     8   8.4793   0.0000  -0.0000
     9  23.8356   0.0000  -0.0000
    10  26.9035   0.0000  -0.0000
    11  31.4729   0.0000  -0.0000
    12  31.4729   0.0000   0.0000
    13  36.8256   0.0000  -0.0000
    14  39.1094   0.0000  -0.0000
    15  40.0258   0.0000   0.0000
    16  48.3647   0.0000  -0.0000
    17  48.3647   0.0000  -0.0000
    18  49.6245   0.0000   0.0000
    19  63.4505   0.0000   0.0000
    20  64.1218   0.0000  -0.0000
    21  64.1218   0.0000  -0.0000
    22  72.8875   0.0000  -0.0000
    23  76.3306   0.0000   0.0000
    24  77.0621   0.0000  -0.0000
    25  77.0621   0.0000   0.0000
    26  80.4044   0.0000   0.0000
    27  87.9173   0.0000   0.0000
    28  93.8718   0.0000  -0.0000
    29  93.8718   0.0000  -0.0000
    30  99.6074   0.0000  -0.0000
    31  99.8632   0.0000  -0.0000
    32 101.2864   0.0000  -0.0000
    33 103.4851   0.0000  -0.0000
    34 103.4851   0.0000  -0.0000
    35 103.9414   0.0000   0.0000
    36 108.5291   0.0000   0.0000
    37 111.4706   0.0000  -0.0000
    38 111.4706   0.0000   0.0000
    39 113.6898   0.0000   0.0000
    40 114.7258   0.0000   0.0000
    41 117.8933   0.0000  -0.0000
    42 117.8933   0.0000   0.0000
    43 119.1928   0.0000   0.0000
    44 119.1928   0.0000  -0.0000
    45 119.6634   0.0000  -0.0000
    46 121.0118   0.0000  -0.0000
    47 124.6661   0.0000  -0.0000
    48 124.9861   0.0000  -0.0000
    49 129.1454   0.0000   0.0000
    50 130.9319   0.0000  -0.0000
    51 130.9319   0.0000   0.0000
    52 132.4111   0.0000   0.0000
    53 132.5217   0.0000   0.0000
    54 132.5217   0.0000  -0.0000
    55 133.7572   0.0000  -0.0000
    56 139.2257   0.0000   0.0000
    57 139.2257   0.0000  -0.0000
    58 142.6573   0.0000  -0.0000
    59 146.5342   0.0000   0.0000
    60 147.4056   0.0000  -0.0000
  0.250000  0.125000  0.000000
  60
     1 -66.4907  -0.0000  -0.0000
     2 -31.7104  -0.0000  -0.0000
     3 -31.5274  -0.0000   0.0000
     4 -31.5164  -0.0000   0.0000
     5 -11.5525   0.0000  -0.0000
     6   5.6626   0.0000   0.0000
     7   7.9199   0.0000   0.0000
     8   7.9914   0.0000  -0.0000
     9  24.5757   0.0000   0.0000
    10  25.9296   0.0000  -0.0000
    11  32.7544   0.0000  -0.0000
    12  33.0245   0.0000   0.0000
    13  35.8944   0.0000  -0.0000
    14  39.6958   0.0000   0.0000
    15  44.3055   0.0000  -0.0000
    16  48.6397   0.0000   0.0000
    17  50.2270   0.0000   0.0000
    18  52.2245   0.0000  -0.0000
    19  60.0172   0.0000   0.0000
    20  60.8628   0.0000   0.0000
    21  64.0901   0.0000   0.0000
    22  71.3688   0.0000  -0.0000
    23  71.5557   0.0000   0.0000
    24  76.4199   0.0000   0.0000
    25  78.2735   0.0000  -0.0000
    26  83.7874   0.0000   0.0000
    27  87.9714   0.0000  -0.0000
    28  93.6333   0.0000   0.0000
    29  95.7623   0.0000  -0.0000
    30  96.7265   0.0000  -0.0000
    31  98.5602   0.0000   0.0000
    32  99.7378   0.0000  -0.0000
    33 100.2588   0.0000  -0.0000
    34 102.7935   0.0000   0.0000
    35 103.4381   0.0000   0.0000
    36 106.4116   0.0000  -0.0000
    37 107.6390   0.0000   0.0000
    38 107.7941   0.0000  -0.0000
    39 110.4102   0.0000   0.0000
    40 111.0485   0.0000  -0.0000
    41 114.6276   0.0000   0.0000
    42 115.6911   0.0000   0.0000
    43 116.9063   0.0000   0.0000
    44 118.9652   0.0000   0.0000
    45 122.3718   0.0000   0.0000
    46 126.0184   0.0000   0.0000
    47 127.4396   0.0000  -0.0000
    48 128.0470   0.0000   0.0000
    49 128.9632   0.0000   0.0000
    50 131.6916   0.0000   0.0000
    51 131.6942   0.0000  -0.0000
    52 133.9456   0.0000   0.0000
    53 134.0189   0.0000   0.0000
    54 141.9476   0.0000   0.0000
    55 144.0829   0.0000   0.0000
    56 147.0796   0.0000  -0.0000
    57 148.1066   0.0000  -0.0000
    58 148.8306   0.0000   0.0000
    59 149.0521   0.0000  -0.0000
    60 153.2761   0.0000  -0.0000
  0.375000  0.125000  0.000000
  60
     1 -66.4605  -0.0000   0.0000
     2 -31.8946  -0.0000  -0.0000
     3 -31.5402  -0.0000  -0.0000
     4 -31.5370  -0.0000  -0.0000
     5 -10.3845   0.0000  -0.0000
     6   3.3101   0.0000   0.0000
     7   7.1707   0.0000  -0.0000
     8   7.5028   0.0000   0.0000
     9  23.8232   0.0000  -0.0000
    10  27.8415   0.0000  -0.0000
    11  32.9977   0.0000  -0.0000
    12  34.0954   0.0000   0.0000
    13  37.2463   0.0000   0.0000
    14  41.1276   0.0000   0.0000
    15  44.9052   0.0000  -0.0000
    16  52.3027   0.0000  -0.0000
    17  53.3056   0.0000   0.0000
    18  53.6607   0.0000   0.0000
    19  55.5754   0.0000  -0.0000
    20  59.4006   0.0000   0.0000
    21  62.8834   0.0000   0.0000
    22  69.4069   0.0000  -0.0000
    23  71.0382   0.0000  -0.0000
    24  78.9753   0.0000   0.0000
    25  80.4402   0.0000  -0.0000
    26  83.3576   0.0000   0.0000
    27  86.7147   0.0000  -0.0000
    28  88.3609   0.0000   0.0000
    29  88.9656   0.0000   0.0000
    30  91.4776   0.0000  -0.0000
    31  94.4907   0.0000  -0.0000
    32  96.7726   0.0000   0.0000
    33  98.5624   0.0000  -0.0000
    34  99.3976   0.0000   0.0000
    35 102.7207   0.0000  -0.0000
    36 105.4062   0.0000  -0.0000
    37 105.6937   0.0000  -0.0000
    38 108.2413   0.0000  -0.0000
    39 109.8331   0.0000   0.0000
    40 111.7361   0.0000   0.0000
    41 115.9146   0.0000  -0.0000
    42 118.0385   0.0000  -0.0000
    43 120.1744   0.0000   0.0000
    44 121.1307   0.0000   0.0000
    45 124.7079   0.0000  -0.0000
    46 124.8654   0.0000   0.0000
    47 128.4431   0.0000   0.0000
    48 131.0456   0.0000   0.0000
    49 131.7503   0.0000   0.0000
    50 134.9064   0.0000   0.0000
    51 137.8161   0.0000   0.0000
    52 139.3730   0.0000  -0.0000
    53 142.6380   0.0000  -0.0000
    54 143.4308   0.0000  -0.0000
    55 149.9850   0.0000  -0.0000
    56 150.7311   0.0000   0.0000
    57 151.2382   0.0000   0.0000
    58 155.2104   0.0000  -0.0000
    59 156.8747   0.0000   0.0000
    60 157.7300   0.0000  -0.0000
  0.500000  0.125000  0.000000
  60
     1 -66.4420  -0.0000  -0.0000
     2 -32.0024  -0.0000   0.0000
     3 -31.5629  -0.0000   0.0000
     4 -31.5364  -0.0000  -0.0000
     5  -9.5047   0.0000  -0.0000
     6   1.7854   0.0000   0.0000
     7   6.6624   0.0000  -0.0000
     8   7.2699   0.0000   0.0000
     9  23.5705   0.0000   0.0000
    10  29.2642   0.0000   0.0000
    11  32.8839   0.0000   0.0000
    12  34.2845   0.0000   0.0000
    13  39.7156   0.0000   0.0000
    14  42.0972   0.0000  -0.0000
    15  44.3805   0.0000   0.0000
    16  51.6176   0.0000   0.0000
    17  52.0450   0.0000  -0.0000
    18  53.7020   0.0000  -0.0000
    19  57.1826   0.0000  -0.0000
    20  58.8304   0.0000  -0.0000
    21  67.1110   0.0000  -0.0000
    22  72.4459   0.0000   0.0000
    23  73.6959   0.0000   0.0000
    24  74.0452   0.0000   0.0000
    25  78.3829   0.0000   0.0000
    26  81.0958   0.0000  -0.0000
    27  83.3563   0.0000  -0.0000
    28  84.4542   0.0000  -0.0000
    29  88.6692   0.0000  -0.0000
    30  89.4129   0.0000   0.0000
    31  90.7266   0.0000   0.0000
    32  94.6646   0.0000   0.0000
    33  96.8063   0.0000  -0.0000
    34 100.6018   0.0000  -0.0000
    35 101.8117   0.0000   0.0000
    36 105.1051   0.0000  -0.0000
    37 105.9117   0.0000  -0.0000
    38 106.2263   0.0000  -0.0000
    39 110.4282   0.0000  -0.0000
    40 110.7984   0.0000   0.0000
    41 114.1865   0.0000  -0.0000
    42 119.4265   0.0000  -0.0000
    43 125.0018   0.0000   0.0000
    44 125.3215   0.0000  -0.0000
    45 125.4484   0.0000   0.0000
    46 129.3490   0.0000   0.0000
    47 130.4858   0.0000  -0.0000
    48 135.0396   0.0000  -0.0000
    49 138.0567   0.0000   0.0000
    50 138.5229   0.0000   0.0000
    51 138.7473   0.0000   0.0000
    52 141.0605   0.0000  -0.0000
    53 145.6055   0.0000   0.0000
    54 147.5728   0.0000  -0.0000
    55 147.9531   0.0000  -0.0000
    56 148.6109   0.0000   0.0000
    57 152.3320   0.0000   0.0000
    58 153.5781   0.0000  -0.0000
    59 154.9830   0.0000   0.0000
    60 157.2676   0.0000   0.0000
 -0.375000  0.125000  0.000000
  60
     1 -66.4462  -0.0000  -0.0000
     2 -31.9782  -0.0000  -0.0000
     3 -31.5773  -0.0000  -0.0000
     4 -31.5183  -0.0000  -0.0000
     5  -9.6991   0.0000  -0.0000
     6   2.1354   0.0000   0.0000
     7   6.6170   0.0000  -0.0000
     8   7.4060   0.0000  -0.0000
     9  23.7858   0.0000   0.0000
    10  28.9979   0.0000  -0.0000
    11  32.9902   0.0000  -0.0000
    12  34.1670   0.0000   0.0000
    13  39.3907   0.0000  -0.0000
    14  40.8140   0.0000  -0.0000
    15  44.6326   0.0000   0.0000
    16  51.8778   0.0000   0.0000
    17  53.4770   0.0000   0.0000
    18  53.9681   0.0000   0.0000
    19  55.9419   0.0000  -0.0000
    20  59.5443   0.0000   0.0000
    21  64.4617   0.0000  -0.0000
    22  70.1575   0.0000  -0.0000
    23  73.5341   0.0000   0.0000
    24  77.0122   0.0000  -0.0000
    25  80.3698   0.0000   0.0000
    26  82.3287   0.0000  -0.0000
    27  84.1936   0.0000   0.0000
    28  84.6654   0.0000  -0.0000
    29  88.7451   0.0000   0.0000
    30  89.1130   0.0000  -0.0000
    31  90.4288   0.0000  -0.0000
    32  94.9748   0.0000  -0.0000
    33  96.9002   0.0000  -0.0000
    34 100.3000   0.0000  -0.0000
    35 101.1056   0.0000  -0.0000
    36 105.7289   0.0000   0.0000
    37 107.3948   0.0000   0.0000
    38 107.6226   0.0000   0.0000
    39 110.6331   0.0000   0.0000
    40 111.0077   0.0000  -0.0000
    41 112.0860   0.0000  -0.0000
    42 120.6279   0.0000   0.0000
    43 122.6259   0.0000  -0.0000
    44 124.7993   0.0000  -0.0000
    45 125.4913   0.0000   0.0000
    46 128.5249   0.0000   0.0000
    47 128.8987   0.0000  -0.0000
    48 133.8963   0.0000  -0.0000
    49 135.5284   0.0000  -0.0000
    50 137.4073   0.0000   0.0000
    51 141.0256   0.0000   0.0000
    52 142.8658   0.0000  -0.0000
    53 145.2220   0.0000   0.0000
    54 145.9287   0.0000   0.0000
    55 147.6322   0.0000  -0.0000
    56 150.7711   0.0000   0.0000
    57 151.4311   0.0000   0.0000
    58 152.8159   0.0000  -0.0000
    59 155.1216   0.0000   0.0000
    60 157.6594   0.0000   0.0000
 -0.250000  0.125000  0.000000
  60
     1 -66.4705  -0.0000  -0.0000
     2 -31.8384  -0.0000  -0.0000
     3 -31.5678  -0.0000   0.0000
     4 -31.4966  -0.0000  -0.0000
     5 -10.7669   0.0000   0.0000
     6   4.0902   0.0000   0.0000
     7   7.0742   0.0000   0.0000
     8   7.8554   0.0000  -0.0000
     9  24.4503   0.0000   0.0000
    10  27.2751   0.0000   0.0000
    11  33.0891   0.0000   0.0000
    12  33.3557   0.0000   0.0000
    13  36.9582   0.0000  -0.0000
    14  39.6835   0.0000  -0.0000
    15  45.1720   0.0000   0.0000
    16  50.4211   0.0000  -0.0000
    17  52.9963   0.0000   0.0000
    18  54.1095   0.0000   0.0000
    19  55.7607   0.0000   0.0000
    20  61.0769   0.0000   0.0000
    21  62.9968   0.0000  -0.0000
    22  68.4520   0.0000  -0.0000
    23  70.5535   0.0000   0.0000
    24  78.2330   0.0000  -0.0000
    25  81.3013   0.0000   0.0000
    26  86.5006   0.0000  -0.0000
    27  86.7212   0.0000   0.0000
    28  89.3350   0.0000  -0.0000
    29  91.7462   0.0000   0.0000
    30  93.3894   0.0000   0.0000
    31  93.6394   0.0000   0.0000
    32  97.3644   0.0000   0.0000
    33  98.7811   0.0000   0.0000
    34  98.9050   0.0000  -0.0000
    35 102.1852   0.0000   0.0000
    36 106.6475   0.0000   0.0000
    37 108.7773   0.0000  -0.0000
    38 109.4108   0.0000  -0.0000
    39 110.7639   0.0000  -0.0000
    40 111.5382   0.0000  -0.0000
    41 112.4811   0.0000   0.0000
    42 116.0920   0.0000   0.0000
    43 117.8934   0.0000   0.0000
    44 120.2090   0.0000  -0.0000
    45 122.7490   0.0000   0.0000
    46 126.3257   0.0000  -0.0000
    47 128.9933   0.0000  -0.0000
    48 131.5357   0.0000  -0.0000
    49 132.3583   0.0000   0.0000
    50 132.7550   0.0000   0.0000
    51 134.7742   0.0000  -0.0000
    52 140.8886   0.0000  -0.0000
    53 140.9182   0.0000  -0.0000
    54 144.5954   0.0000  -0.0000
    55 145.0399   0.0000  -0.0000
    56 146.0602   0.0000   0.0000
    57 150.8065   0.0000   0.0000
    58 152.2306   0.0000  -0.0000
    59 155.5349   0.0000   0.0000
    60 155.9804   0.0000  -0.0000
 -0.125000  0.125000  0.000000
  60
     1 -66.5007  -0.0000   0.0000
     2 -31.6676  -0.0000   0.0000
     3 -31.5313  -0.0000   0.0000
     4 -31.4838  -0.0000  -0.0000
     5 -11.8679   0.0000   0.0000
     6   6.3357   0.0000   0.0000
     7   7.9379   0.0000   0.0000
     8   8.3840   0.0000   0.0000
     9  24.4868   0.0000  -0.0000
    10  26.5745   0.0000  -0.0000
    11  31.6043   0.0000  -0.0000
    12  32.3289   0.0000  -0.0000
    13  37.0223   0.0000   0.0000
    14  38.6553   0.0000  -0.0000
    15  42.7720   0.0000   0.0000
    16  48.1892   0.0000  -0.0000
    17  49.2920   0.0000  -0.0000
    18  51.7768   0.0000  -0.0000
    19  59.9639   0.0000  -0.0000
    20  63.4091   0.0000   0.0000
    21  64.9287   0.0000  -0.0000
    22  70.3056   0.0000  -0.0000
    23  72.9361   0.0000  -0.0000
    24  75.6255   0.0000  -0.0000
    25  81.2843   0.0000   0.0000
    26  83.9364   0.0000  -0.0000
    27  84.7977   0.0000  -0.0000
    28  95.4535   0.0000   0.0000
    29  97.4289   0.0000   0.0000
    30  98.0540   0.0000   0.0000
    31  98.7150   0.0000   0.0000
    32 100.7306   0.0000   0.0000
    33 101.3853   0.0000   0.0000
    34 101.3971   0.0000   0.0000
    35 104.2292   0.0000  -0.0000
    36 105.7952   0.0000   0.0000
    37 106.0996   0.0000  -0.0000
    38 110.9010   0.0000   0.0000
    39 111.6703   0.0000   0.0000
    40 112.6802   0.0000   0.0000
    41 113.5035   0.0000  -0.0000
    42 116.2024   0.0000  -0.0000
    43 116.2119   0.0000   0.0000
    44 120.8977   0.0000   0.0000
    45 121.3251   0.0000  -0.0000
    46 122.9908   0.0000   0.0000
    47 123.8757   0.0000  -0.0000
    48 129.3995   0.0000   0.0000
    49 131.0744   0.0000  -0.0000
    50 132.5180   0.0000   0.0000
    51 132.7550   0.0000   0.0000
    52 134.0005   0.0000   0.0000
    53 136.6879   0.0000   0.0000
    54 137.3288   0.0000  -0.0000
    55 138.5703   0.0000   0.0000
    56 142.2440   0.0000  -0.0000
    57 142.3256   0.0000  -0.0000
    58 144.5399   0.0000   0.0000
    59 149.0995   0.0000  -0.0000
    60 151.5804   0.0000  -0.0000
  0.250000  0.250000  0.000000
  60
     1 -66.4749  -0.0000   0.0000
     2 -31.7337  -0.0000   0.0000
     3 -31.5626  -0.0000  -0.0000
     4 -31.5626  -0.0000  -0.0000
     5 -11.1119   0.0000  -0.0000
     6   4.9597   0.0000  -0.0000
     7   7.6191   0.0000   0.0000
     8   7.6191   0.0000   0.0000
     9  23.3714   0.0000   0.0000
    10  26.1025   0.0000   0.0000
    11  33.6463   0.0000   0.0000
    12  34.7850   0.0000   0.0000
    13  34.7850   0.0000  -0.0000
    14  41.1316   0.0000   0.0000
    15  47.9528   0.0000   0.0000
    16  50.0696   0.0000  -0.0000
    17  50.0696   0.0000   0.0000
    18  52.2369   0.0000  -0.0000
    19  60.3210   0.0000   0.0000
    20  60.3210   0.0000  -0.0000
    21  61.2386   0.0000   0.0000
    22  66.9881   0.0000  -0.0000
    23  75.2932   0.0000  -0.0000
    24  75.2932   0.0000   0.0000
    25  77.9879   0.0000  -0.0000
    26  82.0973   0.0000   0.0000
    27  88.8114   0.0000  -0.0000
    28  90.3451   0.0000   0.0000
    29  90.3451   0.0000  -0.0000
    30  94.7926   0.0000   0.0000
    31  98.0967   0.0000  -0.0000
    32  99.2753   0.0000   0.0000
    33 103.0404   0.0000   0.0000
    34 103.0404   0.0000   0.0000
    35 103.2711   0.0000   0.0000
    36 107.4506   0.0000  -0.0000
    37 107.4506   0.0000   0.0000
    38 109.3176   0.0000   0.0000
    39 110.9495   0.0000   0.0000
    40 113.6691   0.0000   0.0000
    41 115.0279   0.0000  -0.0000
    42 115.2024   0.0000  -0.0000
    43 115.2024   0.0000   0.0000
    44 117.5450   0.0000  -0.0000
    45 121.2794   0.0000   0.0000
    46 121.2794   0.0000   0.0000
    47 121.6320   0.0000  -0.0000
    48 130.8658   0.0000  -0.0000
    49 133.9225   0.0000   0.0000
    50 133.9225   0.0000   0.0000
    51 135.8061   0.0000  -0.0000
    52 136.0498   0.0000  -0.0000
    53 139.8783   0.0000   0.0000
    54 139.8783   0.0000   0.0000
    55 141.6341   0.0000  -0.0000
    56 148.3764   0.0000  -0.0000
    57 155.6888   0.0000  -0.0000
    58 155.6888   0.0000  -0.0000
    59 156.4792   0.0000  -0.0000
    60 156.5675   0.0000   0.0000
  0.375000  0.250000  0.000000
  60
     1 -66.4507  -0.0000   0.0000
     2 -31.8399  -0.0000   0.0000
     3 -31.5973  -0.0000  -0.0000
     4 -31.5849  -0.0000   0.0000
     5 -10.2777   0.0000  -0.0000
     6   3.6361   0.0000  -0.0000
     7   6.7803   0.0000  -0.0000
     8   7.2207   0.0000   0.0000
     9  22.8683   0.0000   0.0000
    10  27.3137   0.0000  -0.0000
    11  32.0790   0.0000  -0.0000
    12  36.1584   0.0000   0.0000
    13  36.8833   0.0000  -0.0000
    14  42.7362   0.0000   0.0000
    15  49.2617   0.0000   0.0000
    16  51.6298   0.0000  -0.0000
    17  52.1164   0.0000   0.0000
    18  53.7718   0.0000  -0.0000
    19  56.7795   0.0000   0.0000
    20  59.0438   0.0000  -0.0000
    21  64.0835   0.0000  -0.0000
    22  65.8948   0.0000  -0.0000
    23  70.7839   0.0000   0.0000
    24  75.4054   0.0000  -0.0000
    25  80.9818   0.0000  -0.0000
    26  81.9557   0.0000  -0.0000
    27  84.5769   0.0000   0.0000
    28  86.4895   0.0000   0.0000
    29  88.1960   0.0000  -0.0000
    30  90.5406   0.0000  -0.0000
    31  94.8446   0.0000   0.0000
    32  97.0849   0.0000   0.0000
    33  99.8846   0.0000   0.0000
    34 103.0323   0.0000   0.0000
    35 103.2790   0.0000   0.0000
    36 104.0957   0.0000   0.0000
    37 107.7573   0.0000   0.0000
    38 109.2618   0.0000   0.0000
    39 110.0918   0.0000   0.0000
    40 111.7469   0.0000   0.0000
    41 116.7963   0.0000   0.0000
    42 119.0798   0.0000   0.0000
    43 119.4297   0.0000  -0.0000
    44 120.6511   0.0000   0.0000
    45 123.2431   0.0000  -0.0000
    46 123.3218   0.0000  -0.0000
    47 125.4606   0.0000   0.0000
    48 132.0700   0.0000  -0.0000
    49 134.1340   0.0000  -0.0000
    50 136.0267   0.0000   0.0000
    51 136.1365   0.0000  -0.0000
    52 141.0282   0.0000   0.0000
    53 142.1597   0.0000   0.0000
    54 146.3364   0.0000   0.0000
    55 150.2569   0.0000  -0.0000
    56 151.1328   0.0000  -0.0000
    57 152.0722   0.0000   0.0000
    58 155.4997   0.0000  -0.0000
    59 155.7131   0.0000   0.0000
    60 160.0842   0.0000  -0.0000
  0.500000  0.250000  0.000000
  60
     1 -66.4322  -0.0000  -0.0000
     2 -31.9111  -0.0000  -0.0000
     3 -31.6560  -0.0000  -0.0000
     4 -31.5814  -0.0000  -0.0000
     5  -9.4798   0.0000   0.0000
     6   2.7118   0.0000   0.0000
     7   5.5412   0.0000   0.0000
     8   7.0068   0.0000   0.0000
     9  23.7272   0.0000   0.0000
    10  28.3755   0.0000   0.0000
    11  31.3620   0.0000  -0.0000
    12  36.3520   0.0000  -0.0000
    13  38.2932   0.0000  -0.0000
    14  43.8059   0.0000  -0.0000
    15  48.7031   0.0000  -0.0000
    16  50.1316   0.0000  -0.0000
    17  51.4466   0.0000  -0.0000
    18  55.1206   0.0000   0.0000
    19  57.9088   0.0000   0.0000
    20  63.7835   0.0000   0.0000
    21  65.8101   0.0000   0.0000
    22  68.8796   0.0000  -0.0000
    23  69.2092   0.0000   0.0000
    24  73.8575   0.0000  -0.0000
    25  75.8288   0.0000   0.0000
    26  79.6434   0.0000  -0.0000
    27  81.1178   0.0000   0.0000
    28  86.1945   0.0000   0.0000
    29  86.7354   0.0000  -0.0000
    30  90.4243   0.0000  -0.0000
    31  91.7646   0.0000  -0.0000
    32  91.9265   0.0000   0.0000
    33  97.4833   0.0000   0.0000
    34 100.7629   0.0000   0.0000
    35 102.3600   0.0000   0.0000
    36 103.1615   0.0000   0.0000
    37 105.4481   0.0000  -0.0000
    38 108.0526   0.0000   0.0000
    39 112.1679   0.0000  -0.0000
    40 113.0016   0.0000  -0.0000
    41 118.9976   0.0000   0.0000
    42 119.8896   0.0000   0.0000
    43 125.0823   0.0000  -0.0000
    44 126.4770   0.0000   0.0000
    45 126.9850   0.0000  -0.0000
    46 128.3143   0.0000   0.0000
    47 133.4877   0.0000  -0.0000
    48 134.3314   0.0000   0.0000
    49 136.0820   0.0000  -0.0000
    50 136.5819   0.0000   0.0000
    51 139.0440   0.0000  -0.0000
    52 140.6813   0.0000  -0.0000
    53 140.7604   0.0000   0.0000
    54 145.9665   0.0000   0.0000
    55 149.9799   0.0000  -0.0000
    56 150.6265   0.0000   0.0000
    57 152.1458   0.0000  -0.0000
    58 152.7878   0.0000  -0.0000
    59 155.5679   0.0000  -0.0000
    60 157.6252   0.0000   0.0000
 -0.375000  0.250000  0.000000
  60
     1 -66.4304  -0.0000  -0.0000
     2 -31.9072  -0.0000   0.0000
     3 -31.7053  -0.0000   0.0000
     4 -31.5541  -0.0000  -0.0000
     5  -9.2956   0.0000   0.0000
     6   2.7278   0.0000   0.0000
     7   4.8290   0.0000  -0.0000
     8   7.0842   0.0000   0.0000
     9  25.0123   0.0000  -0.0000
    10  27.9296   0.0000   0.0000
    11  32.0010   0.0000  -0.0000
    12  36.2148   0.0000   0.0000
    13  39.0467   0.0000  -0.0000
    14  40.2223   0.0000   0.0000
    15  48.5394   0.0000  -0.0000
    16  51.3523   0.0000  -0.0000
    17  51.9323   0.0000   0.0000
    18  55.7316   0.0000  -0.0000
    19  58.6870   0.0000  -0.0000
    20  61.6403   0.0000   0.0000
    21  66.8707   0.0000  -0.0000
    22  69.3503   0.0000   0.0000
    23  72.5331   0.0000  -0.0000
    24  74.7759   0.0000   0.0000
    25  75.8241   0.0000  -0.0000
    26  78.4569   0.0000  -0.0000
    27  78.9888   0.0000   0.0000
    28  84.6632   0.0000  -0.0000
    29  87.0808   0.0000  -0.0000
    30  89.1201   0.0000  -0.0000
    31  91.3545   0.0000   0.0000
    32  92.2779   0.0000  -0.0000
    33  95.4329   0.0000  -0.0000
    34  97.7751   0.0000  -0.0000
    35 103.0434   0.0000   0.0000
    36 105.4234   0.0000   0.0000
    37 105.8219   0.0000  -0.0000
    38 106.5850   0.0000   0.0000
    39 113.8994   0.0000  -0.0000
    40 115.5582   0.0000  -0.0000
    41 116.7796   0.0000   0.0000
    42 119.9187   0.0000  -0.0000
    43 125.1171   0.0000  -0.0000
    44 128.0348   0.0000  -0.0000
    45 129.0904   0.0000   0.0000
    46 130.5039   0.0000   0.0000
    47 133.5756   0.0000   0.0000
    48 135.5656   0.0000   0.0000
    49 136.2971   0.0000   0.0000
    50 137.5556   0.0000  -0.0000
    51 139.9845   0.0000   0.0000
    52 140.3970   0.0000   0.0000
    53 143.8257   0.0000   0.0000
    54 145.7907   0.0000  -0.0000
    55 147.2264   0.0000   0.0000
    56 147.9732   0.0000   0.0000
    57 149.2892   0.0000   0.0000
    58 152.1559   0.0000   0.0000
    59 153.6644   0.0000   0.0000
    60 158.7850   0.0000   0.0000
 -0.250000  0.250000  0.000000
  60
     1 -66.4463  -0.0000  -0.0000
     2 -31.8760  -0.0000   0.0000
     3 -31.6710  -0.0000  -0.0000
     4 -31.5190  -0.0000   0.0000
     5  -9.8836   0.0000   0.0000
     6   3.3782   0.0000   0.0000
     7   5.4218   0.0000  -0.0000
     8   7.4264   0.0000   0.0000
     9  26.1393   0.0000  -0.0000
    10  26.4078   0.0000   0.0000
    11  32.5708   0.0000  -0.0000
    12  36.0829   0.0000   0.0000
    13  36.3860   0.0000   0.0000
    14  40.1916   0.0000   0.0000
    15  48.1675   0.0000  -0.0000
    16  50.5114   0.0000  -0.0000
    17  53.9729   0.0000  -0.0000
    18  54.1387   0.0000   0.0000
    19  57.0073   0.0000  -0.0000
    20  62.9852   0.0000   0.0000
    21  65.2292   0.0000  -0.0000
    22  65.9189   0.0000  -0.0000
    23  67.5977   0.0000  -0.0000
    24  79.4588   0.0000  -0.0000
    25  80.9225   0.0000   0.0000
    26  83.3559   0.0000  -0.0000
    27  83.6136   0.0000  -0.0000
    28  86.4553   0.0000   0.0000
    29  87.6611   0.0000   0.0000
    30  88.3525   0.0000  -0.0000
    31  92.6487   0.0000  -0.0000
    32  94.5144   0.0000   0.0000
    33  95.0995   0.0000  -0.0000
    34  96.5585   0.0000  -0.0000
    35 104.9219   0.0000  -0.0000
    36 105.4637   0.0000   0.0000
    37 106.8564   0.0000  -0.0000
    38 108.5913   0.0000  -0.0000
    39 112.5671   0.0000   0.0000
    40 114.2394   0.0000  -0.0000
    41 115.5731   0.0000  -0.0000
    42 118.2033   0.0000   0.0000
    43 119.5315   0.0000   0.0000
    44 124.7921   0.0000  -0.0000
    45 126.8618   0.0000   0.0000
    46 127.2003   0.0000  -0.0000
    47 131.5063   0.0000  -0.0000
    48 133.6602   0.0000  -0.0000
    49 135.9063   0.0000  -0.0000
    50 135.9916   0.0000  -0.0000
    51 136.1638   0.0000  -0.0000
    52 141.5338   0.0000  -0.0000
    53 142.8907   0.0000  -0.0000
    54 147.3866   0.0000  -0.0000
    55 147.5990   0.0000   0.0000
    56 149.9099   0.0000  -0.0000
    57 150.0959   0.0000   0.0000
    58 152.7615   0.0000   0.0000
    59 153.6984   0.0000  -0.0000
    60 156.0215   0.0000   0.0000
  0.375000  0.375000  0.000000
  60
     1 -66.4349  -0.0000   0.0000
     2 -31.8721  -0.0000  -0.0000
     3 -31.6204  -0.0000   0.0000
     4 -31.6204  -0.0000  -0.0000
     5  -9.8804   0.0000  -0.0000
     6   2.9519   0.0000  -0.0000
     7   6.9217   0.0000  -0.0000
     8   6.9217   0.0000   0.0000
     9  21.1664   0.0000  -0.0000
    10  27.9457   0.0000  -0.0000
    11  31.2085   0.0000   0.0000
    12  38.2345   0.0000   0.0000
    13  38.2345   0.0000  -0.0000
    14  44.1637   0.0000  -0.0000
    15  50.7974   0.0000  -0.0000
    16  52.0517   0.0000   0.0000
    17  52.0517   0.0000   0.0000
    18  57.4917   0.0000  -0.0000
    19  58.2725   0.0000   0.0000
    20  58.2726   0.0000   0.0000
    21  59.5612   0.0000   0.0000
    22  63.9404   0.0000  -0.0000
    23  73.0472   0.0000  -0.0000
    24  73.0477   0.0000  -0.0000
    25  80.9387   0.0000  -0.0000
    26  81.1886   0.0000   0.0000
    27  81.1887   0.0000   0.0000
    28  84.4849   0.0000  -0.0000
    29  84.8139   0.0000   0.0000
    30  86.4625   0.0000  -0.0000
    31  97.8264   0.0000   0.0000
    32 100.0616   0.0000  -0.0000
    33 101.1667   0.0000   0.0000
    34 101.1667   0.0000   0.0000
    35 102.6532   0.0000  -0.0000
    36 103.9100   0.0000  -0.0000
    37 107.7103   0.0000  -0.0000
    38 108.2393   0.0000  -0.0000
    39 113.1394   0.0000   0.0000
    40 113.1394   0.0000  -0.0000
    41 114.8501   0.0000   0.0000
    42 114.8501   0.0000   0.0000
    43 115.3981   0.0000  -0.0000
    44 118.7334   0.0000  -0.0000
    45 126.7146   0.0000  -0.0000
    46 126.7147   0.0000  -0.0000
    47 128.9780   0.0000  -0.0000
    48 136.7402   0.0000  -0.0000
    49 136.7413   0.0000   0.0000
    50 139.3079   0.0000  -0.0000
    51 139.5643   0.0000  -0.0000
    52 145.0554   0.0000  -0.0000
    53 148.5327   0.0000   0.0000
    54 148.5327   0.0000   0.0000
    55 149.6459   0.0000   0.0000
    56 149.9487   0.0000   0.0000
    57 149.9488   0.0000  -0.0000
    58 151.1296   0.0000   0.0000
    59 159.3219   0.0000  -0.0000
    60 160.1368   0.0000  -0.0000
  0.500000  0.375000  0.000000
  60
     1 -66.4225  -0.0000  -0.0000
     2 -31.8947  -0.0000   0.0000
     3 -31.6716  -0.0000   0.0000
     4 -31.6261  -0.0000  -0.0000
     5  -9.4171   0.0000  -0.0000
     6   2.5908   0.0000  -0.0000
     7   6.0024   0.0000  -0.0000
     8   6.7640   0.0000  -0.0000
     9  21.5788   0.0000   0.0000
    10  28.6868   0.0000   0.0000
    11  30.4798   0.0000   0.0000
    12  38.6698   0.0000   0.0000
    13  39.0017   0.0000  -0.0000
    14  46.1694   0.0000   0.0000
    15  49.3220   0.0000  -0.0000
    16  50.1093   0.0000   0.0000
    17  51.6943   0.0000   0.0000
    18  57.9164   0.0000  -0.0000
    19  58.9809   0.0000   0.0000
    20  61.6936   0.0000   0.0000
    21  64.9042   0.0000  -0.0000
    22  66.8402   0.0000  -0.0000
    23  68.0150   0.0000  -0.0000
    24  70.9764   0.0000   0.0000
    25  74.4508   0.0000  -0.0000
    26  78.6601   0.0000   0.0000
    27  79.2010   0.0000  -0.0000
    28  86.1883   0.0000  -0.0000
    29  87.4590   0.0000   0.0000
    30  88.5932   0.0000  -0.0000
    31  92.0309   0.0000   0.0000
    32  96.1672   0.0000  -0.0000
    33 100.4332   0.0000  -0.0000
    34 100.7833   0.0000   0.0000
    35 102.0912   0.0000  -0.0000
    36 102.7895   0.0000   0.0000
    37 103.0438   0.0000  -0.0000
    38 106.5036   0.0000   0.0000
    39 112.2131   0.0000  -0.0000
    40 116.8220   0.0000  -0.0000
    41 117.2665   0.0000  -0.0000
    42 118.6320   0.0000  -0.0000
    43 120.7727   0.0000   0.0000
    44 123.9987   0.0000   0.0000
    45 128.7099   0.0000   0.0000
    46 130.7006   0.0000  -0.0000
    47 133.5837   0.0000  -0.0000
    48 136.2412   0.0000   0.0000
    49 137.7416   0.0000  -0.0000
    50 140.3370   0.0000  -0.0000
    51 141.3586   0.0000   0.0000
    52 143.8686   0.0000  -0.0000
    53 144.4109   0.0000  -0.0000
    54 146.0008   0.0000  -0.0000
    55 150.0626   0.0000  -0.0000
    56 151.1839   0.0000  -0.0000
    57 151.3460   0.0000  -0.0000
    58 155.4841   0.0000   0.0000
    59 156.5469   0.0000  -0.0000
    60 157.5350   0.0000   0.0000
 -0.375000  0.375000  0.000000
  60
     1 -66.4206  -0.0000  -0.0000
     2 -31.8412  -0.0000   0.0000
     3 -31.7753  -0.0000   0.0000
     4 -31.5988  -0.0000   0.0000
     5  -9.1738   0.0000   0.0000
     6   3.1124   0.0000  -0.0000
     7   4.3754   0.0000  -0.0000
     8   6.8254   0.0000  -0.0000
     9  23.4856   0.0000  -0.0000
    10  29.1448   0.0000  -0.0000
    11  30.3640   0.0000   0.0000
    12  37.8592   0.0000  -0.0000
    13  38.4620   0.0000   0.0000
    14  43.4508   0.0000  -0.0000
    15  49.6721   0.0000  -0.0000
    16  50.6867   0.0000  -0.0000
    17  50.9231   0.0000   0.0000
    18  58.1598   0.0000   0.0000
    19  61.4852   0.0000  -0.0000
    20  61.5535   0.0000  -0.0000
    21  67.5191   0.0000  -0.0000
    22  67.8460   0.0000  -0.0000
    23  70.1935   0.0000  -0.0000
    24  70.3601   0.0000  -0.0000
    25  75.7703   0.0000   0.0000
    26  77.2626   0.0000   0.0000
    27  78.0657   0.0000  -0.0000
    28  80.5910   0.0000   0.0000
    29  88.0543   0.0000   0.0000
    30  90.0402   0.0000  -0.0000
    31  91.3943   0.0000  -0.0000
    32  92.9389   0.0000   0.0000
    33  97.4440   0.0000   0.0000
    34  98.5146   0.0000   0.0000
    35 101.0981   0.0000   0.0000
    36 102.7194   0.0000  -0.0000
    37 104.6864   0.0000   0.0000
    38 104.7147   0.0000   0.0000
    39 117.4436   0.0000  -0.0000
    40 118.0930   0.0000  -0.0000
    41 118.3166   0.0000  -0.0000
    42 124.5910   0.0000  -0.0000
    43 126.7892   0.0000   0.0000
    44 127.7661   0.0000  -0.0000
    45 129.0474   0.0000   0.0000
    46 131.9423   0.0000  -0.0000
    47 132.6236   0.0000  -0.0000
    48 134.0723   0.0000   0.0000
    49 135.3008   0.0000  -0.0000
    50 135.6194   0.0000   0.0000
    51 139.4973   0.0000  -0.0000
    52 143.2587   0.0000   0.0000
    53 143.7549   0.0000   0.0000
    54 144.7050   0.0000   0.0000
    55 144.8603   0.0000  -0.0000
    56 150.1295   0.0000   0.0000
    57 153.2305   0.0000   0.0000
    58 154.1406   0.0000  -0.0000
    59 155.5743   0.0000   0.0000
    60 156.4918   0.0000  -0.0000
  0.500000  0.500000  0.000000
  60
     1 -66.4184  -0.0000  -0.0000
     2 -31.9207  -0.0000   0.0000
     3 -31.6446  -0.0000   0.0000
     4 -31.6446  -0.0000  -0.0000
     5  -9.3800   0.0000   0.0000
     6   2.2538   0.0000   0.0000
     7   6.6688   0.0000   0.0000
     8   6.6688   0.0000  -0.0000
     9  20.4238   0.0000   0.0000
    10  28.1312   0.0000   0.0000
    11  30.9232   0.0000   0.0000
    12  39.7774   0.0000  -0.0000
    13  39.7774   0.0000   0.0000
    14  46.3078   0.0000   0.0000
    15  49.3992   0.0000  -0.0000
    16  51.9278   0.0000   0.0000
    17  51.9278   0.0000   0.0000
    18  55.9517   0.0000  -0.0000
    19  60.3342   0.0000   0.0000
    20  60.3342   0.0000  -0.0000
    21  66.1444   0.0000  -0.0000
    22  68.1194   0.0000  -0.0000
    23  68.9148   0.0000   0.0000
    24  68.9148   0.0000   0.0000
    25  68.9188   0.0000   0.0000
    26  79.2821   0.0000  -0.0000
    27  79.2821   0.0000   0.0000
    28  84.8018   0.0000  -0.0000
    29  85.7709   0.0000   0.0000
    30  91.1018   0.0000   0.0000
    31  97.2990   0.0000  -0.0000
    32  99.2656   0.0000  -0.0000
    33  99.6341   0.0000  -0.0000
    34  99.6341   0.0000   0.0000
    35 101.1622   0.0000   0.0000
    36 101.9396   0.0000   0.0000
    37 102.2384   0.0000   0.0000
    38 107.0107   0.0000  -0.0000
    39 112.4392   0.0000  -0.0000
    40 112.4392   0.0000  -0.0000
    41 114.6787   0.0000   0.0000
    42 118.4682   0.0000  -0.0000
    43 118.4682   0.0000   0.0000
    44 121.8516   0.0000   0.0000
    45 134.3114   0.0000   0.0000
    46 134.3114   0.0000   0.0000
    47 134.8393   0.0000   0.0000
    48 137.9262   0.0000  -0.0000
    49 137.9262   0.0000  -0.0000
    50 142.2200   0.0000  -0.0000
    51 142.2200   0.0000  -0.0000
    52 145.1585   0.0000   0.0000
    53 145.9017   0.0000  -0.0000
    54 149.5379   0.0000  -0.0000
    55 151.1628   0.0000   0.0000
    56 152.1425   0.0000  -0.0000
    57 152.8146   0.0000  -0.0000
    58 152.8146   0.0000  -0.0000
    59 154.4293   0.0000  -0.0000
    60 157.2036   0.0000   0.0000
  0.375000  0.250000  0.125000
  60
     1 -66.4665  -0.0000   0.0000
     2 -31.8049  -0.0000  -0.0000
     3 -31.5941  -0.0000  -0.0000
     4 -31.5250  -0.0000  -0.0000
     5 -10.7253   0.0000   0.0000
     6   4.3512   0.0000  -0.0000
     7   6.8560   0.0000   0.0000
     8   7.6232   0.0000   0.0000
     9  24.6521   0.0000  -0.0000
    10  26.1824   0.0000   0.0000
    11  32.9974   0.0000  -0.0000
    12  34.6654   0.0000   0.0000
    13  35.7895   0.0000  -0.0000
    14  40.8758   0.0000   0.0000
    15  47.4467   0.0000  -0.0000
    16  49.7812   0.0000  -0.0000
    17  52.8937   0.0000  -0.0000
    18  53.2214   0.0000   0.0000
    19  56.3433   0.0000  -0.0000
    20  60.8369   0.0000  -0.0000
    21  63.5160   0.0000  -0.0000
    22  68.5366   0.0000  -0.0000
    23  70.7328   0.0000  -0.0000
    24  74.9394   0.0000   0.0000
    25  80.3409   0.0000   0.0000
    26  85.1973   0.0000   0.0000
    27  87.5239   0.0000   0.0000
    28  88.7017   0.0000  -0.0000
    29  89.8766   0.0000  -0.0000
    30  95.2655   0.0000   0.0000
    31  96.8571   0.0000  -0.0000
    32  98.4085   0.0000   0.0000
    33  98.8023   0.0000  -0.0000
    34  99.3389   0.0000   0.0000
    35 100.2776   0.0000   0.0000
    36 104.4203   0.0000   0.0000
    37 106.4183   0.0000   0.0000
    38 107.5433   0.0000  -0.0000
    39 112.9883   0.0000   0.0000
    40 115.2471   0.0000  -0.0000
    41 117.0501   0.0000  -0.0000
    42 117.9739   0.0000   0.0000
    43 118.6151   0.0000  -0.0000
    44 119.6460   0.0000  -0.0000
    45 119.9394   0.0000  -0.0000
    46 124.8952   0.0000  -0.0000
    47 125.6234   0.0000   0.0000
    48 130.3242   0.0000  -0.0000
    49 132.5964   0.0000  -0.0000
    50 132.9656   0.0000   0.0000
    51 133.9423   0.0000  -0.0000
    52 140.4715   0.0000   0.0000
    53 140.9816   0.0000   0.0000
    54 144.3860   0.0000   0.0000
    55 146.4598   0.0000  -0.0000
    56 148.5170   0.0000   0.0000
    57 151.2151   0.0000  -0.0000
    58 154.8676   0.0000  -0.0000
    59 155.3082   0.0000   0.0000
    60 157.5887   0.0000  -0.0000
  0.500000  0.250000  0.125000
  60
     1 -66.4422  -0.0000  -0.0000
     2 -31.9025  -0.0000   0.0000
     3 -31.6396  -0.0000  -0.0000
     4 -31.5480  -0.0000   0.0000
     5  -9.7645   0.0000   0.0000
     6   2.9760   0.0000   0.0000
     7   5.8548   0.0000   0.0000
     8   7.1546   0.0000  -0.0000
     9  24.7346   0.0000  -0.0000
    10  27.4523   0.0000  -0.0000
    11  32.2081   0.0000  -0.0000
    12  35.5762   0.0000   0.0000
    13  37.6242   0.0000   0.0000
    14  41.7572   0.0000   0.0000
    15  47.7865   0.0000   0.0000
    16  50.9992   0.0000  -0.0000
    17  52.8198   0.0000   0.0000
    18  55.0170   0.0000  -0.0000
    19  56.1770   0.0000  -0.0000
    20  62.5733   0.0000  -0.0000
    21  64.9367   0.0000  -0.0000
    22  66.2000   0.0000   0.0000
    23  71.4206   0.0000   0.0000
    24  76.5570   0.0000   0.0000
    25  78.2715   0.0000  -0.0000
    26  81.0979   0.0000   0.0000
    27  83.3685   0.0000  -0.0000
    28  86.6750   0.0000   0.0000
    29  88.8155   0.0000   0.0000
    30  89.8847   0.0000  -0.0000
    31  91.9316   0.0000   0.0000
    32  94.8835   0.0000   0.0000
    33  96.0517   0.0000  -0.0000
    34  98.1948   0.0000  -0.0000
    35  99.0978   0.0000  -0.0000
    36 105.1112   0.0000  -0.0000
    37 107.1764   0.0000  -0.0000
    38 110.5870   0.0000   0.0000
    39 112.2248   0.0000  -0.0000
    40 116.0939   0.0000  -0.0000
    41 117.5294   0.0000  -0.0000
    42 118.3360   0.0000  -0.0000
    43 120.8347   0.0000   0.0000
    44 123.9818   0.0000  -0.0000
    45 124.1688   0.0000  -0.0000
    46 126.7302   0.0000   0.0000
    47 129.4555   0.0000  -0.0000
    48 134.9623   0.0000   0.0000
    49 135.3131   0.0000   0.0000
    50 137.8465   0.0000   0.0000
    51 140.2704   0.0000  -0.0000
    52 141.7824   0.0000   0.0000
    53 143.1463   0.0000  -0.0000
    54 143.6495   0.0000   0.0000
    55 146.9196   0.0000  -0.0000
    56 149.1527   0.0000   0.0000
    57 151.9434   0.0000  -0.0000
    58 154.8510   0.0000   0.0000
    59 155.8229   0.0000   0.0000
    60 158.9349   0.0000   0.0000
 -0.375000  0.250000  0.125000
  60
     1 -66.4321  -0.0000  -0.0000
     2 -31.9443  -0.0000  -0.0000
     3 -31.6505  -0.0000  -0.0000
     4 -31.5630  -0.0000  -0.0000
     5  -9.3073   0.0000  -0.0000
     6   2.3213   0.0000   0.0000
     7   5.4987   0.0000   0.0000
     8   6.9553   0.0000   0.0000
     9  24.8131   0.0000  -0.0000
    10  28.0294   0.0000  -0.0000
    11  32.1629   0.0000  -0.0000
    12  35.4891   0.0000   0.0000
    13  39.2337   0.0000   0.0000
    14  41.4994   0.0000   0.0000
    15  47.6740   0.0000   0.0000
    16  50.8481   0.0000  -0.0000
    17  52.0132   0.0000  -0.0000
    18  54.6835   0.0000   0.0000
    19  59.3356   0.0000   0.0000
    20  60.1193   0.0000  -0.0000
    21  69.4661   0.0000  -0.0000
    22  69.4769   0.0000  -0.0000
    23  72.4491   0.0000   0.0000
    24  74.2358   0.0000  -0.0000
    25  76.4639   0.0000  -0.0000
    26  77.1173   0.0000  -0.0000
    27  81.3231   0.0000   0.0000
    28  83.3828   0.0000   0.0000
    29  86.8222   0.0000  -0.0000
    30  89.4681   0.0000   0.0000
    31  91.4537   0.0000  -0.0000
    32  95.1439   0.0000  -0.0000
    33  95.4462   0.0000   0.0000
    34  97.5185   0.0000   0.0000
    35  99.7572   0.0000   0.0000
    36 103.4926   0.0000   0.0000
    37 108.7016   0.0000  -0.0000
    38 109.3681   0.0000  -0.0000
    39 113.8540   0.0000   0.0000
    40 114.2497   0.0000  -0.0000
    41 116.7594   0.0000   0.0000
    42 117.5213   0.0000   0.0000
    43 124.0895   0.0000   0.0000
    44 125.4619   0.0000  -0.0000
    45 129.2739   0.0000   0.0000
    46 131.8334   0.0000  -0.0000
    47 132.7760   0.0000  -0.0000
    48 135.1469   0.0000   0.0000
    49 136.9283   0.0000   0.0000
    50 138.3010   0.0000   0.0000
    51 141.5537   0.0000  -0.0000
    52 141.6059   0.0000   0.0000
    53 144.0071   0.0000  -0.0000
    54 145.7840   0.0000   0.0000
    55 147.2894   0.0000   0.0000
    56 148.5887   0.0000  -0.0000
    57 151.4049   0.0000   0.0000
    58 151.6971   0.0000   0.0000
    59 152.9414   0.0000   0.0000
    60 153.1689   0.0000   0.0000
  0.500000  0.375000  0.125000
  60
     1 -66.4324  -0.0000  -0.0000
     2 -31.8735  -0.0000  -0.0000
     3 -31.6578  -0.0000   0.0000
     4 -31.6077  -0.0000   0.0000
     5  -9.6448   0.0000  -0.0000
     6   3.0312   0.0000  -0.0000
     7   5.9902   0.0000  -0.0000
     8   6.7046   0.0000  -0.0000
     9  22.9862   0.0000   0.0000
    10  28.2011   0.0000   0.0000
    11  30.8956   0.0000   0.0000
    12  36.9857   0.0000   0.0000
    13  38.4586   0.0000  -0.0000
    14  43.9640   0.0000   0.0000
    15  49.7148   0.0000   0.0000
    16  51.4057   0.0000   0.0000
    17  51.6109   0.0000   0.0000
    18  55.8467   0.0000  -0.0000
    19  57.0049   0.0000  -0.0000
    20  62.5341   0.0000  -0.0000
    21  63.2623   0.0000   0.0000
    22  68.4801   0.0000  -0.0000
    23  69.8408   0.0000  -0.0000
    24  71.8209   0.0000   0.0000
    25  76.3816   0.0000   0.0000
    26  78.8452   0.0000  -0.0000
    27  85.5019   0.0000   0.0000
    28  85.5397   0.0000  -0.0000
    29  88.2799   0.0000   0.0000
    30  88.6529   0.0000  -0.0000
    31  92.6304   0.0000  -0.0000
    32  94.1339   0.0000   0.0000
    33  96.4160   0.0000   0.0000
    34  96.6523   0.0000  -0.0000
    35 101.6204   0.0000   0.0000
    36 103.4663   0.0000  -0.0000
    37 111.0677   0.0000   0.0000
    38 111.3762   0.0000  -0.0000
    39 114.2975   0.0000   0.0000
    40 115.3685   0.0000  -0.0000
    41 117.0116   0.0000   0.0000
    42 117.0990   0.0000  -0.0000
    43 119.4315   0.0000  -0.0000
    44 123.2786   0.0000  -0.0000
    45 125.2068   0.0000  -0.0000
    46 128.6950   0.0000  -0.0000
    47 130.7735   0.0000   0.0000
    48 133.7042   0.0000   0.0000
    49 136.7260   0.0000  -0.0000
    50 136.8381   0.0000   0.0000
    51 138.2387   0.0000   0.0000
    52 141.8741   0.0000  -0.0000
    53 144.8029   0.0000  -0.0000
    54 146.7576   0.0000   0.0000
    55 149.7866   0.0000  -0.0000
    56 150.0665   0.0000   0.0000
    57 155.2050   0.0000  -0.0000
    58 156.0012   0.0000  -0.0000
    59 157.3240   0.0000  -0.0000
    60 158.6776   0.0000   0.0000
 -0.375000  0.375000  0.125000
  60
     1 -66.4223  -0.0000  -0.0000
     2 -31.8573  -0.0000   0.0000
     3 -31.7308  -0.0000  -0.0000
     4 -31.6191  -0.0000  -0.0000
     5  -9.2006   0.0000  -0.0000
     6   3.1183   0.0000   0.0000
     7   4.6834   0.0000   0.0000
     8   6.4525   0.0000   0.0000
     9  24.5072   0.0000  -0.0000
    10  28.1665   0.0000  -0.0000
    11  30.8195   0.0000  -0.0000
    12  36.2287   0.0000  -0.0000
    13  39.7253   0.0000  -0.0000
    14  42.9200   0.0000   0.0000
    15  49.2342   0.0000  -0.0000
    16  51.2443   0.0000  -0.0000
    17  51.9232   0.0000   0.0000
    18  55.8597   0.0000  -0.0000
    19  60.4676   0.0000   0.0000
    20  63.8120   0.0000  -0.0000
    21  65.7903   0.0000   0.0000
    22  67.6471   0.0000   0.0000
    23  70.8810   0.0000   0.0000
    24  73.3982   0.0000   0.0000
    25  73.9858   0.0000  -0.0000
    26  76.5605   0.0000  -0.0000
    27  81.0172   0.0000   0.0000
    28  82.8810   0.0000  -0.0000
    29  87.7058   0.0000  -0.0000
    30  89.1906   0.0000  -0.0000
    31  89.4700   0.0000  -0.0000
    32  92.7861   0.0000   0.0000
    33  93.7029   0.0000  -0.0000
    34  96.5327   0.0000  -0.0000
    35  99.4419   0.0000  -0.0000
    36 103.4859   0.0000  -0.0000
    37 109.3714   0.0000  -0.0000
    38 112.5388   0.0000   0.0000
    39 114.8425   0.0000  -0.0000
    40 117.3901   0.0000   0.0000
    41 120.2577   0.0000   0.0000
    42 124.0224   0.0000   0.0000
    43 124.4312   0.0000  -0.0000
    44 125.5268   0.0000   0.0000
    45 127.6168   0.0000   0.0000
    46 128.8728   0.0000   0.0000
    47 133.0018   0.0000  -0.0000
    48 133.5418   0.0000   0.0000
    49 135.5714   0.0000   0.0000
    50 136.7416   0.0000  -0.0000
    51 140.4702   0.0000  -0.0000
    52 140.7834   0.0000  -0.0000
    53 144.0636   0.0000  -0.0000
    54 145.9538   0.0000  -0.0000
    55 147.2918   0.0000   0.0000
    56 149.5632   0.0000  -0.0000
    57 152.1590   0.0000   0.0000
    58 155.8514   0.0000   0.0000
    59 156.6446   0.0000   0.0000
    60 157.0817   0.0000   0.0000
 -0.250000  0.375000  0.125000
  60
     1 -66.4264  -0.0000  -0.0000
     2 -31.8515  -0.0000  -0.0000
     3 -31.7490  -0.0000   0.0000
     4 -31.5869  -0.0000   0.0000
     5  -9.2556   0.0000  -0.0000
     6   3.3412   0.0000   0.0000
     7   4.3291   0.0000   0.0000
     8   6.6816   0.0000  -0.0000
     9  26.2340   0.0000  -0.0000
    10  26.6211   0.0000  -0.0000
    11  31.5931   0.0000  -0.0000
    12  35.9844   0.0000  -0.0000
    13  39.8011   0.0000  -0.0000
    14  40.5126   0.0000   0.0000
    15  50.1850   0.0000   0.0000
    16  50.7738   0.0000  -0.0000
    17  52.0503   0.0000   0.0000
    18  56.6285   0.0000   0.0000
    19  57.9647   0.0000  -0.0000
    20  64.7986   0.0000   0.0000
    21  65.3273   0.0000  -0.0000
    22  68.1104   0.0000   0.0000
    23  70.0555   0.0000   0.0000
    24  73.6500   0.0000   0.0000
    25  76.4911   0.0000   0.0000
    26  79.8578   0.0000   0.0000
    27  81.6245   0.0000   0.0000
    28  82.7722   0.0000   0.0000
    29  83.2793   0.0000   0.0000
    30  90.1956   0.0000  -0.0000
    31  91.4975   0.0000   0.0000
    32  93.2225   0.0000   0.0000
    33  93.7458   0.0000   0.0000
    34  95.9539   0.0000   0.0000
    35  98.1630   0.0000   0.0000
    36 104.2568   0.0000   0.0000
    37 108.8101   0.0000   0.0000
    38 112.7658   0.0000   0.0000
    39 116.1725   0.0000  -0.0000
    40 117.7948   0.0000   0.0000
    41 120.0910   0.0000   0.0000
    42 121.4556   0.0000   0.0000
    43 123.0448   0.0000   0.0000
    44 126.6383   0.0000  -0.0000
    45 127.2978   0.0000   0.0000
    46 129.5922   0.0000  -0.0000
    47 129.8215   0.0000   0.0000
    48 134.2309   0.0000  -0.0000
    49 135.4761   0.0000  -0.0000
    50 136.6263   0.0000   0.0000
    51 139.5214   0.0000   0.0000
    52 140.1844   0.0000   0.0000
    53 146.2091   0.0000  -0.0000
    54 147.7825   0.0000  -0.0000
    55 148.8024   0.0000  -0.0000
    56 150.9116   0.0000   0.0000
    57 151.7215   0.0000  -0.0000
    58 153.5149   0.0000   0.0000
    59 154.4245   0.0000  -0.0000
    60 156.1519   0.0000   0.0000
 -0.375000  0.500000  0.125000
  60
     1 -66.4183  -0.0000  -0.0000
     2 -31.8798  -0.0000  -0.0000
     3 -31.6845  -0.0000   0.0000
     4 -31.6567  -0.0000   0.0000
     5  -9.2358   0.0000   0.0000
     6   2.6883   0.0000  -0.0000
     7   5.6769   0.0000   0.0000
     8   6.2655   0.0000  -0.0000
     9  22.3900   0.0000  -0.0000
    10  29.2704   0.0000  -0.0000
    11  29.8237   0.0000   0.0000
    12  37.5504   0.0000   0.0000
    13  40.1570   0.0000   0.0000
    14  46.1384   0.0000   0.0000
    15  47.6688   0.0000  -0.0000
    16  50.4582   0.0000  -0.0000
    17  52.5668   0.0000   0.0000
    18  58.0947   0.0000   0.0000
    19  60.2315   0.0000   0.0000
    20  62.8970   0.0000   0.0000
    21  65.1341   0.0000   0.0000
    22  67.7304   0.0000  -0.0000
    23  69.4027   0.0000  -0.0000
    24  70.5978   0.0000   0.0000
    25  72.6760   0.0000  -0.0000
    26  76.7505   0.0000  -0.0000
    27  77.4732   0.0000   0.0000
    28  86.7446   0.0000  -0.0000
    29  89.4882   0.0000  -0.0000
    30  90.1140   0.0000   0.0000
    31  90.8794   0.0000   0.0000
    32  91.9711   0.0000   0.0000
    33  95.9809   0.0000  -0.0000
    34  96.0392   0.0000  -0.0000
    35  99.2383   0.0000  -0.0000
    36 103.0902   0.0000  -0.0000
    37 110.8915   0.0000   0.0000
    38 111.3769   0.0000   0.0000
    39 112.7391   0.0000  -0.0000
    40 115.7066   0.0000   0.0000
    41 118.2224   0.0000   0.0000
    42 119.8713   0.0000   0.0000
    43 119.9879   0.0000  -0.0000
    44 129.7749   0.0000  -0.0000
    45 130.3754   0.0000  -0.0000
    46 133.2325   0.0000  -0.0000
    47 133.4143   0.0000  -0.0000
    48 134.0542   0.0000  -0.0000
    49 137.7380   0.0000  -0.0000
    50 137.9972   0.0000   0.0000
    51 139.3663   0.0000   0.0000
    52 142.9279   0.0000  -0.0000
    53 144.2884   0.0000  -0.0000
    54 145.8639   0.0000   0.0000
    55 149.2926   0.0000  -0.0000
    56 151.3475   0.0000  -0.0000
    57 151.4231   0.0000  -0.0000
    58 152.7305   0.0000   0.0000
    59 154.3117   0.0000  -0.0000
    60 156.6156   0.0000  -0.0000
 -0.250000  0.500000  0.250000
  60
     1 -66.4182  -0.0000  -0.0000
     2 -31.7816  -0.0000   0.0000
     3 -31.7816  -0.0000  -0.0000
     4 -31.6687  -0.0000  -0.0000
     5  -9.0870   0.0000  -0.0000
     6   3.9420   0.0000  -0.0000
     7   3.9420   0.0000   0.0000
     8   5.8700   0.0000   0.0000
     9  26.4866   0.0000  -0.0000
    10  26.4866   0.0000   0.0000
    11  30.9471   0.0000   0.0000
    12  35.2222   0.0000   0.0000
    13  41.8128   0.0000   0.0000
    14  41.8128   0.0000   0.0000
    15  48.3820   0.0000  -0.0000
    16  51.8484   0.0000   0.0000
    17  53.8108   0.0000  -0.0000
    18  55.7846   0.0000  -0.0000
    19  62.4363   0.0000   0.0000
    20  62.4363   0.0000  -0.0000
    21  66.6606   0.0000   0.0000
    22  67.1303   0.0000   0.0000
    23  67.1303   0.0000  -0.0000
    24  74.4842   0.0000   0.0000
    25  78.7302   0.0000  -0.0000
    26  78.7302   0.0000  -0.0000
    27  79.9993   0.0000   0.0000
    28  80.3250   0.0000  -0.0000
    29  84.5574   0.0000  -0.0000
    30  84.5574   0.0000  -0.0000
    31  89.9702   0.0000   0.0000
    32  90.5350   0.0000  -0.0000
    33  95.5657   0.0000   0.0000
    34  96.4695   0.0000  -0.0000
    35  96.4695   0.0000   0.0000
    36 104.4980   0.0000  -0.0000
    37 113.6346   0.0000   0.0000
    38 113.6346   0.0000  -0.0000
    39 115.2699   0.0000  -0.0000
    40 122.8146   0.0000  -0.0000
    41 122.8146   0.0000  -0.0000
    42 124.6094   0.0000   0.0000
    43 126.2214   0.0000   0.0000
    44 126.2398   0.0000  -0.0000
    45 127.5610   0.0000  -0.0000
    46 127.5610   0.0000  -0.0000
    47 127.7218   0.0000   0.0000
    48 128.2535   0.0000   0.0000
    49 137.1632   0.0000   0.0000
    50 137.1632   0.0000   0.0000
    51 139.9953   0.0000   0.0000
    52 141.2812   0.0000  -0.0000
    53 141.5690   0.0000   0.0000
    54 149.3700   0.0000   0.0000
    55 149.3914   0.0000   0.0000
    56 149.3914   0.0000   0.0000
    57 152.0052   0.0000  -0.0000
    58 152.9732   0.0000   0.0000
    59 152.9732   0.0000   0.0000
    60 160.5863   0.0000  -0.0000
