          29           1
  0.000000  0.000000  0.000000
  60
     1 -72.5057  -6.4507   0.0000
     2 -37.4154  -3.9480   0.0000
     3 -37.4154  -3.9480   0.0000
     4 -37.4154  -3.9480   0.0000
     5 -15.2384  -3.0051   0.0000
     6   3.6654  -1.5175   0.0000
     7   3.6654  -1.5175   0.0000
     8   3.6654  -1.5175   0.0000
     9  11.6246   0.8237   0.0000
    10  22.7724   1.3889   0.0000
    11  22.7724   1.3889   0.0000
    12  22.7724   1.3889   0.0000
    13  26.8181   1.3314   0.0000
    14  29.0909   1.5861   0.0000
    15  29.0909   1.5861   0.0000
    16  32.8354   2.0150   0.0000
    17  32.8354   2.0150   0.0000
    18  32.8354   2.0150   0.0000
    19  47.5936   2.0026   0.0000
    20  47.5936   2.0026   0.0000
    21  47.5936   2.0026   0.0000
    22  48.9447   1.9752   0.0000
    23  60.4624   2.0793   0.0000
    24  60.4624   2.0793   0.0000
    25  60.4624   2.0793   0.0000
    26  65.9361   1.9652   0.0000
    27  65.9361   1.9652   0.0000
    28  66.9376   2.1119   0.0000
    29  66.9376   2.1119   0.0000
    30  66.9376   2.1119   0.0000
    31  72.8401   2.1618   0.0000
    32  77.1825   2.2788   0.0000
    33  77.1825   2.2788   0.0000
    34  84.4756   2.3186   0.0000
    35  84.4756   2.3186   0.0000
    36  84.4756   2.3186   0.0000
    37  85.2293   2.0747   0.0000
    38  85.2293   2.0747   0.0000
    39  85.2293   2.0747   0.0000
    40  91.7263   2.3438   0.0000
    41  91.7263   2.3438   0.0000
    42  91.7263   2.3438   0.0000
    43  93.3084   2.2535   0.0000
    44  93.3084   2.2535   0.0000
    45  93.3084   2.2535   0.0000
    46  94.8515   2.1887   0.0000
    47  94.8515   2.1887   0.0000
    48  94.8515   2.1887   0.0000
    49  95.0258   2.0529   0.0000
    50  97.5378   1.9048   0.0000
    51  97.5378   1.9048   0.0000
    52  97.5378   1.9048   0.0000
    53  98.5004   1.8106   0.0000
    54  98.5004   1.8106   0.0000
    55  98.9442   2.0395   0.0000
    56  98.9442   2.0395   0.0000
    57  98.9442   2.0395   0.0000
    58 100.5999   2.2529   0.0000
    59 101.2692   1.9737   0.0000
    60 109.5691   2.5247   0.0000
  0.125000  0.000000  0.000000
  60
     1 -72.5038  -6.4510   0.0000
     2 -37.4331  -3.9467   0.0000
     3 -37.4169  -3.9477   0.0000
     4 -37.4169  -3.9477   0.0000
     5 -15.0378  -3.0088   0.0000
     6   2.7507  -1.4440   0.0000
     7   3.5462  -1.5168   0.0000
     8   3.5462  -1.5168   0.0000
     9  12.4694   0.7857   0.0000
    10  20.9403   1.2950   0.0000
    11  23.1890   1.4037   0.0000
    12  23.1890   1.4037   0.0000
    13  28.1902   1.6273   0.0000
    14  28.1902   1.6273   0.0000
    15  29.3769   1.4811   0.0000
    16  32.8614   1.9241   0.0000
    17  34.4898   1.9933   0.0000
    18  34.4898   1.9933   0.0000
    19  45.4855   1.9285   0.0000
    20  47.3225   1.9590   0.0000
    21  47.3225   1.9590   0.0000
    22  50.8138   2.0133   0.0000
    23  57.2588   2.0421   0.0000
    24  57.2588   2.0421   0.0000
    25  61.5882   2.1471   0.0000
    26  63.9928   2.0225   0.0000
    27  63.9928   2.0225   0.0000
    28  67.3572   2.1153   0.0000
    29  72.8051   2.1765   0.0000
    30  73.4102   2.1848   0.0000
    31  73.4102   2.1848   0.0000
    32  76.0103   2.2117   0.0000
    33  76.0103   2.2117   0.0000
    34  81.5267   2.0709   0.0000
    35  82.0049   2.1245   0.0000
    36  82.4555   2.0985   0.0000
    37  82.4555   2.0985   0.0000
    38  84.5568   2.2667   0.0000
    39  84.5568   2.2667   0.0000
    40  86.6612   2.1794   0.0000
    41  86.6612   2.1794   0.0000
    42  87.7110   2.1995   0.0000
    43  91.7636   2.2326   0.0000
    44  92.1365   1.9624   0.0000
    45  92.1365   1.9624   0.0000
    46  93.0822   2.0626   0.0000
    47  94.8222   2.2721   0.0000
    48  96.8815   2.1636   0.0000
    49  96.8815   2.1636   0.0000
    50  98.8208   2.1871   0.0000
    51  98.8208   2.1871   0.0000
    52 100.0899   2.2152   0.0000
    53 100.4657   2.2151   0.0000
    54 100.4657   2.2151   0.0000
    55 101.2918   2.2425   0.0000
    56 103.5527   2.0417   0.0000
    57 106.3660   2.1632   0.0000
    58 107.3203   1.9434   0.0000
    59 107.3203   1.9434   0.0000
    60 110.0502   2.4155   0.0000
  0.250000  0.000000  0.000000
  60
     1 -72.4992  -6.4516   0.0000
     2 -37.4751  -3.9430   0.0000
     3 -37.4205  -3.9469   0.0000
     4 -37.4205  -3.9469   0.0000
     5 -14.5160  -3.0230   0.0000
     6   0.8962  -1.4418   0.0000
     7   3.2706  -1.5173   0.0000
     8   3.2706  -1.5173   0.0000
     9  13.9227   0.8839   0.0000
    10  19.3666   1.1898   0.0000
    11  23.8464   1.4497   0.0000
    12  23.8464   1.4497   0.0000
    13  27.7785   1.6258   0.0000
    14  27.7785   1.6258   0.0000
    15  30.1686   1.7851   0.0000
    16  35.9309   1.6613   0.0000
    17  37.3198   2.0442   0.0000
    18  37.3198   2.0442   0.0000
    19  43.1673   1.8082   0.0000
    20  45.7312   1.8322   0.0000
    21  45.7312   1.8322   0.0000
    22  53.6450   2.0590   0.0000
    23  53.7421   2.0446   0.0000
    24  53.7421   2.0446   0.0000
    25  63.3907   2.2626   0.0000
    26  64.8716   2.0532   0.0000
    27  64.8716   2.0532   0.0000
    28  68.6119   2.1260   0.0000
    29  70.6435   2.0749   0.0000
    30  70.9584   2.1842   0.0000
    31  70.9584   2.1842   0.0000
    32  75.2230   2.0662   0.0000
    33  77.8115   2.0790   0.0000
    34  77.8115   2.0790   0.0000
    35  78.4551   2.0757   0.0000
    36  80.0081   2.2349   0.0000
    37  80.0081   2.2349   0.0000
    38  82.2581   2.1709   0.0000
    39  84.0285   2.1159   0.0000
    40  84.0285   2.1159   0.0000
    41  85.7316   2.1470   0.0000
    42  85.7316   2.1470   0.0000
    43  90.3222   2.1902   0.0000
    44  90.4767   2.0416   0.0000
    45  90.4767   2.0416   0.0000
    46  90.7066   2.1541   0.0000
    47  97.3888   2.2887   0.0000
    48  98.0730   2.3072   0.0000
    49  98.0730   2.3072   0.0000
    50  99.7275   2.3281   0.0000
    51 102.9284   2.2274   0.0000
    52 102.9284   2.2274   0.0000
    53 107.8011   2.2330   0.0000
    54 107.8011   2.2330   0.0000
    55 109.0879   2.2368   0.0000
    56 109.2769   2.2699   0.0000
    57 111.7086   2.2209   0.0000
    58 111.7086   2.2209   0.0000
    59 113.9107   2.0008   0.0000
    60 117.6799   2.5213   0.0000
  0.375000  0.000000  0.000000
  60
     1 -72.4946  -6.4522   0.0000
     2 -37.5169  -3.9396   0.0000
     3 -37.4240  -3.9460   0.0000
     4 -37.4240  -3.9460   0.0000
     5 -13.9262  -3.0503   0.0000
     6  -0.7200  -1.4636   0.0000
     7   3.0102  -1.5197   0.0000
     8   3.0102  -1.5197   0.0000
     9  14.5229   0.9906   0.0000
    10  19.4108   1.1546   0.0000
    11  23.7863   1.4840   0.0000
    12  23.7863   1.4840   0.0000
    13  29.2090   1.6659   0.0000
    14  29.2090   1.6659   0.0000
    15  29.3713   1.7834   0.0000
    16  37.5647   1.6733   0.0000
    17  39.3336   2.0011   0.0000
    18  39.3336   2.0011   0.0000
    19  42.7050   1.8387   0.0000
    20  42.7050   1.8387   0.0000
    21  45.6236   1.7254   0.0000
    22  54.1849   2.0194   0.0000
    23  54.1849   2.0194   0.0000
    24  56.7190   2.0687   0.0000
    25  61.2694   2.0521   0.0000
    26  64.6839   2.1176   0.0000
    27  64.6839   2.1176   0.0000
    28  66.3685   2.2864   0.0000
    29  66.9165   2.0416   0.0000
    30  66.9165   2.0416   0.0000
    31  70.6745   2.1487   0.0000
    32  70.8266   1.9889   0.0000
    33  73.6040   2.0417   0.0000
    34  73.6040   2.0417   0.0000
    35  77.6694   2.1381   0.0000
    36  78.3257   2.2601   0.0000
    37  79.4367   2.2017   0.0000
    38  79.4367   2.2017   0.0000
    39  84.1927   2.0979   0.0000
    40  84.1927   2.0979   0.0000
    41  89.7551   2.1063   0.0000
    42  90.6702   2.1441   0.0000
    43  91.0415   2.1616   0.0000
    44  91.0415   2.1616   0.0000
    45  92.6266   2.2313   0.0000
    46  92.6266   2.2313   0.0000
    47  96.1211   2.3626   0.0000
    48  97.7184   2.3132   0.0000
    49  97.7184   2.3132   0.0000
    50 104.1650   2.3437   0.0000
    51 108.7565   2.3343   0.0000
    52 108.7565   2.3343   0.0000
    53 110.1554   2.2496   0.0000
    54 113.3107   2.3258   0.0000
    55 113.3107   2.3258   0.0000
    56 115.0711   2.1941   0.0000
    57 115.0711   2.1941   0.0000
    58 115.2347   2.2378   0.0000
    59 116.2928   2.2241   0.0000
    60 116.2928   2.2241   0.0000
  0.500000  0.000000  0.000000
  60
     1 -72.4927  -6.4525   0.0000
     2 -37.5339  -3.9381   0.0000
     3 -37.4254  -3.9457   0.0000
     4 -37.4254  -3.9457   0.0000
     5 -13.6556  -3.0685   0.0000
     6  -1.3614  -1.4664   0.0000
     7   2.9064  -1.5211   0.0000
     8   2.9064  -1.5211   0.0000
     9  14.5426   1.0103   0.0000
    10  19.7907   1.1756   0.0000
    11  23.6357   1.4884   0.0000
    12  23.6357   1.4884   0.0000
    13  29.0226   1.7711   0.0000
    14  30.4273   1.7288   0.0000
    15  30.4273   1.7288   0.0000
    16  37.0237   1.6409   0.0000
    17  39.0886   1.6727   0.0000
    18  39.0886   1.6727   0.0000
    19  41.8692   2.1318   0.0000
    20  41.8692   2.1318   0.0000
    21  51.7880   1.8101   0.0000
    22  53.4458   1.7672   0.0000
    23  56.2651   2.0139   0.0000
    24  56.2651   2.0139   0.0000
    25  60.8132   2.1671   0.0000
    26  60.7648   2.0398   0.0000
    27  60.7648   2.0398   0.0000
    28  63.6335   2.3225   0.0000
    29  68.7072   2.1439   0.0000
    30  68.7072   2.1439   0.0000
    31  70.0885   2.0614   0.0000
    32  70.9546   1.9590   0.0000
    33  70.9546   1.9590   0.0000
    34  72.8631   2.2216   0.0000
    35  74.6382   2.0619   0.0000
    36  78.5472   2.3186   0.0000
    37  79.0140   2.1929   0.0000
    38  79.0140   2.1929   0.0000
    39  84.0029   2.0750   0.0000
    40  84.0029   2.0750   0.0000
    41  89.8384   2.1573   0.0000
    42  90.7834   2.0615   0.0000
    43  92.1998   2.2156   0.0000
    44  92.1998   2.2156   0.0000
    45  93.8987   2.3177   0.0000
    46  93.8987   2.3177   0.0000
    47  95.7706   2.3530   0.0000
    48 104.3397   2.3877   0.0000
    49 104.3397   2.3877   0.0000
    50 104.6314   2.2491   0.0000
    51 104.6314   2.2491   0.0000
    52 106.4237   2.4247   0.0000
    53 110.6871   2.2634   0.0000
    54 112.2936   2.1480   0.0000
    55 113.7073   2.3036   0.0000
    56 113.7073   2.3036   0.0000
    57 118.0488   2.1990   0.0000
    58 118.0488   2.1990   0.0000
    59 121.3599   2.2648   0.0000
    60 121.3661   2.2627   0.0000
  0.125000  0.125000  0.000000
  60
     1 -72.5032  -6.4511   0.0000
     2 -37.4316  -3.9465   0.0000
     3 -37.4210  -3.9475   0.0000
     4 -37.4210  -3.9475   0.0000
     5 -14.9750  -3.0100   0.0000
     6   2.6794  -1.4361   0.0000
     7   3.4094  -1.5134   0.0000
     8   3.4094  -1.5134   0.0000
     9  12.7605   0.7791   0.0000
    10  20.3343   1.2819   0.0000
    11  23.4178   1.4137   0.0000
    12  23.4178   1.4137   0.0000
    13  26.4756   1.6188   0.0000
    14  29.6179   1.6010   0.0000
    15  30.3738   1.4375   0.0000
    16  33.5905   2.0139   0.0000
    17  33.5905   2.0139   0.0000
    18  35.0754   1.9692   0.0000
    19  45.6396   1.9081   0.0000
    20  46.7561   1.9438   0.0000
    21  46.7561   1.9438   0.0000
    22  51.6390   2.0287   0.0000
    23  58.0336   2.0899   0.0000
    24  58.0336   2.0899   0.0000
    25  58.0852   1.9632   0.0000
    26  60.9093   2.0889   0.0000
    27  66.4230   2.0415   0.0000
    28  71.3022   2.1776   0.0000
    29  71.3022   2.1776   0.0000
    30  72.6478   2.1704   0.0000
    31  75.5673   2.2342   0.0000
    32  75.7453   2.2633   0.0000
    33  76.8625   2.1362   0.0000
    34  78.6723   2.1233   0.0000
    35  78.6723   2.1233   0.0000
    36  82.4120   1.9447   0.0000
    37  83.1163   2.1900   0.0000
    38  83.1163   2.1900   0.0000
    39  84.3594   2.2148   0.0000
    40  86.5612   1.9370   0.0000
    41  89.6380   2.2078   0.0000
    42  89.6380   2.2078   0.0000
    43  90.7901   2.1340   0.0000
    44  90.7901   2.1340   0.0000
    45  91.2438   2.1814   0.0000
    46  92.3728   2.0702   0.0000
    47  95.1726   2.3938   0.0000
    48  95.1047   2.2735   0.0000
    49  98.2147   2.3286   0.0000
    50  98.2147   2.3286   0.0000
    51  98.4181   1.9270   0.0000
    52  99.0565   2.2339   0.0000
    53 100.9735   2.0137   0.0000
    54 100.9735   2.0137   0.0000
    55 102.1038   1.9310   0.0000
    56 106.2031   2.2732   0.0000
    57 106.2031   2.2732   0.0000
    58 108.7042   2.2640   0.0000
    59 110.6022   2.2075   0.0000
    60 111.9954   1.9088   0.0000
  0.250000  0.125000  0.000000
  60
     1 -72.4995  -6.4516   0.0000
     2 -37.4624  -3.9439   0.0000
     3 -37.4264  -3.9468   0.0000
     4 -37.4239  -3.9468   0.0000
     5 -14.5703  -3.0204   0.0000
     6   1.3395  -1.4393   0.0000
     7   3.1265  -1.5052   0.0000
     8   3.1293  -1.5136   0.0000
     9  14.0992   0.8481   0.0000
    10  18.9088   1.2032   0.0000
    11  23.6899   1.4796   0.0000
    12  24.0877   1.4550   0.0000
    13  25.5325   1.5618   0.0000
    14  29.6321   1.6454   0.0000
    15  32.1778   1.7770   0.0000
    16  35.8041   2.0055   0.0000
    17  35.5189   1.7051   0.0000
    18  37.0512   2.0192   0.0000
    19  43.4230   1.8174   0.0000
    20  45.0826   1.8372   0.0000
    21  47.2333   1.8857   0.0000
    22  52.9524   2.0157   0.0000
    23  53.4520   2.0163   0.0000
    24  55.6951   2.0908   0.0000
    25  59.1414   2.0540   0.0000
    26  62.6621   2.1924   0.0000
    27  66.0575   2.1357   0.0000
    28  70.2775   2.0864   0.0000
    29  72.7027   2.1656   0.0000
    30  72.7095   2.1668   0.0000
    31  73.4101   2.1861   0.0000
    32  75.0926   2.1662   0.0000
    33  75.3560   2.1927   0.0000
    34  77.1358   2.1469   0.0000
    35  78.4778   2.0345   0.0000
    36  79.4268   2.0425   0.0000
    37  81.1078   2.1364   0.0000
    38  81.8921   1.9585   0.0000
    39  83.9100   2.1361   0.0000
    40  84.5538   2.0819   0.0000
    41  84.8554   2.1581   0.0000
    42  87.9632   2.1807   0.0000
    43  88.3680   2.2706   0.0000
    44  89.6674   2.2235   0.0000
    45  93.1328   2.1024   0.0000
    46  95.6316   2.1677   0.0000
    47  95.8914   2.4003   0.0000
    48  97.3979   2.1114   0.0000
    49  97.6336   2.1441   0.0000
    50  98.6955   2.2909   0.0000
    51  99.2897   2.2296   0.0000
    52 101.6893   2.2732   0.0000
    53 101.7439   2.2270   0.0000
    54 107.7896   2.2349   0.0000
    55 109.0143   2.1311   0.0000
    56 112.2792   2.0530   0.0000
    57 112.5372   2.2139   0.0000
    58 112.9957   2.2261   0.0000
    59 113.4362   2.3252   0.0000
    60 115.7692   2.3842   0.0000
  0.375000  0.125000  0.000000
  60
     1 -72.4949  -6.4522   0.0000
     2 -37.5018  -3.9407   0.0000
     3 -37.4299  -3.9459   0.0000
     4 -37.4291  -3.9457   0.0000
     5 -14.0091  -3.0435   0.0000
     6  -0.1790  -1.4615   0.0000
     7   2.7202  -1.4942   0.0000
     8   2.8781  -1.5174   0.0000
     9  15.1000   0.9686   0.0000
    10  18.7409   1.1309   0.0000
    11  22.7704   1.4922   0.0000
    12  24.2780   1.4956   0.0000
    13  26.9359   1.5913   0.0000
    14  30.3706   1.6932   0.0000
    15  31.6766   1.8108   0.0000
    16  37.9986   1.9452   0.0000
    17  38.6047   1.7471   0.0000
    18  39.0845   2.0533   0.0000
    19  41.4685   1.7195   0.0000
    20  44.1451   1.7680   0.0000
    21  47.2880   1.8655   0.0000
    22  51.5644   1.9598   0.0000
    23  52.8267   2.0118   0.0000
    24  57.8491   2.1180   0.0000
    25  60.8205   2.0726   0.0000
    26  62.3034   2.1077   0.0000
    27  64.5612   2.1599   0.0000
    28  66.9282   2.0979   0.0000
    29  67.1428   2.1008   0.0000
    30  67.4891   2.1079   0.0000
    31  71.4107   2.0964   0.0000
    32  72.7871   2.0681   0.0000
    33  74.5367   2.0881   0.0000
    34  75.4298   2.2042   0.0000
    35  76.3753   2.1124   0.0000
    36  79.2906   2.0018   0.0000
    37  79.7493   2.0858   0.0000
    38  81.3456   2.2385   0.0000
    39  81.7941   2.1210   0.0000
    40  85.0209   2.1764   0.0000
    41  87.4870   2.1663   0.0000
    42  89.2916   2.2656   0.0000
    43  90.1852   2.2755   0.0000
    44  91.5230   2.3069   0.0000
    45  93.8749   2.2717   0.0000
    46  95.0134   2.0309   0.0000
    47  96.3392   2.1612   0.0000
    48  98.6030   2.3766   0.0000
    49  99.6096   2.2214   0.0000
    50 102.2896   2.0697   0.0000
    51 105.1631   2.3235   0.0000
    52 105.0412   2.1219   0.0000
    53 108.3626   2.3646   0.0000
    54 108.8613   2.3053   0.0000
    55 112.4680   2.3549   0.0000
    56 112.9899   2.3749   0.0000
    57 113.6886   2.3839   0.0000
    58 117.6737   2.3600   0.0000
    59 118.7043   2.1610   0.0000
    60 119.1835   2.2479   0.0000
  0.500000  0.125000  0.000000
  60
     1 -72.4921  -6.4525   0.0000
     2 -37.5253  -3.9387   0.0000
     3 -37.4352  -3.9449   0.0000
     4 -37.4295  -3.9455   0.0000
     5 -13.6249  -3.0674   0.0000
     6  -1.0623  -1.4648   0.0000
     7   2.3991  -1.4894   0.0000
     8   2.7898  -1.5206   0.0000
     9  15.2503   1.0010   0.0000
    10  19.4828   1.1510   0.0000
    11  22.2234   1.4763   0.0000
    12  24.1091   1.5095   0.0000
    13  28.5798   1.6589   0.0000
    14  30.9293   1.7295   0.0000
    15  31.3218   1.7948   0.0000
    16  37.9494   1.7163   0.0000
    17  38.7712   1.8535   0.0000
    18  38.7389   1.7406   0.0000
    19  42.0668   2.0404   0.0000
    20  43.7549   1.9563   0.0000
    21  50.6259   1.7687   0.0000
    22  54.4101   1.9566   0.0000
    23  55.1067   2.0009   0.0000
    24  55.6570   1.8498   0.0000
    25  58.7427   1.9731   0.0000
    26  61.4657   2.0718   0.0000
    27  62.2119   2.1941   0.0000
    28  63.0376   2.0564   0.0000
    29  64.8850   2.3497   0.0000
    30  67.7911   2.1674   0.0000
    31  67.7821   2.0199   0.0000
    32  71.0419   2.0359   0.0000
    33  72.3756   2.0682   0.0000
    34  75.0543   2.1287   0.0000
    35  76.8441   2.2380   0.0000
    36  79.3588   2.0895   0.0000
    37  79.6474   2.1014   0.0000
    38  80.5685   2.1028   0.0000
    39  82.2025   2.2427   0.0000
    40  83.3721   2.1464   0.0000
    41  86.5916   2.1441   0.0000
    42  89.5693   2.3406   0.0000
    43  93.4215   2.4503   0.0000
    44  93.4654   2.2315   0.0000
    45  95.4587   2.0838   0.0000
    46  97.2500   2.1917   0.0000
    47  98.8272   2.2996   0.0000
    48 102.1862   2.1626   0.0000
    49 104.5925   2.3200   0.0000
    50 104.9770   2.2964   0.0000
    51 105.2923   2.3197   0.0000
    52 106.0243   2.2772   0.0000
    53 110.1583   2.2374   0.0000
    54 111.3070   2.2089   0.0000
    55 112.3996   2.2906   0.0000
    56 112.3877   2.1409   0.0000
    57 115.6898   2.3641   0.0000
    58 116.7214   2.3350   0.0000
    59 117.8636   2.2900   0.0000
    60 119.7086   2.2003   0.0000
 -0.375000  0.125000  0.000000
  60
     1 -72.4927  -6.4525   0.0000
     2 -37.5199  -3.9392   0.0000
     3 -37.4383  -3.9449   0.0000
     4 -37.4255  -3.9457   0.0000
     5 -13.7094  -3.0616   0.0000
     6  -0.8611  -1.4635   0.0000
     7   2.3353  -1.4870   0.0000
     8   2.9083  -1.5208   0.0000
     9  15.2770   0.9935   0.0000
    10  19.3427   1.1417   0.0000
    11  22.3498   1.4767   0.0000
    12  24.1783   1.5169   0.0000
    13  28.9932   1.6314   0.0000
    14  29.4949   1.6874   0.0000
    15  31.3658   1.8095   0.0000
    16  38.2189   1.7577   0.0000
    17  38.8103   1.9562   0.0000
    18  39.7266   1.7116   0.0000
    19  40.8576   1.9905   0.0000
    20  44.8286   1.9342   0.0000
    21  48.5041   1.7503   0.0000
    22  52.1445   1.9500   0.0000
    23  55.4201   1.9904   0.0000
    24  57.6406   1.9368   0.0000
    25  60.4564   2.0797   0.0000
    26  61.0910   2.1312   0.0000
    27  62.5683   2.0703   0.0000
    28  64.0190   2.0374   0.0000
    29  66.2573   2.2994   0.0000
    30  67.2276   2.1697   0.0000
    31  67.4405   2.0192   0.0000
    32  70.8486   2.0337   0.0000
    33  72.7448   2.0907   0.0000
    34  75.0466   2.1199   0.0000
    35  76.4614   2.2243   0.0000
    36  79.8266   2.1102   0.0000
    37  79.8572   2.1300   0.0000
    38  81.9913   2.1099   0.0000
    39  82.7559   2.1835   0.0000
    40  83.2853   2.1557   0.0000
    41  85.2490   2.0820   0.0000
    42  90.1386   2.3925   0.0000
    43  92.1289   2.3756   0.0000
    44  93.1481   2.2618   0.0000
    45  94.8996   2.2109   0.0000
    46  97.4397   2.1462   0.0000
    47  97.7149   2.1805   0.0000
    48 101.1272   2.1916   0.0000
    49 102.5445   2.2696   0.0000
    50 104.1425   2.2453   0.0000
    51 105.7730   2.4089   0.0000
    52 108.6877   2.3358   0.0000
    53 109.5538   2.2735   0.0000
    54 110.7021   2.2221   0.0000
    55 111.8770   2.2799   0.0000
    56 113.8747   2.2771   0.0000
    57 114.6010   2.2077   0.0000
    58 115.7763   2.2068   0.0000
    59 118.2847   2.1859   0.0000
    60 119.4636   2.2915   0.0000
 -0.250000  0.125000  0.000000
  60
     1 -72.4964  -6.4520   0.0000
     2 -37.4894  -3.9417   0.0000
     3 -37.4357  -3.9458   0.0000
     4 -37.4201  -3.9464   0.0000
     5 -14.1932  -3.0350   0.0000
     6   0.3026  -1.4532   0.0000
     7   2.5844  -1.4876   0.0000
     8   3.1760  -1.5197   0.0000
     9  14.9011   0.9259   0.0000
    10  18.8240   1.1450   0.0000
    11  22.9780   1.4768   0.0000
    12  24.5828   1.5039   0.0000
    13  26.5422   1.5674   0.0000
    14  29.1201   1.6612   0.0000
    15  31.8292   1.8249   0.0000
    16  36.8670   1.9141   0.0000
    17  38.5660   2.0745   0.0000
    18  38.8743   1.7695   0.0000
    19  41.3068   1.7271   0.0000
    20  44.9740   1.7981   0.0000
    21  47.6779   1.8566   0.0000
    22  50.4405   1.9754   0.0000
    23  53.0767   1.9940   0.0000
    24  56.6407   2.1277   0.0000
    25  61.3691   2.0803   0.0000
    26  63.8844   2.2689   0.0000
    27  65.3854   2.0984   0.0000
    28  67.4256   2.1176   0.0000
    29  68.8586   2.0827   0.0000
    30  69.5137   2.0700   0.0000
    31  71.2072   2.0364   0.0000
    32  73.4660   2.1365   0.0000
    33  74.4926   2.0653   0.0000
    34  75.0870   2.1696   0.0000
    35  76.5397   2.1284   0.0000
    36  79.7947   2.0969   0.0000
    37  80.1283   2.2693   0.0000
    38  83.1856   1.9186   0.0000
    39  83.9878   2.1334   0.0000
    40  84.7055   2.2155   0.0000
    41  85.5319   2.0132   0.0000
    42  87.3021   2.2033   0.0000
    43  88.8820   2.2970   0.0000
    44  90.9627   2.2669   0.0000
    45  91.7823   2.3301   0.0000
    46  95.4947   2.2861   0.0000
    47  96.1089   2.1849   0.0000
    48  99.8082   2.1627   0.0000
    49 100.6845   2.2188   0.0000
    50 100.8835   2.2905   0.0000
    51 101.9058   2.1082   0.0000
    52 106.5656   2.3311   0.0000
    53 107.2342   2.1875   0.0000
    54 109.0614   2.2782   0.0000
    55 110.6514   2.1648   0.0000
    56 110.8714   2.3662   0.0000
    57 113.5727   2.2505   0.0000
    58 115.3997   2.1038   0.0000
    59 116.5964   2.5115   0.0000
    60 117.3097   2.3573   0.0000
 -0.125000  0.125000  0.000000
  60
     1 -72.5010  -6.4514   0.0000
     2 -37.4533  -3.9449   0.0000
     3 -37.4271  -3.9470   0.0000
     4 -37.4166  -3.9473   0.0000
     5 -14.7333  -3.0160   0.0000
     6   1.7801  -1.4336   0.0000
     7   3.0927  -1.5002   0.0000
     8   3.4454  -1.5190   0.0000
     9  13.5623   0.8156   0.0000
    10  19.6057   1.2265   0.0000
    11  23.4224   1.4428   0.0000
    12  23.9181   1.4237   0.0000
    13  26.5091   1.6162   0.0000
    14  28.5498   1.6406   0.0000
    15  31.4729   1.6770   0.0000
    16  34.2507   1.9117   0.0000
    17  35.2650   1.8358   0.0000
    18  36.7773   2.0409   0.0000
    19  43.4047   1.8310   0.0000
    20  46.3677   1.9096   0.0000
    21  47.8847   1.9137   0.0000
    22  51.4823   1.9916   0.0000
    23  54.9123   2.0803   0.0000
    24  55.3512   2.0119   0.0000
    25  61.5575   2.0390   0.0000
    26  62.7304   2.2092   0.0000
    27  64.0950   2.0710   0.0000
    28  71.8766   2.2539   0.0000
    29  72.0401   2.1651   0.0000
    30  74.1215   2.1906   0.0000
    31  74.5191   2.0975   0.0000
    32  75.1797   2.2898   0.0000
    33  76.5268   2.0490   0.0000
    34  77.2017   2.0603   0.0000
    35  78.6245   2.1098   0.0000
    36  79.6375   2.1340   0.0000
    37  79.8950   2.0519   0.0000
    38  82.7074   2.0993   0.0000
    39  84.2719   2.2300   0.0000
    40  85.7080   1.8724   0.0000
    41  86.2850   2.1564   0.0000
    42  86.5430   2.3133   0.0000
    43  88.4753   1.9480   0.0000
    44  91.9751   2.3454   0.0000
    45  92.0375   2.1486   0.0000
    46  92.4708   2.1235   0.0000
    47  94.4695   2.3195   0.0000
    48  96.1290   2.4852   0.0000
    49  99.7498   2.0894   0.0000
    50 100.2648   2.2054   0.0000
    51 100.8625   2.0461   0.0000
    52 101.4518   2.0790   0.0000
    53 104.3211   2.1633   0.0000
    54 104.7482   2.2050   0.0000
    55 105.6384   2.1284   0.0000
    56 106.8588   2.4161   0.0000
    57 107.4504   2.3665   0.0000
    58 110.2824   2.3044   0.0000
    59 113.7078   1.9898   0.0000
    60 115.7737   2.2643   0.0000
  0.250000  0.250000  0.000000
  60
     1 -72.4970  -6.4518   0.0000
     2 -37.4680  -3.9427   0.0000
     3 -37.4345  -3.9463   0.0000
     4 -37.4345  -3.9462   0.0000
     5 -14.3301  -3.0274   0.0000
     6   0.9137  -1.4540   0.0000
     7   2.8503  -1.5138   0.0000
     8   2.8503  -1.5138   0.0000
     9  15.0171   0.9055   0.0000
    10  17.6352   1.1856   0.0000
    11  22.9541   1.5221   0.0000
    12  24.8910   1.5011   0.0000
    13  24.8910   1.5011   0.0000
    14  31.1552   1.6444   0.0000
    15  35.8981   2.0095   0.0000
    16  35.8981   2.0095   0.0000
    17  36.6867   1.9859   0.0000
    18  36.4298   1.5364   0.0000
    19  44.5455   1.8129   0.0000
    20  44.6257   1.8044   0.0000
    21  44.6257   1.8044   0.0000
    22  50.9625   1.8881   0.0000
    23  55.9544   2.1469   0.0000
    24  55.9544   2.1469   0.0000
    25  56.5246   2.1020   0.0000
    26  62.1604   2.1195   0.0000
    27  65.7579   2.2051   0.0000
    28  68.5675   2.0862   0.0000
    29  68.5675   2.0862   0.0000
    30  71.8116   2.0888   0.0000
    31  72.2096   1.7841   0.0000
    32  75.0659   2.2604   0.0000
    33  75.7889   2.3152   0.0000
    34  77.4346   2.2369   0.0000
    35  77.4346   2.2369   0.0000
    36  81.5027   2.0781   0.0000
    37  81.5027   2.0781   0.0000
    38  82.9409   2.0574   0.0000
    39  84.5705   2.0768   0.0000
    40  84.7066   2.0780   0.0000
    41  86.6141   2.1393   0.0000
    42  87.8768   2.1576   0.0000
    43  87.8768   2.1576   0.0000
    44  89.7167   2.0292   0.0000
    45  91.5455   2.3023   0.0000
    46  91.6355   2.1714   0.0000
    47  91.6355   2.1714   0.0000
    48  99.1796   2.5172   0.0000
    49  99.1796   2.5172   0.0000
    50  99.7749   2.3122   0.0000
    51 102.9505   2.3938   0.0000
    52 103.6183   1.9769   0.0000
    53 106.7307   2.0621   0.0000
    54 106.7307   2.0621   0.0000
    55 108.1337   1.9778   0.0000
    56 111.1166   2.3169   0.0000
    57 115.6738   2.3338   0.0000
    58 116.8149   2.4280   0.0000
    59 116.8149   2.4280   0.0000
    60 119.2465   2.3235   0.0000
  0.375000  0.250000  0.000000
  60
     1 -72.4933  -6.4523   0.0000
     2 -37.4919  -3.9408   0.0000
     3 -37.4425  -3.9451   0.0000
     4 -37.4399  -3.9454   0.0000
     5 -13.9090  -3.0449   0.0000
     6   0.0512  -1.4765   0.0000
     7   2.3554  -1.4955   0.0000
     8   2.6045  -1.5181   0.0000
     9  16.1394   1.0326   0.0000
    10  17.1696   1.1124   0.0000
    11  21.4929   1.4459   0.0000
    12  25.3739   1.5513   0.0000
    13  25.9021   1.5751   0.0000
    14  32.0340   1.7003   0.0000
    15  35.8351   1.9060   0.0000
    16  36.5459   1.9279   0.0000
    17  38.2232   1.9995   0.0000
    18  40.3427   1.6695   0.0000
    19  42.1718   1.7300   0.0000
    20  43.8201   1.7638   0.0000
    21  47.4004   1.8497   0.0000
    22  49.7428   1.8793   0.0000
    23  52.6969   2.0634   0.0000
    24  56.0257   2.1471   0.0000
    25  59.9137   2.1462   0.0000
    26  61.3867   2.0584   0.0000
    27  64.1268   2.0627   0.0000
    28  64.6570   2.2394   0.0000
    29  65.0959   2.1159   0.0000
    30  68.6603   1.8657   0.0000
    31  70.6035   2.0671   0.0000
    32  73.2583   2.2144   0.0000
    33  74.6281   2.0775   0.0000
    34  76.0899   2.2946   0.0000
    35  77.9289   2.0637   0.0000
    36  78.9847   2.0174   0.0000
    37  81.9442   2.1615   0.0000
    38  82.1978   2.2618   0.0000
    39  82.7754   2.1777   0.0000
    40  84.5267   2.1813   0.0000
    41  87.1994   2.1708   0.0000
    42  90.0048   2.1986   0.0000
    43  90.7267   2.1489   0.0000
    44  91.3147   2.2053   0.0000
    45  93.2690   2.1149   0.0000
    46  93.4597   2.2842   0.0000
    47  95.7580   2.0936   0.0000
    48  99.1577   2.3798   0.0000
    49  99.6247   2.4506   0.0000
    50 102.7496   2.1881   0.0000
    51 103.4177   2.0840   0.0000
    52 106.5820   2.2411   0.0000
    53 107.3475   2.2110   0.0000
    54 110.4767   2.3995   0.0000
    55 113.0996   2.3997   0.0000
    56 113.7844   2.4209   0.0000
    57 115.0839   2.1283   0.0000
    58 116.8379   2.2580   0.0000
    59 118.8719   2.0612   0.0000
    60 120.5300   2.4036   0.0000
  0.500000  0.250000  0.000000
  60
     1 -72.4905  -6.4526   0.0000
     2 -37.5080  -3.9398   0.0000
     3 -37.4555  -3.9436   0.0000
     4 -37.4396  -3.9451   0.0000
     5 -13.5427  -3.0665   0.0000
     6  -0.4748  -1.4748   0.0000
     7   1.5812  -1.4706   0.0000
     8   2.5219  -1.5216   0.0000
     9  16.3914   1.0659   0.0000
    10  18.5153   1.1190   0.0000
    11  20.5655   1.3944   0.0000
    12  25.2489   1.5700   0.0000
    13  26.5838   1.6112   0.0000
    14  32.4859   1.7349   0.0000
    15  35.2114   1.8835   0.0000
    16  36.7729   1.8777   0.0000
    17  37.7780   1.7923   0.0000
    18  40.5598   1.7285   0.0000
    19  42.9228   1.9368   0.0000
    20  47.5269   1.9634   0.0000
    21  49.8079   1.7595   0.0000
    22  51.5744   1.9256   0.0000
    23  52.0231   1.8740   0.0000
    24  55.3496   1.9135   0.0000
    25  56.6124   2.1436   0.0000
    26  60.3174   2.0222   0.0000
    27  61.1942   1.9215   0.0000
    28  64.1474   2.1792   0.0000
    29  64.4873   2.2091   0.0000
    30  67.0530   2.2639   0.0000
    31  67.8771   1.9864   0.0000
    32  69.3293   2.1136   0.0000
    33  73.2269   2.1648   0.0000
    34  74.5834   2.1992   0.0000
    35  77.0874   2.1666   0.0000
    36  77.5147   2.0042   0.0000
    37  79.6609   2.1371   0.0000
    38  82.1256   2.1082   0.0000
    39  83.9638   2.1892   0.0000
    40  84.5653   2.3482   0.0000
    41  89.5007   2.2765   0.0000
    42  90.6177   2.1834   0.0000
    43  94.2891   2.1962   0.0000
    44  94.7794   2.4435   0.0000
    45  95.4946   2.2812   0.0000
    46  97.5479   2.1006   0.0000
    47 100.7097   2.2300   0.0000
    48 101.4888   2.1015   0.0000
    49 103.0366   2.1438   0.0000
    50 103.8102   2.1281   0.0000
    51 105.2613   2.2536   0.0000
    52 106.0667   2.1959   0.0000
    53 106.8468   2.3543   0.0000
    54 109.3662   2.3465   0.0000
    55 113.3568   2.3346   0.0000
    56 113.7823   2.2642   0.0000
    57 115.8793   2.3672   0.0000
    58 116.1725   2.2617   0.0000
    59 118.3546   2.2007   0.0000
    60 119.4278   2.4407   0.0000
 -0.375000  0.250000  0.000000
  60
     1 -72.4903  -6.4527   0.0000
     2 -37.5066  -3.9400   0.0000
     3 -37.4663  -3.9427   0.0000
     4 -37.4337  -3.9452   0.0000
     5 -13.4785  -3.0719   0.0000
     6  -0.4050  -1.4588   0.0000
     7   1.0810  -1.4678   0.0000
     8   2.6432  -1.5218   0.0000
     9  16.6654   1.0450   0.0000
    10  19.0542   1.1126   0.0000
    11  20.5300   1.4214   0.0000
    12  25.0616   1.5773   0.0000
    13  27.3807   1.6093   0.0000
    14  30.1775   1.6115   0.0000
    15  34.7209   1.8957   0.0000
    16  37.4662   1.9001   0.0000
    17  37.9258   1.9278   0.0000
    18  41.1334   1.7520   0.0000
    19  43.4107   1.8568   0.0000
    20  46.4677   1.9436   0.0000
    21  49.6523   1.8786   0.0000
    22  52.6818   1.7605   0.0000
    23  54.9513   2.0417   0.0000
    24  56.5468   1.9526   0.0000
    25  56.9718   1.8787   0.0000
    26  58.8020   1.9970   0.0000
    27  59.2939   2.0247   0.0000
    28  63.0919   2.1450   0.0000
    29  65.6292   2.0537   0.0000
    30  65.9201   2.1712   0.0000
    31  67.6670   2.3164   0.0000
    32  68.7764   2.0952   0.0000
    33  71.6377   2.0528   0.0000
    34  72.2831   2.2562   0.0000
    35  77.9975   2.1393   0.0000
    36  78.9701   2.2852   0.0000
    37  79.1797   2.0495   0.0000
    38  80.7003   2.0323   0.0000
    39  85.4978   2.1251   0.0000
    40  86.8465   2.3990   0.0000
    41  88.8242   2.2315   0.0000
    42  88.9247   2.2693   0.0000
    43  94.4305   2.2974   0.0000
    44  96.4911   2.3013   0.0000
    45  97.1300   2.2812   0.0000
    46  98.3893   2.1924   0.0000
    47 101.6412   2.3081   0.0000
    48 101.6364   2.0783   0.0000
    49 103.0477   2.1382   0.0000
    50 104.3682   2.1552   0.0000
    51 106.1826   2.2831   0.0000
    52 106.4677   2.3069   0.0000
    53 109.2403   2.1481   0.0000
    54 110.2780   2.1808   0.0000
    55 111.6888   2.2879   0.0000
    56 112.7427   2.1622   0.0000
    57 113.5427   2.2175   0.0000
    58 115.1967   2.3580   0.0000
    59 115.9087   2.3343   0.0000
    60 119.4862   2.4308   0.0000
 -0.250000  0.250000  0.000000
  60
     1 -72.4927  -6.4524   0.0000
     2 -37.4982  -3.9407   0.0000
     3 -37.4588  -3.9438   0.0000
     4 -37.4256  -3.9457   0.0000
     5 -13.7622  -3.0552   0.0000
     6  -0.0832  -1.4575   0.0000
     7   1.4918  -1.4661   0.0000
     8   2.9103  -1.5205   0.0000
     9  16.3711   0.9948   0.0000
    10  18.4819   1.1018   0.0000
    11  21.4769   1.4588   0.0000
    12  25.1232   1.5884   0.0000
    13  27.3355   1.5170   0.0000
    14  28.8612   1.6565   0.0000
    15  34.1662   1.9058   0.0000
    16  37.2195   1.8994   0.0000
    17  38.7092   2.0383   0.0000
    18  39.6610   1.7160   0.0000
    19  42.6476   1.8038   0.0000
    20  47.4170   1.7312   0.0000
    21  47.6938   1.9020   0.0000
    22  50.0226   1.9451   0.0000
    23  51.3788   1.9219   0.0000
    24  59.3447   2.1402   0.0000
    25  59.3532   2.1278   0.0000
    26  62.5297   2.1414   0.0000
    27  63.5189   1.9285   0.0000
    28  65.1257   2.0793   0.0000
    29  65.1973   2.0673   0.0000
    30  66.5034   2.0672   0.0000
    31  68.2689   2.1389   0.0000
    32  70.8458   2.1420   0.0000
    33  71.8388   2.1987   0.0000
    34  72.4704   2.0619   0.0000
    35  78.3583   2.3102   0.0000
    36  79.6842   2.2472   0.0000
    37  80.2065   1.8936   0.0000
    38  81.4841   2.0061   0.0000
    39  85.5987   2.2780   0.0000
    40  86.5251   2.0380   0.0000
    41  87.4087   2.3218   0.0000
    42  88.3246   2.3808   0.0000
    43  88.7743   2.2229   0.0000
    44  94.8597   2.3625   0.0000
    45  95.0331   2.1635   0.0000
    46  95.8693   2.1660   0.0000
    47  99.9157   2.3555   0.0000
    48 101.1194   2.2642   0.0000
    49 102.7805   2.1040   0.0000
    50 103.5299   2.0806   0.0000
    51 103.6633   2.1646   0.0000
    52 106.6945   2.3553   0.0000
    53 106.8767   2.3276   0.0000
    54 111.7824   2.1582   0.0000
    55 112.0772   2.3019   0.0000
    56 113.3990   2.3022   0.0000
    57 113.5107   2.1973   0.0000
    58 116.2311   2.4569   0.0000
    59 116.5460   2.1556   0.0000
    60 117.3538   2.1589   0.0000
  0.375000  0.375000  0.000000
  60
     1 -72.4909  -6.4525   0.0000
     2 -37.5010  -3.9396   0.0000
     3 -37.4481  -3.9449   0.0000
     4 -37.4481  -3.9449   0.0000
     5 -13.6765  -3.0549   0.0000
     6  -0.3721  -1.4998   0.0000
     7   2.3588  -1.5220   0.0000
     8   2.3588  -1.5220   0.0000
     9  15.9486   1.1228   0.0000
    10  16.8707   1.1730   0.0000
    11  20.6264   1.3283   0.0000
    12  26.2951   1.6186   0.0000
    13  26.2951   1.6186   0.0000
    14  33.4526   1.7129   0.0000
    15  35.2298   1.8584   0.0000
    16  38.8228   1.9726   0.0000
    17  38.8228   1.9726   0.0000
    18  43.5282   1.7134   0.0000
    19  43.5282   1.7134   0.0000
    20  43.7175   1.6175   0.0000
    21  45.3101   1.8035   0.0000
    22  46.5755   1.9198   0.0000
    23  54.0286   2.1483   0.0000
    24  54.0286   2.1483   0.0000
    25  61.0062   2.0884   0.0000
    26  61.0062   2.0884   0.0000
    27  61.5748   1.8238   0.0000
    28  62.5122   2.2058   0.0000
    29  63.2814   2.1604   0.0000
    30  63.9955   2.0675   0.0000
    31  72.8679   2.1943   0.0000
    32  74.0085   2.2387   0.0000
    33  75.3282   2.3266   0.0000
    34  76.6878   1.9448   0.0000
    35  76.6878   1.9448   0.0000
    36  79.1766   2.0922   0.0000
    37  81.9398   1.9712   0.0000
    38  82.2115   2.0887   0.0000
    39  85.5490   2.4990   0.0000
    40  85.5490   2.4990   0.0000
    41  86.3112   2.1287   0.0000
    42  86.3112   2.1287   0.0000
    43  88.1135   2.1130   0.0000
    44  88.0730   2.0143   0.0000
    45  95.8135   2.1939   0.0000
    46  95.8135   2.1939   0.0000
    47  98.2473   2.1994   0.0000
    48 101.8802   2.4458   0.0000
    49 101.8802   2.4458   0.0000
    50 103.3549   2.2243   0.0000
    51 106.3974   2.3441   0.0000
    52 110.4398   2.0073   0.0000
    53 112.2212   2.4170   0.0000
    54 112.2212   2.4170   0.0000
    55 112.5550   2.3554   0.0000
    56 114.1132   2.0744   0.0000
    57 114.1132   2.0744   0.0000
    58 115.3993   2.0024   0.0000
    59 118.6876   2.5401   0.0000
    60 121.4992   2.3844   0.0000
  0.500000  0.375000  0.000000
  60
     1 -72.4889  -6.4528   0.0000
     2 -37.5074  -3.9393   0.0000
     3 -37.4590  -3.9439   0.0000
     4 -37.4496  -3.9446   0.0000
     5 -13.4481  -3.0683   0.0000
     6  -0.5724  -1.5056   0.0000
     7   1.7861  -1.4908   0.0000
     8   2.2710  -1.5248   0.0000
     9  15.9728   1.0957   0.0000
    10  17.6927   1.2910   0.0000
    11  20.0781   1.2151   0.0000
    12  26.3949   1.6424   0.0000
    13  26.4448   1.6394   0.0000
    14  34.6312   1.7645   0.0000
    15  34.9702   1.8333   0.0000
    16  37.3664   1.7802   0.0000
    17  38.4258   1.9053   0.0000
    18  43.6125   1.7223   0.0000
    19  44.2671   1.9098   0.0000
    20  46.9951   1.7308   0.0000
    21  49.0405   1.9549   0.0000
    22  49.3754   1.7101   0.0000
    23  50.3326   2.0327   0.0000
    24  52.5516   2.1120   0.0000
    25  55.9564   1.9497   0.0000
    26  59.1432   2.1181   0.0000
    27  59.4112   1.8637   0.0000
    28  62.6129   2.1835   0.0000
    29  65.6725   2.2300   0.0000
    30  66.4716   2.1681   0.0000
    31  69.1483   2.0303   0.0000
    32  72.5911   2.2096   0.0000
    33  73.4303   2.4388   0.0000
    34  75.2086   2.1724   0.0000
    35  76.3440   1.8983   0.0000
    36  78.0448   1.9940   0.0000
    37  78.5538   2.0123   0.0000
    38  81.1006   2.0828   0.0000
    39  84.9164   2.1827   0.0000
    40  86.8211   2.5743   0.0000
    41  87.1647   2.2975   0.0000
    42  89.7194   2.1143   0.0000
    43  90.5109   2.1711   0.0000
    44  94.6110   2.1041   0.0000
    45  97.6252   2.1899   0.0000
    46  98.3363   2.2328   0.0000
    47 100.5187   2.3797   0.0000
    48 101.6349   2.1977   0.0000
    49 103.1888   2.3027   0.0000
    50 106.3826   2.3049   0.0000
    51 107.2781   2.2997   0.0000
    52 108.7059   2.3274   0.0000
    53 109.9925   2.1398   0.0000
    54 111.0504   2.1180   0.0000
    55 113.1310   2.3309   0.0000
    56 114.0143   2.3600   0.0000
    57 114.9211   2.2579   0.0000
    58 117.9640   2.4460   0.0000
    59 118.1686   2.3669   0.0000
    60 119.9255   2.1346   0.0000
 -0.375000  0.375000  0.000000
  60
     1 -72.4887  -6.4528   0.0000
     2 -37.4965  -3.9403   0.0000
     3 -37.4798  -3.9422   0.0000
     4 -37.4438  -3.9448   0.0000
     5 -13.3667  -3.0753   0.0000
     6  -0.1556  -1.4923   0.0000
     7   0.7355  -1.4535   0.0000
     8   2.3836  -1.5241   0.0000
     9  16.6664   1.1060   0.0000
    10  19.1078   1.3381   0.0000
    11  19.4737   1.1298   0.0000
    12  25.8666   1.6233   0.0000
    13  26.1354   1.6021   0.0000
    14  32.9494   1.6475   0.0000
    15  36.0026   1.8800   0.0000
    16  36.6805   1.8713   0.0000
    17  37.1079   1.9182   0.0000
    18  44.0560   1.7281   0.0000
    19  45.3391   1.8993   0.0000
    20  46.6666   1.9173   0.0000
    21  50.4861   1.8989   0.0000
    22  51.4800   1.7872   0.0000
    23  52.3032   2.1106   0.0000
    24  52.3773   1.9246   0.0000
    25  57.6202   1.8351   0.0000
    26  58.0270   1.8346   0.0000
    27  58.3027   2.1033   0.0000
    28  61.0617   1.8936   0.0000
    29  64.4656   2.2190   0.0000
    30  66.6548   2.3184   0.0000
    31  68.9107   2.1148   0.0000
    32  69.3949   2.1932   0.0000
    33  71.5793   2.5502   0.0000
    34  73.6852   1.9914   0.0000
    35  76.9189   1.8832   0.0000
    36  77.6599   2.2430   0.0000
    37  78.2330   1.9843   0.0000
    38  78.9669   2.2008   0.0000
    39  87.4377   2.3363   0.0000
    40  87.6843   2.5499   0.0000
    41  88.4881   2.1031   0.0000
    42  94.7833   2.0160   0.0000
    43  95.8162   2.2338   0.0000
    44  96.8942   2.2166   0.0000
    45  97.6866   2.3786   0.0000
    46  99.4764   2.2504   0.0000
    47 100.5724   2.1425   0.0000
    48 100.7054   2.2063   0.0000
    49 101.7798   2.3332   0.0000
    50 103.1806   2.1067   0.0000
    51 105.5210   2.2896   0.0000
    52 108.7350   2.2370   0.0000
    53 108.9669   2.2678   0.0000
    54 109.3577   2.1493   0.0000
    55 110.3655   2.0719   0.0000
    56 114.0563   2.3515   0.0000
    57 114.9178   2.3178   0.0000
    58 116.7115   2.3526   0.0000
    59 117.6327   2.4396   0.0000
    60 118.3602   2.3200   0.0000
  0.500000  0.500000  0.000000
  60
     1 -72.4883  -6.4528   0.0000
     2 -37.5138  -3.9387   0.0000
     3 -37.4538  -3.9445   0.0000
     4 -37.4538  -3.9445   0.0000
     5 -13.4052  -3.0698   0.0000
     6  -0.8106  -1.5173   0.0000
     7   2.1715  -1.5267   0.0000
     8   2.1715  -1.5267   0.0000
     9  15.3805   1.1008   0.0000
    10  17.2748   1.3575   0.0000
    11  20.2116   1.1816   0.0000
    12  26.8818   1.6760   0.0000
    13  26.8818   1.6760   0.0000
    14  34.1255   1.7925   0.0000
    15  35.0620   1.7722   0.0000
    16  39.2951   1.8421   0.0000
    17  39.2951   1.8421   0.0000
    18  42.5822   1.7395   0.0000
    19  45.9313   1.7611   0.0000
    20  45.9313   1.7611   0.0000
    21  48.0974   1.9986   0.0000
    22  50.6440   2.1099   0.0000
    23  50.6440   2.1099   0.0000
    24  51.7909   1.6488   0.0000
    25  52.4906   1.7310   0.0000
    26  58.8938   2.1570   0.0000
    27  58.8938   2.1570   0.0000
    28  61.1278   2.1472   0.0000
    29  64.8715   2.1698   0.0000
    30  68.9040   2.1515   0.0000
    31  72.1394   2.6141   0.0000
    32  73.6200   2.2318   0.0000
    33  74.5427   2.1172   0.0000
    34  75.8086   1.8815   0.0000
    35  75.8086   1.8815   0.0000
    36  77.1790   2.0542   0.0000
    37  77.1531   1.9278   0.0000
    38  81.3693   1.9677   0.0000
    39  85.7761   2.1218   0.0000
    40  85.7761   2.1218   0.0000
    41  87.1275   2.6354   0.0000
    42  87.1275   2.6354   0.0000
    43  87.5212   2.0101   0.0000
    44  91.2611   2.1474   0.0000
    45  99.7736   2.1339   0.0000
    46 101.0982   2.2820   0.0000
    47 101.0982   2.2820   0.0000
    48 104.3033   2.2619   0.0000
    49 104.3033   2.2619   0.0000
    50 108.0070   2.2992   0.0000
    51 108.0070   2.2992   0.0000
    52 110.2643   2.2019   0.0000
    53 111.1869   2.3897   0.0000
    54 112.9913   2.2823   0.0000
    55 114.0305   2.2359   0.0000
    56 115.0252   2.5495   0.0000
    57 115.0252   2.5495   0.0000
    58 115.4452   2.4574   0.0000
    59 117.3680   1.9022   0.0000
    60 119.9293   2.2244   0.0000
  0.375000  0.250000  0.125000
  60
     1 -72.4958  -6.4520   0.0000
     2 -37.4828  -3.9419   0.0000
     3 -37.4416  -3.9455   0.0000
     4 -37.4264  -3.9461   0.0000
     5 -14.1537  -3.0353   0.0000
     6   0.4813  -1.4578   0.0000
     7   2.4091  -1.4867   0.0000
     8   2.9691  -1.5140   0.0000
     9  15.4301   0.9280   0.0000
    10  18.0462   1.1441   0.0000
    11  22.5002   1.4880   0.0000
    12  25.0921   1.5563   0.0000
    13  25.4671   1.5012   0.0000
    14  30.2811   1.6790   0.0000
    15  34.1515   1.8584   0.0000
    16  36.1291   1.9224   0.0000
    17  37.7514   2.0063   0.0000
    18  39.5897   1.7427   0.0000
    19  41.2839   1.7598   0.0000
    20  45.1169   1.7876   0.0000
    21  47.1545   1.8585   0.0000
    22  51.0323   1.9703   0.0000
    23  53.2816   2.0269   0.0000
    24  55.9629   2.0229   0.0000
    25  58.6821   2.1521   0.0000
    26  63.5701   2.2332   0.0000
    27  65.3922   2.1767   0.0000
    28  67.1075   2.0328   0.0000
    29  67.5711   2.0943   0.0000
    30  70.2957   2.1331   0.0000
    31  73.5458   1.9945   0.0000
    32  74.0656   2.2420   0.0000
    33  74.7960   2.1745   0.0000
    34  74.9184   1.9504   0.0000
    35  76.3857   1.9429   0.0000
    36  77.9409   2.1547   0.0000
    37  79.6241   2.1885   0.0000
    38  80.6290   2.2803   0.0000
    39  85.7601   2.0759   0.0000
    40  86.1960   2.1570   0.0000
    41  87.7553   2.2753   0.0000
    42  89.1356   2.3138   0.0000
    43  89.9415   2.1639   0.0000
    44  90.7799   2.0665   0.0000
    45  91.1089   2.1704   0.0000
    46  94.3257   2.2519   0.0000
    47  95.6537   2.1060   0.0000
    48  98.0876   2.2666   0.0000
    49  99.7292   2.3908   0.0000
    50 100.0321   2.3344   0.0000
    51 101.2796   2.1294   0.0000
    52 106.6340   2.3184   0.0000
    53 107.3604   2.0428   0.0000
    54 108.9990   2.1863   0.0000
    55 111.4760   2.2042   0.0000
    56 112.3164   2.2694   0.0000
    57 112.8607   2.3590   0.0000
    58 116.2852   2.4072   0.0000
    59 117.1138   2.5033   0.0000
    60 119.5480   2.2526   0.0000
  0.500000  0.250000  0.125000
  60
     1 -72.4921  -6.4525   0.0000
     2 -37.5047  -3.9402   0.0000
     3 -37.4520  -3.9441   0.0000
     4 -37.4319  -3.9454   0.0000
     5 -13.6979  -3.0585   0.0000
     6  -0.3312  -1.4654   0.0000
     7   1.7856  -1.4737   0.0000
     8   2.6874  -1.5128   0.0000
     9  16.3184   1.0119   0.0000
    10  18.4222   1.1018   0.0000
    11  21.3058   1.4561   0.0000
    12  24.7076   1.5510   0.0000
    13  27.2765   1.5826   0.0000
    14  30.3539   1.7006   0.0000
    15  34.3785   1.8604   0.0000
    16  37.7440   1.9567   0.0000
    17  37.9266   1.8537   0.0000
    18  40.6215   1.7774   0.0000
    19  41.4315   1.8202   0.0000
    20  47.2131   1.8154   0.0000
    21  48.8534   1.9129   0.0000
    22  49.0639   1.8629   0.0000
    23  53.6278   1.9876   0.0000
    24  57.4676   2.0515   0.0000
    25  58.8582   1.9873   0.0000
    26  60.5869   2.0806   0.0000
    27  62.6576   2.0624   0.0000
    28  64.3435   2.0997   0.0000
    29  66.7334   2.2035   0.0000
    30  67.0809   2.1983   0.0000
    31  67.8976   2.0754   0.0000
    32  71.5626   2.0318   0.0000
    33  72.1068   2.0760   0.0000
    34  73.9704   2.1209   0.0000
    35  74.9218   2.0582   0.0000
    36  78.1954   2.2029   0.0000
    37  79.9320   2.2377   0.0000
    38  83.5437   2.1302   0.0000
    39  84.2442   2.2515   0.0000
    40  87.9352   2.2724   0.0000
    41  88.7972   2.2478   0.0000
    42  89.2389   2.1141   0.0000
    43  91.2365   2.2171   0.0000
    44  92.8097   2.2368   0.0000
    45  94.1135   2.1953   0.0000
    46  95.7067   2.2021   0.0000
    47  97.8228   2.2425   0.0000
    48 101.5560   2.2159   0.0000
    49 102.2739   2.2630   0.0000
    50 104.4763   2.3069   0.0000
    51 105.8383   2.1216   0.0000
    52 107.6583   2.2103   0.0000
    53 108.2113   2.3273   0.0000
    54 108.9232   2.2329   0.0000
    55 110.8837   2.2463   0.0000
    56 112.9225   2.3155   0.0000
    57 114.7589   2.3561   0.0000
    58 116.9745   2.2897   0.0000
    59 118.0016   2.2800   0.0000
    60 120.6104   2.2207   0.0000
 -0.375000  0.250000  0.125000
  60
     1 -72.4905  -6.4527   0.0000
     2 -37.5143  -3.9395   0.0000
     3 -37.4545  -3.9435   0.0000
     4 -37.4354  -3.9450   0.0000
     5 -13.4950  -3.0720   0.0000
     6  -0.6816  -1.4621   0.0000
     7   1.5605  -1.4726   0.0000
     8   2.5558  -1.5128   0.0000
     9  16.3762   1.0195   0.0000
    10  19.1598   1.1226   0.0000
    11  20.8579   1.4453   0.0000
    12  24.4550   1.5428   0.0000
    13  28.2769   1.6007   0.0000
    14  30.0041   1.7215   0.0000
    15  34.4985   1.8532   0.0000
    16  37.3425   1.8546   0.0000
    17  38.1677   1.8783   0.0000
    18  39.9857   1.7217   0.0000
    19  44.1091   1.9730   0.0000
    20  44.6619   1.9139   0.0000
    21  52.2140   1.9437   0.0000
    22  52.5316   1.7875   0.0000
    23  54.4645   1.8301   0.0000
    24  55.6548   1.8997   0.0000
    25  57.4317   2.1133   0.0000
    26  58.3377   1.9955   0.0000
    27  61.3748   1.9895   0.0000
    28  62.9945   2.0023   0.0000
    29  64.5844   2.1960   0.0000
    30  65.9557   2.3116   0.0000
    31  67.3762   2.2337   0.0000
    32  70.9175   2.0738   0.0000
    33  71.3709   2.0769   0.0000
    34  73.4656   2.1084   0.0000
    35  75.0070   2.1027   0.0000
    36  77.4726   2.1802   0.0000
    37  81.1265   2.2584   0.0000
    38  82.3158   2.1391   0.0000
    39  85.6618   2.2757   0.0000
    40  86.4720   2.2696   0.0000
    41  88.6309   2.1207   0.0000
    42  88.9023   2.1253   0.0000
    43  92.4765   2.2574   0.0000
    44  94.3208   2.2588   0.0000
    45  96.7495   2.3105   0.0000
    46  99.4808   2.3237   0.0000
    47 100.1950   2.3323   0.0000
    48 102.1366   2.1691   0.0000
    49 103.5444   2.1597   0.0000
    50 104.8579   2.1781   0.0000
    51 107.6651   2.2840   0.0000
    52 107.5656   2.0623   0.0000
    53 109.3428   2.2276   0.0000
    54 110.3917   2.2928   0.0000
    55 111.6269   2.2593   0.0000
    56 111.7381   2.2414   0.0000
    57 115.2131   2.3607   0.0000
    58 115.2362   2.3002   0.0000
    59 116.4664   2.1772   0.0000
    60 116.6274   2.2235   0.0000
  0.500000  0.375000  0.125000
  60
     1 -72.4905  -6.4526   0.0000
     2 -37.5008  -3.9399   0.0000
     3 -37.4563  -3.9441   0.0000
     4 -37.4448  -3.9447   0.0000
     5 -13.5896  -3.0613   0.0000
     6  -0.2928  -1.4877   0.0000
     7   1.8150  -1.4871   0.0000
     8   2.2939  -1.5046   0.0000
     9  16.8229   1.0868   0.0000
    10  17.4147   1.1289   0.0000
    11  20.4146   1.3580   0.0000
    12  25.1927   1.5786   0.0000
    13  26.9395   1.6278   0.0000
    14  32.4766   1.7220   0.0000
    15  36.1993   1.8971   0.0000
    16  37.1369   1.8465   0.0000
    17  38.2028   1.9491   0.0000
    18  42.0308   1.6555   0.0000
    19  42.2335   1.8302   0.0000
    20  46.8900   1.8983   0.0000
    21  47.3938   1.7237   0.0000
    22  51.3572   1.8937   0.0000
    23  52.1514   2.0492   0.0000
    24  53.2278   2.0787   0.0000
    25  57.5673   1.9797   0.0000
    26  59.3205   2.0063   0.0000
    27  63.4651   2.2003   0.0000
    28  64.5639   2.2144   0.0000
    29  65.0693   1.8353   0.0000
    30  66.0535   2.2708   0.0000
    31  69.6273   2.1236   0.0000
    32  70.3845   1.9731   0.0000
    33  72.5628   2.1949   0.0000
    34  73.6387   1.9887   0.0000
    35  75.5873   2.2706   0.0000
    36  76.4398   2.2173   0.0000
    37  82.8262   2.3059   0.0000
    38  84.0991   2.1749   0.0000
    39  86.4192   2.2041   0.0000
    40  87.6618   2.0175   0.0000
    41  88.3730   2.1851   0.0000
    42  88.5327   2.2044   0.0000
    43  89.7396   2.2169   0.0000
    44  93.1340   2.1932   0.0000
    45  94.9795   2.1562   0.0000
    46  96.3074   2.4065   0.0000
    47  99.6901   2.0907   0.0000
    48 100.9685   2.3206   0.0000
    49 103.0236   2.1831   0.0000
    50 103.3655   2.2248   0.0000
    51 103.6501   2.2671   0.0000
    52 106.9157   2.2888   0.0000
    53 109.3199   2.3468   0.0000
    54 110.7321   2.3531   0.0000
    55 112.7417   2.3612   0.0000
    56 114.2524   2.0118   0.0000
    57 117.7372   2.4539   0.0000
    58 118.3979   2.2064   0.0000
    59 119.8644   2.3254   0.0000
    60 119.8886   2.1325   0.0000
 -0.375000  0.375000  0.125000
  60
     1 -72.4890  -6.4528   0.0000
     2 -37.4984  -3.9403   0.0000
     3 -37.4719  -3.9425   0.0000
     4 -37.4473  -3.9444   0.0000
     5 -13.3877  -3.0743   0.0000
     6  -0.1547  -1.4792   0.0000
     7   0.9619  -1.4687   0.0000
     8   2.1501  -1.4990   0.0000
     9  17.2235   1.0785   0.0000
    10  18.7573   1.1492   0.0000
    11  19.7162   1.3326   0.0000
    12  24.3049   1.5470   0.0000
    13  27.8835   1.6597   0.0000
    14  31.4424   1.7037   0.0000
    15  35.7761   1.8411   0.0000
    16  37.2184   1.9137   0.0000
    17  38.4399   1.9145   0.0000
    18  41.9544   1.6682   0.0000
    19  45.1636   1.9260   0.0000
    20  47.5666   1.9356   0.0000
    21  49.2523   1.8651   0.0000
    22  50.8141   1.8707   0.0000
    23  52.7267   2.0622   0.0000
    24  55.2417   1.8960   0.0000
    25  55.9088   1.8908   0.0000
    26  57.5325   1.9755   0.0000
    27  61.3308   1.8902   0.0000
    28  62.8027   1.9338   0.0000
    29  65.5108   2.2200   0.0000
    30  66.1745   2.1469   0.0000
    31  66.8730   2.1827   0.0000
    32  68.5336   2.2510   0.0000
    33  70.0466   2.0586   0.0000
    34  72.2427   2.2079   0.0000
    35  73.5518   2.3102   0.0000
    36  77.0511   2.2265   0.0000
    37  82.3949   2.1329   0.0000
    38  84.6609   2.1456   0.0000
    39  86.9438   2.0905   0.0000
    40  87.8578   2.3400   0.0000
    41  89.7617   2.2743   0.0000
    42  93.8305   2.3059   0.0000
    43  94.0786   2.1659   0.0000
    44  95.1305   2.1758   0.0000
    45  96.9036   2.2215   0.0000
    46  96.9490   2.1584   0.0000
    47 100.1925   2.2436   0.0000
    48 100.8551   2.1910   0.0000
    49 102.4586   2.2832   0.0000
    50 103.2516   2.2137   0.0000
    51 106.4502   2.2408   0.0000
    52 107.0614   2.1222   0.0000
    53 108.9245   2.2556   0.0000
    54 110.5471   2.2429   0.0000
    55 111.6219   2.3195   0.0000
    56 113.0403   2.3196   0.0000
    57 115.1405   2.3451   0.0000
    58 117.8948   2.3342   0.0000
    59 118.5946   2.4205   0.0000
    60 118.6720   2.2877   0.0000
 -0.250000  0.375000  0.125000
  60
     1 -72.4896  -6.4528   0.0000
     2 -37.4953  -3.9408   0.0000
     3 -37.4762  -3.9421   0.0000
     4 -37.4404  -3.9447   0.0000
     5 -13.4353  -3.0726   0.0000
     6   0.0020  -1.4602   0.0000
     7   0.7249  -1.4728   0.0000
     8   2.3505  -1.5038   0.0000
     9  17.5561   1.0634   0.0000
    10  18.4448   1.0860   0.0000
    11  20.1613   1.4129   0.0000
    12  24.3004   1.5449   0.0000
    13  28.8021   1.6573   0.0000
    14  29.2341   1.6352   0.0000
    15  36.4736   1.8781   0.0000
    16  37.0569   1.9110   0.0000
    17  37.7855   1.9388   0.0000
    18  42.7920   1.8482   0.0000
    19  42.7232   1.7089   0.0000
    20  48.2460   1.8949   0.0000
    21  48.8654   1.9625   0.0000
    22  51.7520   1.7672   0.0000
    23  52.3153   2.0408   0.0000
    24  55.6205   1.9042   0.0000
    25  57.1976   2.0491   0.0000
    26  60.3250   1.9292   0.0000
    27  61.6302   1.9981   0.0000
    28  62.5589   1.9778   0.0000
    29  62.8239   1.9189   0.0000
    30  66.7700   2.2929   0.0000
    31  66.7706   2.2432   0.0000
    32  69.8935   2.1781   0.0000
    33  70.3003   2.3033   0.0000
    34  71.2755   1.9929   0.0000
    35  73.5678   2.1998   0.0000
    36  77.5871   2.2877   0.0000
    37  81.1375   2.1825   0.0000
    38  85.4210   2.0665   0.0000
    39  87.9262   2.3627   0.0000
    40  88.3503   1.9906   0.0000
    41  89.3051   2.3507   0.0000
    42  91.6551   2.3780   0.0000
    43  93.2625   2.1946   0.0000
    44  95.8354   2.1770   0.0000
    45  96.4429   2.1722   0.0000
    46  98.0822   2.1748   0.0000
    47  98.5384   2.1876   0.0000
    48 101.3547   2.2190   0.0000
    49 102.3281   2.2367   0.0000
    50 102.6421   2.2199   0.0000
    51 105.4742   2.2194   0.0000
    52 105.9636   2.2937   0.0000
    53 110.5806   2.3738   0.0000
    54 112.0175   2.2131   0.0000
    55 112.8337   2.2718   0.0000
    56 114.9152   2.1623   0.0000
    57 115.2366   2.1893   0.0000
    58 116.1138   2.3713   0.0000
    59 116.8018   2.2766   0.0000
    60 118.0319   2.3493   0.0000
 -0.375000  0.500000  0.125000
  60
     1 -72.4883  -6.4528   0.0000
     2 -37.5049  -3.9395   0.0000
     3 -37.4623  -3.9434   0.0000
     4 -37.4551  -3.9441   0.0000
     5 -13.3646  -3.0736   0.0000
     6  -0.4773  -1.5038   0.0000
     7   1.5898  -1.4895   0.0000
     8   1.9577  -1.4956   0.0000
     9  16.3845   1.0664   0.0000
    10  18.1980   1.3602   0.0000
    11  19.7674   1.1494   0.0000
    12  25.1415   1.5899   0.0000
    13  27.5275   1.6893   0.0000
    14  34.3777   1.7395   0.0000
    15  34.6619   1.8008   0.0000
    16  36.2821   1.8614   0.0000
    17  39.7381   1.8830   0.0000
    18  44.2796   1.6769   0.0000
    19  45.1240   1.8972   0.0000
    20  47.5479   1.8376   0.0000
    21  48.4387   1.9258   0.0000
    22  49.7356   2.0596   0.0000
    23  51.7340   1.9069   0.0000
    24  52.8564   1.9458   0.0000
    25  55.3436   1.7892   0.0000
    26  57.0511   2.0538   0.0000
    27  58.4327   1.9240   0.0000
    28  62.9519   2.2170   0.0000
    29  66.9773   2.3287   0.0000
    30  68.1634   1.9110   0.0000
    31  69.0360   2.1995   0.0000
    32  69.0558   1.8957   0.0000
    33  71.8694   2.5708   0.0000
    34  72.0647   2.2154   0.0000
    35  73.1150   1.9889   0.0000
    36  76.1406   2.1821   0.0000
    37  84.2239   2.0559   0.0000
    38  84.4615   1.9796   0.0000
    39  86.0525   2.4425   0.0000
    40  85.9032   2.0203   0.0000
    41  88.8670   2.5366   0.0000
    42  89.1640   2.1976   0.0000
    43  90.3942   2.0706   0.0000
    44  97.7611   2.2801   0.0000
    45  98.5989   2.2345   0.0000
    46 100.3616   2.3939   0.0000
    47 100.3324   2.1614   0.0000
    48 100.9332   2.1167   0.0000
    49 104.1023   2.2408   0.0000
    50 104.7134   2.2782   0.0000
    51 106.2829   2.2243   0.0000
    52 107.5450   2.3082   0.0000
    53 109.9240   2.0230   0.0000
    54 111.2480   2.2094   0.0000
    55 112.8678   2.3036   0.0000
    56 113.7322   2.3487   0.0000
    57 114.7906   2.4493   0.0000
    58 115.0946   2.5160   0.0000
    59 117.5914   2.2690   0.0000
    60 118.0596   2.3708   0.0000
 -0.250000  0.500000  0.250000
  60
     1 -72.4883  -6.4529   0.0000
     2 -37.4835  -3.9414   0.0000
     3 -37.4835  -3.9414   0.0000
     4 -37.4564  -3.9438   0.0000
     5 -13.3236  -3.0775   0.0000
     6   0.4399  -1.4790   0.0000
     7   0.4399  -1.4790   0.0000
     8   1.7502  -1.4699   0.0000
     9  18.3598   1.0807   0.0000
    10  18.3598   1.0807   0.0000
    11  19.5795   1.3842   0.0000
    12  23.2044   1.5094   0.0000
    13  29.8539   1.7107   0.0000
    14  29.8539   1.7107   0.0000
    15  34.8796   1.8013   0.0000
    16  37.6469   1.9471   0.0000
    17  40.4695   1.9923   0.0000
    18  42.7400   1.5457   0.0000
    19  46.4350   1.8973   0.0000
    20  46.4350   1.8973   0.0000
    21  48.9696   2.0210   0.0000
    22  50.3278   1.9526   0.0000
    23  50.3278   1.9526   0.0000
    24  55.3430   1.9632   0.0000
    25  59.8693   1.8692   0.0000
    26  59.8693   1.8692   0.0000
    27  60.8923   1.8515   0.0000
    28  61.2075   1.8605   0.0000
    29  63.7897   1.9687   0.0000
    30  63.7897   1.9687   0.0000
    31  65.6827   2.3551   0.0000
    32  67.6551   2.1389   0.0000
    33  70.7635   2.4524   0.0000
    34  70.7635   2.4524   0.0000
    35  71.0733   2.2226   0.0000
    36  77.8783   2.2543   0.0000
    37  85.1710   2.3075   0.0000
    38  85.9745   2.0732   0.0000
    39  85.9745   2.0732   0.0000
    40  92.5263   2.3010   0.0000
    41  92.5263   2.3010   0.0000
    42  94.4077   2.1303   0.0000
    43  95.6492   2.3277   0.0000
    44  95.9249   2.0218   0.0000
    45  96.2283   2.2009   0.0000
    46  96.2283   2.2009   0.0000
    47  96.2966   2.1158   0.0000
    48  96.9516   2.2689   0.0000
    49 104.0006   2.2013   0.0000
    50 104.0006   2.2013   0.0000
    51 105.8371   2.2610   0.0000
    52 105.9069   2.2362   0.0000
    53 108.0396   2.2824   0.0000
    54 112.7131   2.2697   0.0000
    55 113.7845   2.4958   0.0000
    56 113.8843   2.1807   0.0000
    57 113.8843   2.1807   0.0000
    58 115.5405   2.4356   0.0000
    59 115.5405   2.4356   0.0000
    60 121.4251   2.4054   0.0000
