          29           1
  0.000000  0.000000  0.000000
  60
     1 -71.9445  -6.4489   0.0000
     2 -36.8558  -3.9466   0.0000
     3 -36.8558  -3.9466   0.0000
     4 -36.8558  -3.9466   0.0000
     5 -15.0603  -3.0131   0.0000
     6   4.0878  -1.5309   0.0000
     7   4.0878  -1.5309   0.0000
     8   4.0878  -1.5309   0.0000
     9  12.5729   0.8491   0.0000
    10  23.4757   1.4127   0.0000
    11  23.4757   1.4127   0.0000
    12  23.4757   1.4127   0.0000
    13  27.6433   1.3644   0.0000
    14  29.9783   1.6099   0.0000
    15  29.9783   1.6099   0.0000
    16  34.2166   2.0530   0.0000
    17  34.2165   2.0530   0.0000
    18  34.2165   2.0530   0.0000
    19  49.2607   2.0492   0.0000
    20  49.2607   2.0492   0.0000
    21  49.2607   2.0492   0.0000
    22  50.9283   2.0103   0.0000
    23  62.2903   2.1084   0.0000
    24  62.2903   2.1084   0.0000
    25  62.2903   2.1084   0.0000
    26  67.9226   2.0054   0.0000
    27  67.9226   2.0054   0.0000
    28  68.9307   2.1584   0.0000
    29  68.9307   2.1584   0.0000
    30  68.9307   2.1584   0.0000
    31  75.7223   2.2143   0.0000
    32  79.5123   2.3072   0.0000
    33  79.5123   2.3072   0.0000
    34  87.3113   2.3600   0.0000
    35  87.3112   2.3599   0.0000
    36  87.3112   2.3599   0.0000
    37  87.8013   2.1085   0.0000
    38  87.8013   2.1085   0.0000
    39  87.8013   2.1085   0.0000
    40  94.4465   2.3908   0.0000
    41  94.4465   2.3908   0.0000
    42  94.4465   2.3908   0.0000
    43  96.0652   2.3017   0.0000
    44  96.0652   2.3017   0.0000
    45  96.0652   2.3017   0.0000
    46  97.6585   2.2406   0.0000
    47  97.6585   2.2406   0.0000
    48  97.6585   2.2406   0.0000
    49  97.8689   2.0962   0.0000
    50 100.4556   1.9519   0.0000
    51 100.4556   1.9519   0.0000
    52 100.4556   1.9519   0.0000
    53 101.4250   1.8602   0.0000
    54 101.4250   1.8602   0.0000
    55 101.8666   2.0869   0.0000
    56 101.8666   2.0869   0.0000
    57 101.8666   2.0869   0.0000
    58 103.5409   2.2985   0.0000
    59 104.5047   2.0252   0.0000
    60 113.0974   2.5821   0.0000
  0.125000  0.000000  0.000000
  60
     1 -71.9422  -6.4492   0.0000
     2 -36.8764  -3.9445   0.0000
     3 -36.8573  -3.9460   0.0000
     4 -36.8573  -3.9460   0.0000
     5 -14.8439  -3.0163   0.0000
     6   3.1471  -1.4663   0.0000
     7   3.9596  -1.5299   0.0000
     8   3.9596  -1.5299   0.0000
     9  13.4168   0.8196   0.0000
    10  21.6245   1.3174   0.0000
    11  23.9191   1.4273   0.0000
    12  23.9191   1.4273   0.0000
    13  29.1414   1.6476   0.0000
    14  29.1414   1.6476   0.0000
    15  30.3281   1.5020   0.0000
    16  34.1822   1.9757   0.0000
    17  35.8329   2.0359   0.0000
    18  35.8329   2.0359   0.0000
    19  47.1266   1.9720   0.0000
    20  48.9429   2.0034   0.0000
    21  48.9429   2.0034   0.0000
    22  52.7867   2.0493   0.0000
    23  59.0054   2.0778   0.0000
    24  59.0054   2.0778   0.0000
    25  63.5087   2.1792   0.0000
    26  65.9219   2.0602   0.0000
    27  65.9219   2.0602   0.0000
    28  69.3629   2.1619   0.0000
    29  75.6219   2.2269   0.0000
    30  75.6378   2.2232   0.0000
    31  75.6378   2.2232   0.0000
    32  78.3000   2.2486   0.0000
    33  78.3000   2.2486   0.0000
    34  83.9878   2.1067   0.0000
    35  84.6833   2.1684   0.0000
    36  84.9324   2.1360   0.0000
    37  84.9324   2.1360   0.0000
    38  87.3504   2.3057   0.0000
    39  87.3504   2.3057   0.0000
    40  89.2373   2.2271   0.0000
    41  89.2373   2.2271   0.0000
    42  90.3056   2.2486   0.0000
    43  94.5370   2.2699   0.0000
    44  94.8830   2.0083   0.0000
    45  94.8830   2.0083   0.0000
    46  95.9057   2.1174   0.0000
    47  97.6614   2.3154   0.0000
    48  99.7672   2.2115   0.0000
    49  99.7672   2.2115   0.0000
    50 101.8084   2.2339   0.0000
    51 101.8084   2.2339   0.0000
    52 103.2851   2.2714   0.0000
    53 103.4385   2.2655   0.0000
    54 103.4385   2.2655   0.0000
    55 104.2855   2.2935   0.0000
    56 106.6743   2.0836   0.0000
    57 109.5718   2.2164   0.0000
    58 110.5002   1.9929   0.0000
    59 110.5002   1.9929   0.0000
    60 113.5103   2.4710   0.0000
  0.250000  0.000000  0.000000
  60
     1 -71.9365  -6.4500   0.0000
     2 -36.9267  -3.9405   0.0000
     3 -36.8613  -3.9450   0.0000
     4 -36.8613  -3.9450   0.0000
     5 -14.2790  -3.0296   0.0000
     6   1.2210  -1.4663   0.0000
     7   3.6635  -1.5300   0.0000
     8   3.6635  -1.5300   0.0000
     9  14.8286   0.9181   0.0000
    10  20.1073   1.2093   0.0000
    11  24.6634   1.4711   0.0000
    12  24.6634   1.4711   0.0000
    13  28.7441   1.6534   0.0000
    14  28.7441   1.6534   0.0000
    15  31.3908   1.8166   0.0000
    16  37.1045   1.7037   0.0000
    17  38.7029   2.0854   0.0000
    18  38.7029   2.0854   0.0000
    19  44.7045   1.8500   0.0000
    20  47.1720   1.8689   0.0000
    21  47.1720   1.8689   0.0000
    22  55.4621   2.0858   0.0000
    23  55.4621   2.0858   0.0000
    24  55.6483   2.0922   0.0000
    25  65.5041   2.3010   0.0000
    26  66.8333   2.0883   0.0000
    27  66.8333   2.0883   0.0000
    28  70.6555   2.1730   0.0000
    29  73.1299   2.2205   0.0000
    30  73.1299   2.2205   0.0000
    31  73.0819   2.1115   0.0000
    32  77.5856   2.1044   0.0000
    33  80.1385   2.1176   0.0000
    34  80.1385   2.1176   0.0000
    35  81.0364   2.1356   0.0000
    36  82.5373   2.2818   0.0000
    37  82.5373   2.2818   0.0000
    38  84.6918   2.2193   0.0000
    39  86.5513   2.1578   0.0000
    40  86.5513   2.1578   0.0000
    41  88.3984   2.1871   0.0000
    42  88.3984   2.1871   0.0000
    43  93.0009   2.1741   0.0000
    44  93.1733   2.0884   0.0000
    45  93.1733   2.0884   0.0000
    46  93.6624   2.2556   0.0000
    47 100.4156   2.3370   0.0000
    48 101.1326   2.3575   0.0000
    49 101.1326   2.3575   0.0000
    50 102.8146   2.3808   0.0000
    51 105.9939   2.2728   0.0000
    52 105.9939   2.2728   0.0000
    53 110.9933   2.2835   0.0000
    54 110.9933   2.2835   0.0000
    55 112.5044   2.3216   0.0000
    56 112.4886   2.2877   0.0000
    57 115.0672   2.2690   0.0000
    58 115.0672   2.2690   0.0000
    59 117.3067   2.0437   0.0000
    60 121.4624   2.5656   0.0000
  0.375000  0.000000  0.000000
  60
     1 -71.9309  -6.4507   0.0000
     2 -36.9761  -3.9363   0.0000
     3 -36.8653  -3.9440   0.0000
     4 -36.8653  -3.9440   0.0000
     5 -13.6356  -3.0571   0.0000
     6  -0.4778  -1.4876   0.0000
     7   3.3842  -1.5323   0.0000
     8   3.3842  -1.5323   0.0000
     9  15.3129   1.0145   0.0000
    10  20.3158   1.1809   0.0000
    11  24.6848   1.5049   0.0000
    12  24.6848   1.5049   0.0000
    13  30.2032   1.6987   0.0000
    14  30.2032   1.6987   0.0000
    15  30.5771   1.8213   0.0000
    16  38.9164   1.7134   0.0000
    17  40.7381   2.0383   0.0000
    18  40.7381   2.0383   0.0000
    19  44.0017   1.8724   0.0000
    20  44.0017   1.8724   0.0000
    21  47.0824   1.7643   0.0000
    22  55.9285   2.0625   0.0000
    23  55.9285   2.0625   0.0000
    24  58.6935   2.0936   0.0000
    25  63.3245   2.0901   0.0000
    26  66.6850   2.1545   0.0000
    27  66.6850   2.1545   0.0000
    28  68.6391   2.3368   0.0000
    29  68.9353   2.0790   0.0000
    30  68.9353   2.0790   0.0000
    31  72.7823   2.1964   0.0000
    32  73.1220   2.0332   0.0000
    33  75.7930   2.0814   0.0000
    34  75.7930   2.0814   0.0000
    35  79.9649   2.1854   0.0000
    36  80.9656   2.3116   0.0000
    37  81.9819   2.2437   0.0000
    38  81.9819   2.2437   0.0000
    39  86.8231   2.1387   0.0000
    40  86.8231   2.1387   0.0000
    41  92.4495   2.1539   0.0000
    42  93.5669   2.1833   0.0000
    43  93.7686   2.2091   0.0000
    44  93.7686   2.2091   0.0000
    45  95.4202   2.2782   0.0000
    46  95.4202   2.2782   0.0000
    47  99.2244   2.4172   0.0000
    48 100.7218   2.3604   0.0000
    49 100.7218   2.3604   0.0000
    50 107.3699   2.3849   0.0000
    51 112.0562   2.3770   0.0000
    52 112.0562   2.3770   0.0000
    53 113.6298   2.2983   0.0000
    54 116.7609   2.3752   0.0000
    55 116.7609   2.3752   0.0000
    56 118.5431   2.2400   0.0000
    57 118.5431   2.2400   0.0000
    58 118.8283   2.2814   0.0000
    59 119.7362   2.2730   0.0000
    60 119.7363   2.2730   0.0000
  0.500000  0.000000  0.000000
  60
     1 -71.9286  -6.4511   0.0000
     2 -36.9965  -3.9347   0.0000
     3 -36.8670  -3.9436   0.0000
     4 -36.8670  -3.9436   0.0000
     5 -13.3380  -3.0764   0.0000
     6  -1.1577  -1.4894   0.0000
     7   3.2729  -1.5337   0.0000
     8   3.2729  -1.5337   0.0000
     9  15.2875   1.0285   0.0000
    10  20.7687   1.2064   0.0000
    11  24.5543   1.5098   0.0000
    12  24.5543   1.5098   0.0000
    13  30.2051   1.8099   0.0000
    14  31.4744   1.7646   0.0000
    15  31.4744   1.7646   0.0000
    16  38.3986   1.6808   0.0000
    17  40.3190   1.7023   0.0000
    18  40.3190   1.7023   0.0000
    19  43.2805   2.1695   0.0000
    20  43.2805   2.1695   0.0000
    21  53.4044   1.8507   0.0000
    22  55.1152   1.8002   0.0000
    23  58.0319   2.0574   0.0000
    24  58.0319   2.0574   0.0000
    25  62.6654   2.0783   0.0000
    26  62.6654   2.0783   0.0000
    27  62.9113   2.1988   0.0000
    28  65.8897   2.3582   0.0000
    29  70.8240   2.1816   0.0000
    30  70.8240   2.1816   0.0000
    31  72.4387   2.1213   0.0000
    32  73.0251   1.9972   0.0000
    33  73.0251   1.9972   0.0000
    34  75.0598   2.2743   0.0000
    35  76.8202   2.1041   0.0000
    36  81.1968   2.3658   0.0000
    37  81.5484   2.2347   0.0000
    38  81.5484   2.2347   0.0000
    39  86.6262   2.1154   0.0000
    40  86.6262   2.1154   0.0000
    41  92.5578   2.2090   0.0000
    42  93.5964   2.1018   0.0000
    43  94.9778   2.2668   0.0000
    44  94.9778   2.2668   0.0000
    45  96.7974   2.3637   0.0000
    46  96.7974   2.3637   0.0000
    47  98.9094   2.4004   0.0000
    48 107.4525   2.4352   0.0000
    49 107.4525   2.4352   0.0000
    50 107.8035   2.2911   0.0000
    51 107.8035   2.2911   0.0000
    52 109.8645   2.4714   0.0000
    53 114.0504   2.3086   0.0000
    54 115.7132   2.1897   0.0000
    55 117.2085   2.3505   0.0000
    56 117.2085   2.3505   0.0000
    57 121.6054   2.2426   0.0000
    58 121.6054   2.2426   0.0000
    59 124.9681   2.3086   0.0000
    60 124.9690   2.3083   0.0000
  0.125000  0.125000  0.000000
  60
     1 -71.9414  -6.4493   0.0000
     2 -36.8746  -3.9442   0.0000
     3 -36.8620  -3.9457   0.0000
     4 -36.8620  -3.9457   0.0000
     5 -14.7764  -3.0173   0.0000
     6   3.0722  -1.4600   0.0000
     7   3.8184  -1.5266   0.0000
     8   3.8184  -1.5266   0.0000
     9  13.7116   0.8143   0.0000
    10  20.9664   1.3050   0.0000
    11  24.1889   1.4368   0.0000
    12  24.1889   1.4368   0.0000
    13  27.4596   1.6401   0.0000
    14  30.5210   1.6251   0.0000
    15  31.3031   1.4711   0.0000
    16  34.9533   2.0536   0.0000
    17  34.9533   2.0536   0.0000
    18  36.4098   2.0101   0.0000
    19  47.2870   1.9507   0.0000
    20  48.3567   1.9871   0.0000
    21  48.3567   1.9871   0.0000
    22  53.6113   2.0661   0.0000
    23  59.8294   2.1254   0.0000
    24  59.8294   2.1254   0.0000
    25  59.8276   2.0053   0.0000
    26  62.7515   2.1178   0.0000
    27  68.4724   2.0807   0.0000
    28  73.4505   2.2207   0.0000
    29  73.4505   2.2207   0.0000
    30  75.3961   2.2181   0.0000
    31  77.8627   2.2652   0.0000
    32  78.1249   2.3019   0.0000
    33  79.1453   2.1789   0.0000
    34  81.0248   2.1654   0.0000
    35  81.0248   2.1654   0.0000
    36  84.8920   1.9809   0.0000
    37  85.8064   2.2287   0.0000
    38  85.8064   2.2287   0.0000
    39  87.1997   2.2573   0.0000
    40  89.1426   1.9823   0.0000
    41  92.3238   2.2520   0.0000
    42  92.3238   2.2520   0.0000
    43  93.4921   2.1793   0.0000
    44  93.4921   2.1793   0.0000
    45  93.9439   2.2279   0.0000
    46  95.1105   2.1212   0.0000
    47  98.0062   2.4417   0.0000
    48  97.9170   2.3211   0.0000
    49 101.3026   2.3781   0.0000
    50 101.3026   2.3781   0.0000
    51 101.3482   1.9696   0.0000
    52 102.1955   2.2866   0.0000
    53 103.9713   2.0635   0.0000
    54 103.9713   2.0635   0.0000
    55 105.1307   1.9816   0.0000
    56 109.3486   2.3232   0.0000
    57 109.3486   2.3232   0.0000
    58 111.9312   2.3136   0.0000
    59 114.0945   2.2546   0.0000
    60 115.2603   1.9291   0.0000
  0.250000  0.125000  0.000000
  60
     1 -71.9369  -6.4499   0.0000
     2 -36.9114  -3.9414   0.0000
     3 -36.8683  -3.9448   0.0000
     4 -36.8653  -3.9448   0.0000
     5 -14.3391  -3.0271   0.0000
     6   1.6829  -1.4645   0.0000
     7   3.5155  -1.5181   0.0000
     8   3.5220  -1.5267   0.0000
     9  15.0434   0.8833   0.0000
    10  19.5436   1.2238   0.0000
    11  24.5674   1.4976   0.0000
    12  24.9407   1.4778   0.0000
    13  26.4794   1.5914   0.0000
    14  30.5888   1.6700   0.0000
    15  33.3650   1.7991   0.0000
    16  36.7045   1.7542   0.0000
    17  37.1369   2.0470   0.0000
    18  38.4516   2.0640   0.0000
    19  44.9504   1.8571   0.0000
    20  46.5466   1.8756   0.0000
    21  48.7999   1.9257   0.0000
    22  54.7588   2.0474   0.0000
    23  55.1452   2.0575   0.0000
    24  57.5908   2.1306   0.0000
    25  60.9527   2.0937   0.0000
    26  64.6498   2.2257   0.0000
    27  68.1400   2.1737   0.0000
    28  72.5454   2.1264   0.0000
    29  74.8888   2.2015   0.0000
    30  75.1739   2.2067   0.0000
    31  75.6277   2.2279   0.0000
    32  77.4236   2.2068   0.0000
    33  77.6511   2.2313   0.0000
    34  79.5697   2.1998   0.0000
    35  80.8467   2.0672   0.0000
    36  81.8881   2.0922   0.0000
    37  83.6502   2.1814   0.0000
    38  84.3385   2.0047   0.0000
    39  86.4353   2.1811   0.0000
    40  87.0644   2.1252   0.0000
    41  87.6387   2.2007   0.0000
    42  90.5938   2.2242   0.0000
    43  91.0749   2.3096   0.0000
    44  92.4306   2.2726   0.0000
    45  95.9097   2.1465   0.0000
    46  98.5460   2.2005   0.0000
    47  98.9631   2.4426   0.0000
    48 100.3085   2.1611   0.0000
    49 100.5450   2.1878   0.0000
    50 101.7878   2.3609   0.0000
    51 102.3515   2.2847   0.0000
    52 104.7312   2.3187   0.0000
    53 104.7809   2.2784   0.0000
    54 111.0568   2.2762   0.0000
    55 112.3098   2.1876   0.0000
    56 115.6030   2.1021   0.0000
    57 115.9735   2.2631   0.0000
    58 116.3814   2.2713   0.0000
    59 116.8091   2.3742   0.0000
    60 119.3255   2.3495   0.0000
  0.375000  0.125000  0.000000
  60
     1 -71.9312  -6.4507   0.0000
     2 -36.9583  -3.9377   0.0000
     3 -36.8724  -3.9439   0.0000
     4 -36.8714  -3.9435   0.0000
     5 -13.7288  -3.0500   0.0000
     6   0.0906  -1.4857   0.0000
     7   3.0827  -1.5073   0.0000
     8   3.2529  -1.5306   0.0000
     9  15.9428   0.9979   0.0000
    10  19.5291   1.1526   0.0000
    11  23.7122   1.5145   0.0000
    12  25.2033   1.5182   0.0000
    13  27.8988   1.6207   0.0000
    14  31.3830   1.7241   0.0000
    15  32.8880   1.8493   0.0000
    16  39.4005   1.9721   0.0000
    17  39.9391   1.7982   0.0000
    18  40.4503   2.0934   0.0000
    19  42.7455   1.7515   0.0000
    20  45.5649   1.8081   0.0000
    21  48.7512   1.8995   0.0000
    22  53.2500   1.9962   0.0000
    23  54.5434   2.0545   0.0000
    24  59.8600   2.1504   0.0000
    25  62.6823   2.1122   0.0000
    26  64.3115   2.1397   0.0000
    27  66.6527   2.1987   0.0000
    28  69.0236   2.1358   0.0000
    29  69.1527   2.1385   0.0000
    30  69.7238   2.1625   0.0000
    31  73.5954   2.1365   0.0000
    32  75.0556   2.1045   0.0000
    33  76.8310   2.1214   0.0000
    34  77.7143   2.2493   0.0000
    35  78.8409   2.1635   0.0000
    36  81.7112   2.0533   0.0000
    37  82.2141   2.1280   0.0000
    38  84.0158   2.2894   0.0000
    39  84.2993   2.1636   0.0000
    40  87.5495   2.2191   0.0000
    41  90.1718   2.2100   0.0000
    42  92.0140   2.3041   0.0000
    43  93.0103   2.3265   0.0000
    44  94.3381   2.3542   0.0000
    45  96.8525   2.2999   0.0000
    46  97.8418   2.0766   0.0000
    47  99.3226   2.2216   0.0000
    48 101.7078   2.4289   0.0000
    49 102.5918   2.2664   0.0000
    50 105.3848   2.1153   0.0000
    51 108.1627   2.1713   0.0000
    52 108.3897   2.3764   0.0000
    53 111.6183   2.4105   0.0000
    54 112.1302   2.3512   0.0000
    55 116.0423   2.3959   0.0000
    56 116.5691   2.4268   0.0000
    57 117.1847   2.4323   0.0000
    58 121.2779   2.3881   0.0000
    59 122.3464   2.2271   0.0000
    60 122.7612   2.2906   0.0000
  0.500000  0.125000  0.000000
  60
     1 -71.9278  -6.4511   0.0000
     2 -36.9861  -3.9353   0.0000
     3 -36.8786  -3.9427   0.0000
     4 -36.8718  -3.9433   0.0000
     5 -13.3074  -3.0750   0.0000
     6  -0.8451  -1.4875   0.0000
     7   2.7455  -1.5033   0.0000
     8   3.1545  -1.5336   0.0000
     9  16.0131   1.0209   0.0000
    10  20.4086   1.1787   0.0000
    11  23.1711   1.5014   0.0000
    12  25.0589   1.5322   0.0000
    13  29.6259   1.6923   0.0000
    14  31.9800   1.7651   0.0000
    15  32.5092   1.8342   0.0000
    16  39.2590   1.7522   0.0000
    17  39.9513   1.7671   0.0000
    18  40.1453   1.8878   0.0000
    19  43.4739   2.0808   0.0000
    20  45.1684   1.9945   0.0000
    21  52.1927   1.8070   0.0000
    22  56.1313   1.9907   0.0000
    23  56.8610   2.0440   0.0000
    24  57.4003   1.8868   0.0000
    25  60.5985   2.0151   0.0000
    26  63.3315   2.1047   0.0000
    27  64.3143   2.2294   0.0000
    28  64.9645   2.1017   0.0000
    29  67.1691   2.3872   0.0000
    30  69.9500   2.2084   0.0000
    31  69.8305   2.0618   0.0000
    32  73.2958   2.0783   0.0000
    33  74.5888   2.1171   0.0000
    34  77.4772   2.1638   0.0000
    35  79.2255   2.2864   0.0000
    36  81.8405   2.1427   0.0000
    37  82.0717   2.1384   0.0000
    38  83.0015   2.1450   0.0000
    39  84.8781   2.2919   0.0000
    40  85.9153   2.1921   0.0000
    41  89.2037   2.1932   0.0000
    42  92.3888   2.3813   0.0000
    43  96.3951   2.5007   0.0000
    44  96.5003   2.2683   0.0000
    45  98.3006   2.1305   0.0000
    46 100.2667   2.2449   0.0000
    47 101.8238   2.3442   0.0000
    48 105.2858   2.2102   0.0000
    49 107.7680   2.3680   0.0000
    50 108.1783   2.3376   0.0000
    51 108.4394   2.3611   0.0000
    52 109.3384   2.3246   0.0000
    53 113.5227   2.2824   0.0000
    54 114.7392   2.2592   0.0000
    55 115.7935   2.3369   0.0000
    56 115.7756   2.1864   0.0000
    57 119.1691   2.4155   0.0000
    58 120.2132   2.3796   0.0000
    59 121.3836   2.3350   0.0000
    60 123.2723   2.2452   0.0000
 -0.375000  0.125000  0.000000
  60
     1 -71.9285  -6.4510   0.0000
     2 -36.9796  -3.9358   0.0000
     3 -36.8822  -3.9427   0.0000
     4 -36.8670  -3.9436   0.0000
     5 -13.4000  -3.0688   0.0000
     6  -0.6319  -1.4866   0.0000
     7   2.6820  -1.5010   0.0000
     8   3.2758  -1.5335   0.0000
     9  16.0606   1.0153   0.0000
    10  20.2408   1.1684   0.0000
    11  23.3066   1.5010   0.0000
    12  25.1218   1.5386   0.0000
    13  29.9578   1.6649   0.0000
    14  30.5543   1.7229   0.0000
    15  32.5805   1.8478   0.0000
    16  39.5266   1.7905   0.0000
    17  40.1730   1.9901   0.0000
    18  41.0220   1.7461   0.0000
    19  42.2546   2.0302   0.0000
    20  46.2166   1.9702   0.0000
    21  50.0112   1.7882   0.0000
    22  53.8406   1.9902   0.0000
    23  57.1339   2.0306   0.0000
    24  59.4990   1.9635   0.0000
    25  62.3434   2.1171   0.0000
    26  63.1621   2.1646   0.0000
    27  64.5627   2.1171   0.0000
    28  65.9834   2.0817   0.0000
    29  68.5115   2.3392   0.0000
    30  69.3411   2.2119   0.0000
    31  69.4556   2.0606   0.0000
    32  73.0901   2.0786   0.0000
    33  74.9919   2.1333   0.0000
    34  77.4388   2.1573   0.0000
    35  78.8152   2.2704   0.0000
    36  82.2881   2.1485   0.0000
    37  82.4333   2.1815   0.0000
    38  84.4184   2.1482   0.0000
    39  85.3621   2.2324   0.0000
    40  85.8973   2.2085   0.0000
    41  87.7935   2.1284   0.0000
    42  93.0183   2.4383   0.0000
    43  95.0009   2.4219   0.0000
    44  96.2069   2.3024   0.0000
    45  97.7349   2.2554   0.0000
    46 100.4252   2.1932   0.0000
    47 100.6355   2.2269   0.0000
    48 104.2105   2.2413   0.0000
    49 105.6736   2.3144   0.0000
    50 107.2855   2.2947   0.0000
    51 109.1032   2.4540   0.0000
    52 111.9381   2.3800   0.0000
    53 112.9185   2.3169   0.0000
    54 114.0500   2.2664   0.0000
    55 115.2626   2.3258   0.0000
    56 117.3697   2.3274   0.0000
    57 118.0972   2.2469   0.0000
    58 119.2811   2.2595   0.0000
    59 121.7933   2.2358   0.0000
    60 123.0870   2.3438   0.0000
 -0.250000  0.125000  0.000000
  60
     1 -71.9331  -6.4504   0.0000
     2 -36.9436  -3.9389   0.0000
     3 -36.8792  -3.9436   0.0000
     4 -36.8607  -3.9444   0.0000
     5 -13.9289  -3.0413   0.0000
     6   0.5982  -1.4780   0.0000
     7   2.9475  -1.5007   0.0000
     8   3.5583  -1.5322   0.0000
     9  15.7970   0.9580   0.0000
    10  19.5618   1.1647   0.0000
    11  23.9198   1.4987   0.0000
    12  25.4542   1.5210   0.0000
    13  27.4720   1.6017   0.0000
    14  30.1140   1.6926   0.0000
    15  33.0698   1.8595   0.0000
    16  38.1563   1.9454   0.0000
    17  39.9986   2.1156   0.0000
    18  40.1949   1.8187   0.0000
    19  42.6384   1.7616   0.0000
    20  46.4484   1.8372   0.0000
    21  49.1271   1.8912   0.0000
    22  52.1287   2.0150   0.0000
    23  54.7274   2.0308   0.0000
    24  58.6874   2.1628   0.0000
    25  63.2669   2.1215   0.0000
    26  66.0229   2.3060   0.0000
    27  67.4049   2.1344   0.0000
    28  69.4950   2.1569   0.0000
    29  71.1346   2.1238   0.0000
    30  71.6705   2.1118   0.0000
    31  73.3364   2.0791   0.0000
    32  75.7294   2.1674   0.0000
    33  76.7821   2.1062   0.0000
    34  77.3580   2.2150   0.0000
    35  78.9487   2.1731   0.0000
    36  82.4481   2.1529   0.0000
    37  82.6483   2.3135   0.0000
    38  85.6805   1.9625   0.0000
    39  86.5292   2.1762   0.0000
    40  87.2465   2.2575   0.0000
    41  88.0951   2.0582   0.0000
    42  90.0211   2.2445   0.0000
    43  91.6374   2.3461   0.0000
    44  93.7189   2.3152   0.0000
    45  94.7304   2.3700   0.0000
    46  98.4896   2.2983   0.0000
    47  99.0941   2.2689   0.0000
    48 102.8155   2.2097   0.0000
    49 103.7608   2.2641   0.0000
    50 103.8734   2.3377   0.0000
    51 104.9820   2.1587   0.0000
    52 109.8376   2.3740   0.0000
    53 110.4278   2.2335   0.0000
    54 112.4071   2.3321   0.0000
    55 113.9288   2.2143   0.0000
    56 114.2303   2.4143   0.0000
    57 117.1280   2.2965   0.0000
    58 118.8372   2.1546   0.0000
    59 120.3883   2.5596   0.0000
    60 120.9194   2.3920   0.0000
 -0.125000  0.125000  0.000000
  60
     1 -71.9388  -6.4497   0.0000
     2 -36.9005  -3.9425   0.0000
     3 -36.8691  -3.9450   0.0000
     4 -36.8567  -3.9454   0.0000
     5 -14.5150  -3.0228   0.0000
     6   2.1433  -1.4587   0.0000
     7   3.4843  -1.5128   0.0000
     8   3.8473  -1.5316   0.0000
     9  14.5090   0.8506   0.0000
    10  20.2683   1.2474   0.0000
    11  24.2732   1.4640   0.0000
    12  24.6554   1.4486   0.0000
    13  27.4976   1.6390   0.0000
    14  29.5111   1.6656   0.0000
    15  32.5907   1.6907   0.0000
    16  35.5270   1.9525   0.0000
    17  36.5285   1.8963   0.0000
    18  38.1595   2.0818   0.0000
    19  44.9342   1.8711   0.0000
    20  47.9365   1.9518   0.0000
    21  49.4639   1.9560   0.0000
    22  53.2994   2.0242   0.0000
    23  56.8047   2.1238   0.0000
    24  57.0191   2.0448   0.0000
    25  63.4381   2.0821   0.0000
    26  64.7267   2.2428   0.0000
    27  66.0555   2.1073   0.0000
    28  74.1037   2.2903   0.0000
    29  74.6627   2.2095   0.0000
    30  76.3397   2.2330   0.0000
    31  76.7510   2.1422   0.0000
    32  77.5471   2.3196   0.0000
    33  78.8262   2.0906   0.0000
    34  79.5002   2.1028   0.0000
    35  81.0299   2.1524   0.0000
    36  82.1592   2.1844   0.0000
    37  82.3587   2.0929   0.0000
    38  85.2784   2.1421   0.0000
    39  86.9030   2.2753   0.0000
    40  88.2751   1.9147   0.0000
    41  88.8815   2.1977   0.0000
    42  89.2948   2.3543   0.0000
    43  91.1167   1.9938   0.0000
    44  94.8959   2.3935   0.0000
    45  94.7883   2.1951   0.0000
    46  95.2180   2.1712   0.0000
    47  97.2670   2.3677   0.0000
    48  99.2606   2.5344   0.0000
    49 102.7258   2.1359   0.0000
    50 103.3382   2.2594   0.0000
    51 103.8806   2.0908   0.0000
    52 104.5226   2.1204   0.0000
    53 107.4054   2.2125   0.0000
    54 107.8623   2.2489   0.0000
    55 108.7739   2.1782   0.0000
    56 110.1823   2.4787   0.0000
    57 110.7448   2.4173   0.0000
    58 113.5429   2.3543   0.0000
    59 117.0848   2.0379   0.0000
    60 119.3023   2.1452   0.0000
  0.250000  0.250000  0.000000
  60
     1 -71.9339  -6.4503   0.0000
     2 -36.9179  -3.9401   0.0000
     3 -36.8779  -3.9442   0.0000
     4 -36.8779  -3.9442   0.0000
     5 -14.0808  -3.0337   0.0000
     6   1.2338  -1.4795   0.0000
     7   3.2332  -1.5275   0.0000
     8   3.2332  -1.5275   0.0000
     9  15.9823   0.9395   0.0000
    10  18.1879   1.2063   0.0000
    11  23.9341   1.5465   0.0000
    12  25.8279   1.5258   0.0000
    13  25.8279   1.5258   0.0000
    14  32.1038   1.6693   0.0000
    15  37.2177   2.0503   0.0000
    16  37.2177   2.0503   0.0000
    17  37.5372   1.5725   0.0000
    18  38.1192   2.0272   0.0000
    19  46.0747   1.8421   0.0000
    20  46.0747   1.8421   0.0000
    21  46.1010   1.8490   0.0000
    22  52.4941   1.9288   0.0000
    23  57.7743   2.1872   0.0000
    24  57.7743   2.1872   0.0000
    25  58.5444   2.1376   0.0000
    26  64.0435   2.1478   0.0000
    27  67.9423   2.2454   0.0000
    28  70.6326   2.1289   0.0000
    29  70.6326   2.1289   0.0000
    30  74.3161   2.1296   0.0000
    31  74.3681   1.8276   0.0000
    32  77.3356   2.2882   0.0000
    33  78.2769   2.3619   0.0000
    34  79.8704   2.2838   0.0000
    35  79.8704   2.2838   0.0000
    36  83.9632   2.1151   0.0000
    37  83.9632   2.1151   0.0000
    38  85.4441   2.0973   0.0000
    39  87.1963   2.1223   0.0000
    40  87.4044   2.1242   0.0000
    41  89.1941   2.1874   0.0000
    42  90.4820   2.2038   0.0000
    43  90.4820   2.2038   0.0000
    44  92.3776   2.0797   0.0000
    45  94.3778   2.3512   0.0000
    46  94.4463   2.2134   0.0000
    47  94.4463   2.2134   0.0000
    48 102.4167   2.5727   0.0000
    49 102.4167   2.5727   0.0000
    50 102.7275   2.3592   0.0000
    51 106.0655   2.4435   0.0000
    52 106.7060   2.0194   0.0000
    53 109.8935   2.1111   0.0000
    54 109.8935   2.1111   0.0000
    55 111.3361   2.0290   0.0000
    56 114.6432   2.3550   0.0000
    57 119.5009   2.3874   0.0000
    58 120.4970   2.4722   0.0000
    59 120.4970   2.4722   0.0000
    60 122.7840   2.3727   0.0000
  0.375000  0.250000  0.000000
  60
     1 -71.9293  -6.4508   0.0000
     2 -36.9461  -3.9378   0.0000
     3 -36.8873  -3.9428   0.0000
     4 -36.8842  -3.9433   0.0000
     5 -13.6245  -3.0511   0.0000
     6   0.3283  -1.5011   0.0000
     7   2.7109  -1.5092   0.0000
     8   2.9747  -1.5321   0.0000
     9  17.0056   1.0773   0.0000
    10  17.8367   1.1174   0.0000
    11  22.4542   1.4715   0.0000
    12  26.3846   1.5778   0.0000
    13  26.9271   1.6038   0.0000
    14  33.0469   1.7281   0.0000
    15  37.0961   1.9444   0.0000
    16  37.9743   1.9662   0.0000
    17  39.5041   2.0349   0.0000
    18  41.6226   1.7069   0.0000
    19  43.5093   1.7680   0.0000
    20  45.2309   1.8018   0.0000
    21  48.9676   1.8867   0.0000
    22  51.2800   1.9188   0.0000
    23  54.4039   2.1009   0.0000
    24  57.8508   2.1892   0.0000
    25  61.9493   2.1767   0.0000
    26  63.3110   2.0966   0.0000
    27  66.0621   2.1053   0.0000
    28  66.7450   2.2618   0.0000
    29  67.2360   2.1732   0.0000
    30  70.7417   1.9083   0.0000
    31  72.9219   2.1080   0.0000
    32  75.4983   2.2465   0.0000
    33  76.9808   2.1216   0.0000
    34  78.5883   2.3436   0.0000
    35  80.3446   2.1032   0.0000
    36  81.3577   2.0580   0.0000
    37  84.4131   2.2019   0.0000
    38  84.8323   2.3099   0.0000
    39  85.2777   2.2279   0.0000
    40  87.0965   2.2323   0.0000
    41  89.9974   2.2111   0.0000
    42  92.7334   2.2420   0.0000
    43  93.4524   2.1905   0.0000
    44  94.0960   2.2477   0.0000
    45  96.1038   2.1606   0.0000
    46  96.2943   2.3326   0.0000
    47  98.5927   2.1430   0.0000
    48 102.2782   2.4277   0.0000
    49 102.8642   2.5025   0.0000
    50 105.8677   2.2393   0.0000
    51 106.5246   2.1304   0.0000
    52 109.9626   2.2945   0.0000
    53 110.5455   2.2621   0.0000
    54 113.8566   2.4405   0.0000
    55 116.6498   2.4443   0.0000
    56 117.3041   2.4658   0.0000
    57 118.5614   2.1626   0.0000
    58 120.5032   2.3151   0.0000
    59 122.3895   2.1123   0.0000
    60 124.2109   2.4574   0.0000
  0.500000  0.250000  0.000000
  60
     1 -71.9258  -6.4513   0.0000
     2 -36.9652  -3.9365   0.0000
     3 -36.9025  -3.9411   0.0000
     4 -36.8837  -3.9428   0.0000
     5 -13.2241  -3.0734   0.0000
     6  -0.2317  -1.4971   0.0000
     7   1.8979  -1.4859   0.0000
     8   2.8828  -1.5356   0.0000
     9  17.1159   1.0855   0.0000
    10  19.3907   1.1426   0.0000
    11  21.5201   1.4246   0.0000
    12  26.2816   1.5969   0.0000
    13  27.6578   1.6449   0.0000
    14  33.5514   1.7690   0.0000
    15  36.4730   1.9221   0.0000
    16  38.1275   1.9110   0.0000
    17  38.9469   1.8186   0.0000
    18  41.9077   1.7669   0.0000
    19  44.3224   1.9762   0.0000
    20  49.0716   2.0007   0.0000
    21  51.3255   1.7947   0.0000
    22  53.2427   1.9631   0.0000
    23  53.6288   1.9130   0.0000
    24  57.0931   1.9537   0.0000
    25  58.4324   2.1865   0.0000
    26  62.1364   2.0640   0.0000
    27  63.0933   1.9592   0.0000
    28  66.2696   2.2062   0.0000
    29  66.6178   2.2381   0.0000
    30  69.3107   2.3119   0.0000
    31  70.0087   2.0437   0.0000
    32  71.4660   2.1516   0.0000
    33  75.5708   2.1819   0.0000
    34  76.9725   2.2661   0.0000
    35  79.5169   2.2150   0.0000
    36  79.8844   2.0433   0.0000
    37  82.1001   2.1852   0.0000
    38  84.5842   2.1533   0.0000
    39  86.6922   2.2372   0.0000
    40  87.1832   2.3899   0.0000
    41  92.3613   2.3224   0.0000
    42  93.3005   2.2256   0.0000
    43  97.2290   2.2317   0.0000
    44  97.8131   2.4977   0.0000
    45  98.4146   2.3291   0.0000
    46 100.4598   2.1432   0.0000
    47 103.8872   2.2791   0.0000
    48 104.5308   2.1479   0.0000
    49 106.2177   2.1935   0.0000
    50 106.8877   2.1771   0.0000
    51 108.4645   2.2973   0.0000
    52 109.3314   2.2407   0.0000
    53 110.0438   2.4027   0.0000
    54 112.7997   2.3935   0.0000
    55 116.8894   2.3859   0.0000
    56 117.2198   2.3120   0.0000
    57 119.3195   2.4153   0.0000
    58 119.6424   2.3105   0.0000
    59 121.8920   2.2436   0.0000
    60 123.0355   2.4833   0.0000
 -0.375000  0.250000  0.000000
  60
     1 -71.9255  -6.4513   0.0000
     2 -36.9635  -3.9368   0.0000
     3 -36.9153  -3.9400   0.0000
     4 -36.8766  -3.9429   0.0000
     5 -13.1522  -3.0793   0.0000
     6  -0.1633  -1.4799   0.0000
     7   1.3773  -1.4847   0.0000
     8   3.0032  -1.5353   0.0000
     9  17.4390   1.0671   0.0000
    10  19.8858   1.1388   0.0000
    11  21.5506   1.4466   0.0000
    12  26.0956   1.6042   0.0000
    13  28.4442   1.6454   0.0000
    14  31.1257   1.6430   0.0000
    15  36.0031   1.9348   0.0000
    16  38.7630   1.9316   0.0000
    17  39.2281   1.9606   0.0000
    18  42.4938   1.7883   0.0000
    19  44.8447   1.8947   0.0000
    20  47.9033   1.9781   0.0000
    21  51.2674   1.9170   0.0000
    22  54.2684   1.7962   0.0000
    23  56.6292   2.0774   0.0000
    24  58.2874   1.9904   0.0000
    25  58.7692   1.9130   0.0000
    26  60.6666   2.0406   0.0000
    27  61.1375   2.0744   0.0000
    28  65.1655   2.1720   0.0000
    29  67.6602   2.0949   0.0000
    30  68.1426   2.2123   0.0000
    31  69.9340   2.3617   0.0000
    32  70.9361   2.1368   0.0000
    33  73.8307   2.0793   0.0000
    34  74.6523   2.3225   0.0000
    35  80.4072   2.1640   0.0000
    36  81.5358   2.3341   0.0000
    37  81.6320   2.1148   0.0000
    38  83.1008   2.0768   0.0000
    39  88.1923   2.1663   0.0000
    40  89.5647   2.4396   0.0000
    41  91.4726   2.2725   0.0000
    42  91.8294   2.3216   0.0000
    43  97.3332   2.3456   0.0000
    44  99.5713   2.3399   0.0000
    45 100.0423   2.3281   0.0000
    46 101.4340   2.2360   0.0000
    47 104.8454   2.3562   0.0000
    48 104.6754   2.1239   0.0000
    49 106.1855   2.1820   0.0000
    50 107.5098   2.1995   0.0000
    51 109.4143   2.3307   0.0000
    52 109.6484   2.3571   0.0000
    53 112.5322   2.1936   0.0000
    54 113.6491   2.2320   0.0000
    55 115.0527   2.3345   0.0000
    56 116.1034   2.2103   0.0000
    57 116.9337   2.2631   0.0000
    58 118.6970   2.4053   0.0000
    59 119.4664   2.3875   0.0000
    60 123.2383   2.4775   0.0000
 -0.250000  0.250000  0.000000
  60
     1 -71.9285  -6.4510   0.0000
     2 -36.9538  -3.9376   0.0000
     3 -36.9065  -3.9412   0.0000
     4 -36.8671  -3.9435   0.0000
     5 -13.4608  -3.0619   0.0000
     6   0.1857  -1.4812   0.0000
     7   1.8048  -1.4806   0.0000
     8   3.2787  -1.5333   0.0000
     9  17.2607   1.0242   0.0000
    10  19.2153   1.1223   0.0000
    11  22.4833   1.4827   0.0000
    12  26.1545   1.6153   0.0000
    13  28.1745   1.5449   0.0000
    14  29.9142   1.6926   0.0000
    15  35.4687   1.9440   0.0000
    16  38.4697   1.9294   0.0000
    17  40.1179   2.0766   0.0000
    18  40.9945   1.7536   0.0000
    19  44.0082   1.8427   0.0000
    20  48.8740   1.7684   0.0000
    21  49.3263   1.9423   0.0000
    22  51.5318   1.9775   0.0000
    23  52.9207   1.9582   0.0000
    24  61.2592   2.1718   0.0000
    25  61.4117   2.1693   0.0000
    26  64.5490   2.1717   0.0000
    27  65.4099   1.9713   0.0000
    28  67.1373   2.1204   0.0000
    29  67.3431   2.1097   0.0000
    30  68.5854   2.1141   0.0000
    31  70.5226   2.1817   0.0000
    32  73.0453   2.1899   0.0000
    33  74.0613   2.2298   0.0000
    34  74.7021   2.1062   0.0000
    35  80.8725   2.3601   0.0000
    36  82.3456   2.3030   0.0000
    37  82.6133   1.9341   0.0000
    38  83.9045   2.0507   0.0000
    39  88.1597   2.3225   0.0000
    40  89.1530   2.0818   0.0000
    41  90.0811   2.3521   0.0000
    42  91.2778   2.4298   0.0000
    43  91.5311   2.2765   0.0000
    44  97.9144   2.4053   0.0000
    45  97.8579   2.2088   0.0000
    46  98.7917   2.2105   0.0000
    47 102.9110   2.4051   0.0000
    48 104.2147   2.3085   0.0000
    49 105.9063   2.1457   0.0000
    50 106.6165   2.1281   0.0000
    51 106.7508   2.2090   0.0000
    52 109.9941   2.4059   0.0000
    53 110.2702   2.3794   0.0000
    54 115.1551   2.1977   0.0000
    55 115.4496   2.3465   0.0000
    56 116.8589   2.3548   0.0000
    57 116.9457   2.2447   0.0000
    58 119.9838   2.5054   0.0000
    59 119.9957   2.2051   0.0000
    60 120.8175   2.2083   0.0000
  0.375000  0.375000  0.000000
  60
     1 -71.9263  -6.4511   0.0000
     2 -36.9567  -3.9365   0.0000
     3 -36.8938  -3.9427   0.0000
     4 -36.8938  -3.9427   0.0000
     5 -13.3751  -3.0611   0.0000
     6  -0.1204  -1.5238   0.0000
     7   2.7220  -1.5368   0.0000
     8   2.7220  -1.5368   0.0000
     9  16.4517   1.1417   0.0000
    10  17.8504   1.2001   0.0000
    11  21.5788   1.3569   0.0000
    12  27.3971   1.6500   0.0000
    13  27.3971   1.6500   0.0000
    14  34.4696   1.7381   0.0000
    15  36.6536   1.8967   0.0000
    16  40.0897   2.0077   0.0000
    17  40.0897   2.0077   0.0000
    18  44.8901   1.7486   0.0000
    19  44.8901   1.7486   0.0000
    20  45.0394   1.6558   0.0000
    21  46.6743   1.8436   0.0000
    22  48.2031   1.9586   0.0000
    23  55.8267   2.1893   0.0000
    24  55.8267   2.1893   0.0000
    25  62.9017   2.1342   0.0000
    26  62.9017   2.1342   0.0000
    27  63.4308   1.8579   0.0000
    28  64.6971   2.2413   0.0000
    29  65.3886   2.1948   0.0000
    30  65.9252   2.1035   0.0000
    31  75.3925   2.2408   0.0000
    32  76.2430   2.2674   0.0000
    33  77.8618   2.3738   0.0000
    34  79.0206   1.9856   0.0000
    35  79.0206   1.9856   0.0000
    36  81.5375   2.1387   0.0000
    37  84.3743   2.0090   0.0000
    38  84.6752   2.1363   0.0000
    39  88.3218   2.5466   0.0000
    40  88.3218   2.5466   0.0000
    41  88.8696   2.1753   0.0000
    42  88.8696   2.1753   0.0000
    43  90.6861   2.0645   0.0000
    44  90.9733   2.1585   0.0000
    45  98.7281   2.2373   0.0000
    46  98.7281   2.2373   0.0000
    47 101.1789   2.2483   0.0000
    48 105.1430   2.4945   0.0000
    49 105.1430   2.4945   0.0000
    50 106.7606   2.2738   0.0000
    51 109.5428   2.3914   0.0000
    52 113.7325   2.0501   0.0000
    53 115.6650   2.4592   0.0000
    54 115.6650   2.4592   0.0000
    55 116.0640   2.4086   0.0000
    56 117.5046   2.1255   0.0000
    57 117.5046   2.1255   0.0000
    58 118.8139   2.0542   0.0000
    59 122.4727   2.5837   0.0000
    60 125.1565   2.4311   0.0000
  0.500000  0.375000  0.000000
  60
     1 -71.9239  -6.4514   0.0000
     2 -36.9640  -3.9358   0.0000
     3 -36.9068  -3.9415   0.0000
     4 -36.8955  -3.9422   0.0000
     5 -13.1267  -3.0749   0.0000
     6  -0.3361  -1.5282   0.0000
     7   2.1212  -1.5059   0.0000
     8   2.6286  -1.5397   0.0000
     9  16.5120   1.1109   0.0000
    10  18.6710   1.3183   0.0000
    11  21.0122   1.2454   0.0000
    12  27.5223   1.6753   0.0000
    13  27.5884   1.6742   0.0000
    14  35.7175   1.7931   0.0000
    15  36.3597   1.8693   0.0000
    16  38.5088   1.8097   0.0000
    17  39.6853   1.9408   0.0000
    18  44.9609   1.7543   0.0000
    19  45.6604   1.9484   0.0000
    20  48.3932   1.7665   0.0000
    21  50.6972   1.9890   0.0000
    22  50.8704   1.7530   0.0000
    23  52.0067   2.0750   0.0000
    24  54.2941   2.1544   0.0000
    25  57.7105   1.9906   0.0000
    26  61.0212   2.1644   0.0000
    27  61.2342   1.9049   0.0000
    28  64.8155   2.2262   0.0000
    29  67.7355   2.2606   0.0000
    30  68.5775   2.1906   0.0000
    31  71.3242   2.0756   0.0000
    32  74.8072   2.2416   0.0000
    33  75.9427   2.4967   0.0000
    34  77.7191   2.2200   0.0000
    35  78.6387   1.9400   0.0000
    36  80.3757   2.0361   0.0000
    37  80.8864   2.0563   0.0000
    38  83.5234   2.1291   0.0000
    39  87.5424   2.2015   0.0000
    40  89.6896   2.6242   0.0000
    41  89.9612   2.3654   0.0000
    42  92.4689   2.1599   0.0000
    43  93.3193   2.2235   0.0000
    44  97.4163   2.1527   0.0000
    45 100.5635   2.2333   0.0000
    46 101.4003   2.2765   0.0000
    47 103.6459   2.4280   0.0000
    48 104.9016   2.2472   0.0000
    49 106.4455   2.3401   0.0000
    50 109.5963   2.3492   0.0000
    51 110.5106   2.3454   0.0000
    52 112.0118   2.3734   0.0000
    53 113.2565   2.1851   0.0000
    54 114.3786   2.1580   0.0000
    55 116.7181   2.3914   0.0000
    56 117.4512   2.4059   0.0000
    57 118.3483   2.3160   0.0000
    58 121.6020   2.4940   0.0000
    59 121.7159   2.4065   0.0000
    60 123.5162   2.1828   0.0000
 -0.375000  0.375000  0.000000
  60
     1 -71.9236  -6.4515   0.0000
     2 -36.9509  -3.9369   0.0000
     3 -36.9315  -3.9393   0.0000
     4 -36.8884  -3.9423   0.0000
     5 -13.0350  -3.0825   0.0000
     6   0.0922  -1.5124   0.0000
     7   1.0229  -1.4711   0.0000
     8   2.7398  -1.5385   0.0000
     9  17.3155   1.1195   0.0000
    10  20.1182   1.3704   0.0000
    11  20.3494   1.1571   0.0000
    12  26.9654   1.6548   0.0000
    13  27.2460   1.6375   0.0000
    14  33.9560   1.6787   0.0000
    15  37.3545   1.9151   0.0000
    16  37.8909   1.9012   0.0000
    17  38.4018   1.9574   0.0000
    18  45.3913   1.7588   0.0000
    19  46.8669   1.9372   0.0000
    20  48.0820   1.9494   0.0000
    21  52.1196   1.9386   0.0000
    22  53.0087   1.8274   0.0000
    23  54.0178   2.1528   0.0000
    24  54.0628   1.9611   0.0000
    25  59.3553   1.8775   0.0000
    26  59.8466   1.8716   0.0000
    27  60.1524   2.1481   0.0000
    28  62.9206   1.9390   0.0000
    29  66.6775   2.2614   0.0000
    30  68.8921   2.3540   0.0000
    31  71.0365   2.1528   0.0000
    32  71.5705   2.2258   0.0000
    33  74.0914   2.6012   0.0000
    34  75.9251   2.0328   0.0000
    35  79.2224   1.9251   0.0000
    36  80.1764   2.2912   0.0000
    37  80.5621   2.0289   0.0000
    38  81.4045   2.2465   0.0000
    39  90.5431   2.5977   0.0000
    40  90.3464   2.3858   0.0000
    41  91.2231   2.1482   0.0000
    42  97.6204   2.0579   0.0000
    43  98.7622   2.2761   0.0000
    44  99.8107   2.2591   0.0000
    45 100.6658   2.4226   0.0000
    46 102.5973   2.2918   0.0000
    47 103.6589   2.2498   0.0000
    48 103.7174   2.1946   0.0000
    49 104.9711   2.3754   0.0000
    50 106.2466   2.1572   0.0000
    51 108.7467   2.3396   0.0000
    52 112.0084   2.2859   0.0000
    53 112.2597   2.3167   0.0000
    54 112.7153   2.1892   0.0000
    55 113.6514   2.1204   0.0000
    56 117.4682   2.4019   0.0000
    57 118.5228   2.3745   0.0000
    58 120.2587   2.3988   0.0000
    59 121.2966   2.4891   0.0000
    60 121.9019   2.3664   0.0000
  0.500000  0.500000  0.000000
  60
     1 -71.9231  -6.4515   0.0000
     2 -36.9714  -3.9350   0.0000
     3 -36.9005  -3.9421   0.0000
     4 -36.9005  -3.9421   0.0000
     5 -13.0820  -3.0764   0.0000
     6  -0.5849  -1.5400   0.0000
     7   2.5280  -1.5420   0.0000
     8   2.5280  -1.5420   0.0000
     9  15.8668   1.1190   0.0000
    10  18.2451   1.3802   0.0000
    11  21.1673   1.2137   0.0000
    12  28.0537   1.7120   0.0000
    13  28.0537   1.7120   0.0000
    14  35.5211   1.8289   0.0000
    15  36.1273   1.7965   0.0000
    16  40.5058   1.8726   0.0000
    17  40.5058   1.8726   0.0000
    18  43.8650   1.7804   0.0000
    19  47.2918   1.7933   0.0000
    20  47.2918   1.7933   0.0000
    21  49.7863   2.0411   0.0000
    22  52.3687   2.1538   0.0000
    23  52.3687   2.1538   0.0000
    24  53.3547   1.6854   0.0000
    25  54.0672   1.7748   0.0000
    26  60.8010   2.2043   0.0000
    27  60.8010   2.2043   0.0000
    28  63.3321   2.1872   0.0000
    29  66.8390   2.1974   0.0000
    30  71.0120   2.1772   0.0000
    31  74.7306   2.6654   0.0000
    32  75.8420   2.2606   0.0000
    33  77.0761   2.1665   0.0000
    34  78.0784   1.9235   0.0000
    35  78.0784   1.9235   0.0000
    36  79.4699   2.1016   0.0000
    37  79.4738   1.9720   0.0000
    38  83.7932   2.0055   0.0000
    39  88.3185   2.1681   0.0000
    40  88.3185   2.1681   0.0000
    41  90.0734   2.6885   0.0000
    42  90.0734   2.6885   0.0000
    43  90.1182   2.0603   0.0000
    44  94.1391   2.1954   0.0000
    45 103.0935   2.1787   0.0000
    46 104.2286   2.3248   0.0000
    47 104.2286   2.3248   0.0000
    48 107.5014   2.3010   0.0000
    49 107.5014   2.3010   0.0000
    50 111.2143   2.3421   0.0000
    51 111.2143   2.3421   0.0000
    52 113.5948   2.2528   0.0000
    53 114.5026   2.4380   0.0000
    54 116.6531   2.3361   0.0000
    55 117.3919   2.2823   0.0000
    56 118.5849   2.6017   0.0000
    57 118.5849   2.6017   0.0000
    58 118.8256   2.5052   0.0000
    59 120.8877   1.9426   0.0000
    60 123.4771   2.2699   0.0000
  0.375000  0.250000  0.125000
  60
     1 -71.9323  -6.4505   0.0000
     2 -36.9357  -3.9391   0.0000
     3 -36.8861  -3.9432   0.0000
     4 -36.8681  -3.9440   0.0000
     5 -13.8880  -3.0415   0.0000
     6   0.7841  -1.4830   0.0000
     7   2.7670  -1.4996   0.0000
     8   3.3469  -1.5272   0.0000
     9  16.3780   0.9606   0.0000
    10  18.6735   1.1639   0.0000
    11  23.4695   1.5110   0.0000
    12  26.0852   1.5826   0.0000
    13  26.3426   1.5263   0.0000
    14  31.2834   1.7080   0.0000
    15  35.4042   1.8921   0.0000
    16  37.4097   1.9605   0.0000
    17  39.1715   2.0453   0.0000
    18  40.8460   1.7865   0.0000
    19  42.6695   1.7979   0.0000
    20  46.5689   1.8256   0.0000
    21  48.6942   1.8942   0.0000
    22  52.6768   2.0110   0.0000
    23  54.9325   2.0615   0.0000
    24  57.7911   2.0550   0.0000
    25  60.6976   2.1977   0.0000
    26  65.6215   2.2663   0.0000
    27  67.4919   2.2141   0.0000
    28  69.1440   2.0785   0.0000
    29  69.6891   2.1384   0.0000
    30  72.6547   2.1719   0.0000
    31  75.7680   2.0354   0.0000
    32  76.3809   2.2707   0.0000
    33  77.0967   2.2149   0.0000
    34  77.1456   1.9916   0.0000
    35  78.6681   1.9893   0.0000
    36  80.4923   2.2129   0.0000
    37  82.1586   2.2331   0.0000
    38  83.0785   2.3236   0.0000
    39  88.3471   2.1181   0.0000
    40  88.9450   2.2001   0.0000
    41  90.4979   2.3201   0.0000
    42  91.8745   2.3593   0.0000
    43  92.6731   2.2008   0.0000
    44  93.5415   2.1114   0.0000
    45  93.8168   2.2168   0.0000
    46  97.2221   2.2935   0.0000
    47  98.5118   2.1536   0.0000
    48 101.1648   2.3169   0.0000
    49 102.8982   2.4449   0.0000
    50 103.0821   2.3888   0.0000
    51 104.2982   2.1798   0.0000
    52 109.8447   2.3628   0.0000
    53 110.5649   2.0890   0.0000
    54 112.3629   2.2277   0.0000
    55 114.8139   2.2501   0.0000
    56 115.7397   2.3201   0.0000
    57 116.4622   2.4152   0.0000
    58 119.9881   2.4506   0.0000
    59 120.7126   2.5482   0.0000
    60 123.1219   2.2640   0.0000
  0.500000  0.250000  0.125000
  60
     1 -71.9277  -6.4511   0.0000
     2 -36.9615  -3.9370   0.0000
     3 -36.8984  -3.9417   0.0000
     4 -36.8746  -3.9432   0.0000
     5 -13.3915  -3.0653   0.0000
     6  -0.0765  -1.4886   0.0000
     7   2.1115  -1.4882   0.0000
     8   3.0498  -1.5264   0.0000
     9  17.1488   1.0381   0.0000
    10  19.2038   1.1244   0.0000
    11  22.2840   1.4809   0.0000
    12  25.7240   1.5775   0.0000
    13  28.2395   1.6122   0.0000
    14  31.4209   1.7348   0.0000
    15  35.6175   1.8995   0.0000
    16  39.1343   1.9910   0.0000
    17  39.1674   1.8842   0.0000
    18  41.9618   1.8119   0.0000
    19  42.7984   1.8637   0.0000
    20  48.6690   1.8512   0.0000
    21  50.3925   1.9395   0.0000
    22  50.6526   1.9117   0.0000
    23  55.3134   2.0259   0.0000
    24  59.2844   2.0905   0.0000
    25  60.7123   2.0192   0.0000
    26  62.5481   2.1135   0.0000
    27  64.6198   2.0985   0.0000
    28  66.4487   2.1501   0.0000
    29  68.8826   2.2321   0.0000
    30  69.2578   2.2357   0.0000
    31  70.0672   2.1388   0.0000
    32  73.7577   2.0688   0.0000
    33  74.3692   2.1132   0.0000
    34  76.2574   2.1638   0.0000
    35  77.2018   2.1033   0.0000
    36  80.7091   2.2573   0.0000
    37  82.5017   2.2863   0.0000
    38  86.0983   2.1697   0.0000
    39  86.8763   2.2999   0.0000
    40  90.6073   2.3089   0.0000
    41  91.5523   2.2787   0.0000
    42  91.9854   2.1623   0.0000
    43  94.0356   2.2650   0.0000
    44  95.7297   2.2903   0.0000
    45  96.9640   2.2434   0.0000
    46  98.6467   2.2461   0.0000
    47 100.8136   2.2885   0.0000
    48 104.7035   2.2697   0.0000
    49 105.3988   2.3068   0.0000
    50 107.6408   2.3520   0.0000
    51 109.1143   2.1673   0.0000
    52 110.9051   2.2410   0.0000
    53 111.5252   2.3910   0.0000
    54 112.1824   2.2829   0.0000
    55 114.2847   2.2919   0.0000
    56 116.3600   2.3617   0.0000
    57 118.2883   2.4026   0.0000
    58 120.5712   2.3331   0.0000
    59 121.5531   2.3319   0.0000
    60 124.2502   2.2492   0.0000
 -0.375000  0.250000  0.125000
  60
     1 -71.9258  -6.4513   0.0000
     2 -36.9728  -3.9362   0.0000
     3 -36.9013  -3.9409   0.0000
     4 -36.8787  -3.9428   0.0000
     5 -13.1692  -3.0795   0.0000
     6  -0.4514  -1.4836   0.0000
     7   1.8751  -1.4884   0.0000
     8   2.9123  -1.5266   0.0000
     9  17.1510   1.0401   0.0000
    10  20.0142   1.1501   0.0000
    11  21.8491   1.4703   0.0000
    12  25.4762   1.5699   0.0000
    13  29.2909   1.6341   0.0000
    14  31.0837   1.7552   0.0000
    15  35.7160   1.8920   0.0000
    16  38.6107   1.8812   0.0000
    17  39.4578   1.9110   0.0000
    18  41.3376   1.7626   0.0000
    19  45.5422   2.0101   0.0000
    20  46.1117   1.9513   0.0000
    21  53.8579   1.9809   0.0000
    22  54.1430   1.8190   0.0000
    23  56.1667   1.8716   0.0000
    24  57.4103   1.9419   0.0000
    25  59.2423   2.1525   0.0000
    26  60.1198   2.0370   0.0000
    27  63.2783   2.0258   0.0000
    28  64.9322   2.0332   0.0000
    29  66.6801   2.2337   0.0000
    30  68.2202   2.3545   0.0000
    31  69.6168   2.2798   0.0000
    32  73.1708   2.1214   0.0000
    33  73.6531   2.1130   0.0000
    34  75.7392   2.1521   0.0000
    35  77.3241   2.1497   0.0000
    36  79.8989   2.2299   0.0000
    37  83.7268   2.3109   0.0000
    38  84.8706   2.1828   0.0000
    39  88.3241   2.3172   0.0000
    40  89.1167   2.3090   0.0000
    41  91.2891   2.1627   0.0000
    42  91.6327   2.1581   0.0000
    43  95.4350   2.3154   0.0000
    44  97.2551   2.3147   0.0000
    45  99.8239   2.3521   0.0000
    46 102.5421   2.3695   0.0000
    47 103.2704   2.3807   0.0000
    48 105.2668   2.2128   0.0000
    49 106.6988   2.1993   0.0000
    50 108.0235   2.2227   0.0000
    51 110.8851   2.3285   0.0000
    52 110.8064   2.1102   0.0000
    53 112.6157   2.2749   0.0000
    54 113.7418   2.3404   0.0000
    55 115.0106   2.3084   0.0000
    56 115.2268   2.2929   0.0000
    57 118.6634   2.4094   0.0000
    58 118.6675   2.3453   0.0000
    59 119.9391   2.2266   0.0000
    60 120.0979   2.2748   0.0000
  0.500000  0.375000  0.125000
  60
     1 -71.9258  -6.4512   0.0000
     2 -36.9565  -3.9368   0.0000
     3 -36.9035  -3.9417   0.0000
     4 -36.8901  -3.9425   0.0000
     5 -13.2781  -3.0678   0.0000
     6  -0.0396  -1.5109   0.0000
     7   2.1477  -1.5012   0.0000
     8   2.6475  -1.5195   0.0000
     9  17.4082   1.1056   0.0000
    10  18.3822   1.1540   0.0000
    11  21.3578   1.3873   0.0000
    12  26.2783   1.6097   0.0000
    13  28.0073   1.6584   0.0000
    14  33.5591   1.7538   0.0000
    15  37.5919   1.9336   0.0000
    16  38.3271   1.8758   0.0000
    17  39.4751   1.9876   0.0000
    18  43.3250   1.6887   0.0000
    19  43.6114   1.8695   0.0000
    20  48.4373   1.9361   0.0000
    21  48.8328   1.7607   0.0000
    22  52.9779   1.9316   0.0000
    23  53.8274   2.0869   0.0000
    24  54.9818   2.1215   0.0000
    25  59.3462   2.0212   0.0000
    26  61.1592   2.0471   0.0000
    27  65.5740   2.2225   0.0000
    28  66.7746   2.2649   0.0000
    29  67.0201   1.8740   0.0000
    30  68.1839   2.3115   0.0000
    31  71.9458   2.1668   0.0000
    32  72.4985   2.0155   0.0000
    33  74.8042   2.2270   0.0000
    34  75.8265   2.0335   0.0000
    35  78.0312   2.3052   0.0000
    36  78.9211   2.2804   0.0000
    37  85.5245   2.3505   0.0000
    38  86.6728   2.2064   0.0000
    39  89.0821   2.2504   0.0000
    40  90.2996   2.0617   0.0000
    41  91.0706   2.2406   0.0000
    42  91.2902   2.2418   0.0000
    43  92.4771   2.2681   0.0000
    44  95.9773   2.2385   0.0000
    45  97.8366   2.1980   0.0000
    46  99.3597   2.4604   0.0000
    47 102.6539   2.1347   0.0000
    48 104.1244   2.3587   0.0000
    49 106.1550   2.2469   0.0000
    50 106.5463   2.2734   0.0000
    51 106.9168   2.3129   0.0000
    52 110.2141   2.3279   0.0000
    53 112.6526   2.3953   0.0000
    54 114.1268   2.3967   0.0000
    55 116.2503   2.4145   0.0000
    56 117.6609   2.0577   0.0000
    57 121.3279   2.4950   0.0000
    58 121.9433   2.2642   0.0000
    59 123.5255   2.3676   0.0000
    60 123.4604   2.1837   0.0000
 -0.375000  0.375000  0.125000
  60
     1 -71.9239  -6.4515   0.0000
     2 -36.9534  -3.9371   0.0000
     3 -36.9220  -3.9397   0.0000
     4 -36.8929  -3.9421   0.0000
     5 -13.0571  -3.0814   0.0000
     6   0.0954  -1.4997   0.0000
     7   1.2552  -1.4853   0.0000
     8   2.4955  -1.5143   0.0000
     9  17.9169   1.0959   0.0000
    10  19.6364   1.1590   0.0000
    11  20.6895   1.3782   0.0000
    12  25.3894   1.5789   0.0000
    13  28.9709   1.6928   0.0000
    14  32.5176   1.7373   0.0000
    15  37.0509   1.8701   0.0000
    16  38.5040   1.9489   0.0000
    17  39.7055   1.9530   0.0000
    18  43.2611   1.7001   0.0000
    19  46.6148   1.9619   0.0000
    20  49.1057   1.9726   0.0000
    21  50.8122   1.9024   0.0000
    22  52.4095   1.9087   0.0000
    23  54.4424   2.1021   0.0000
    24  56.9660   1.9344   0.0000
    25  57.6245   1.9328   0.0000
    26  59.3172   2.0183   0.0000
    27  63.2048   1.9343   0.0000
    28  64.7268   1.9583   0.0000
    29  67.7033   2.2629   0.0000
    30  68.2942   2.1802   0.0000
    31  68.9933   2.2162   0.0000
    32  70.8238   2.3039   0.0000
    33  72.2565   2.0965   0.0000
    34  74.5284   2.2544   0.0000
    35  75.9287   2.3667   0.0000
    36  79.5244   2.2700   0.0000
    37  84.9660   2.1747   0.0000
    38  87.3039   2.1882   0.0000
    39  89.5881   2.1288   0.0000
    40  90.6446   2.3889   0.0000
    41  92.6246   2.3296   0.0000
    42  96.7489   2.3470   0.0000
    43  96.9117   2.2079   0.0000
    44  98.0067   2.2191   0.0000
    45  99.7782   2.2020   0.0000
    46  99.9899   2.2735   0.0000
    47 103.2944   2.2911   0.0000
    48 103.9521   2.2335   0.0000
    49 105.5862   2.3334   0.0000
    50 106.4135   2.2576   0.0000
    51 109.6958   2.2886   0.0000
    52 110.2460   2.1707   0.0000
    53 112.2569   2.3036   0.0000
    54 113.8984   2.2908   0.0000
    55 115.0099   2.3586   0.0000
    56 116.4933   2.3766   0.0000
    57 118.6358   2.3934   0.0000
    58 121.5011   2.3739   0.0000
    59 122.2244   2.4732   0.0000
    60 122.2689   2.3363   0.0000
 -0.250000  0.375000  0.125000
  60
     1 -71.9247  -6.4514   0.0000
     2 -36.9501  -3.9377   0.0000
     3 -36.9271  -3.9392   0.0000
     4 -36.8848  -3.9425   0.0000
     5 -13.1072  -3.0798   0.0000
     6   0.2613  -1.4808   0.0000
     7   1.0064  -1.4896   0.0000
     8   2.7001  -1.5184   0.0000
     9  18.3667   1.0889   0.0000
    10  19.2025   1.1084   0.0000
    11  21.1876   1.4378   0.0000
    12  25.3617   1.5760   0.0000
    13  29.8770   1.6917   0.0000
    14  30.2325   1.6650   0.0000
    15  37.7533   1.9088   0.0000
    16  38.3364   1.9520   0.0000
    17  39.1025   1.9738   0.0000
    18  44.0338   1.7410   0.0000
    19  44.2206   1.8857   0.0000
    20  49.8440   1.9351   0.0000
    21  50.3770   1.9964   0.0000
    22  53.3110   1.8020   0.0000
    23  53.9980   2.0800   0.0000
    24  57.3317   1.9471   0.0000
    25  59.0164   2.0912   0.0000
    26  62.1898   1.9571   0.0000
    27  63.5400   2.0348   0.0000
    28  64.5180   2.0169   0.0000
    29  64.7270   1.9634   0.0000
    30  68.9903   2.3024   0.0000
    31  69.0888   2.3264   0.0000
    32  72.1133   2.2127   0.0000
    33  72.5943   2.3230   0.0000
    34  73.4622   2.0663   0.0000
    35  75.8743   2.2402   0.0000
    36  80.0815   2.3328   0.0000
    37  83.7414   2.2329   0.0000
    38  88.0152   2.1081   0.0000
    39  90.7442   2.4116   0.0000
    40  90.9957   2.0327   0.0000
    41  92.2090   2.3934   0.0000
    42  94.4807   2.4261   0.0000
    43  96.0742   2.2376   0.0000
    44  98.7507   2.2212   0.0000
    45  99.3754   2.2099   0.0000
    46 101.0828   2.2191   0.0000
    47 101.4846   2.2332   0.0000
    48 104.4868   2.2652   0.0000
    49 105.4670   2.2804   0.0000
    50 105.8217   2.2720   0.0000
    51 108.6784   2.2721   0.0000
    52 109.1995   2.3435   0.0000
    53 113.9617   2.4155   0.0000
    54 115.4137   2.2634   0.0000
    55 116.2484   2.3184   0.0000
    56 118.3360   2.2112   0.0000
    57 118.7192   2.2355   0.0000
    58 119.7373   2.4119   0.0000
    59 120.2811   2.3254   0.0000
    60 121.6287   2.4070   0.0000
 -0.375000  0.500000  0.125000
  60
     1 -71.9231  -6.4515   0.0000
     2 -36.9608  -3.9360   0.0000
     3 -36.9108  -3.9410   0.0000
     4 -36.9023  -3.9418   0.0000
     5 -13.0354  -3.0804   0.0000
     6  -0.2405  -1.5252   0.0000
     7   1.9138  -1.5041   0.0000
     8   2.3011  -1.5119   0.0000
     9  16.9546   1.0848   0.0000
    10  19.1908   1.3849   0.0000
    11  20.6748   1.1787   0.0000
    12  26.2723   1.6234   0.0000
    13  28.6761   1.7247   0.0000
    14  35.4913   1.7729   0.0000
    15  35.9443   1.8284   0.0000
    16  37.5165   1.8968   0.0000
    17  40.9688   1.9142   0.0000
    18  45.5867   1.7097   0.0000
    19  46.5656   1.9394   0.0000
    20  49.0038   1.8647   0.0000
    21  50.0262   1.9621   0.0000
    22  51.4346   2.1022   0.0000
    23  53.3894   1.9512   0.0000
    24  54.5367   1.9867   0.0000
    25  57.0023   1.8318   0.0000
    26  58.8954   2.0986   0.0000
    27  60.2250   1.9675   0.0000
    28  65.1730   2.2574   0.0000
    29  69.1505   2.3635   0.0000
    30  70.1988   1.9546   0.0000
    31  71.2022   2.2293   0.0000
    32  71.1458   1.9317   0.0000
    33  74.4126   2.6293   0.0000
    34  74.3179   2.2483   0.0000
    35  75.2880   2.0334   0.0000
    36  78.6401   2.2275   0.0000
    37  86.7576   2.0947   0.0000
    38  87.0175   2.0200   0.0000
    39  88.4618   2.0657   0.0000
    40  88.9219   2.4898   0.0000
    41  91.7891   2.5907   0.0000
    42  91.8466   2.2485   0.0000
    43  93.1770   2.1179   0.0000
    44 100.8451   2.3237   0.0000
    45 101.5757   2.2780   0.0000
    46 103.4770   2.4381   0.0000
    47 103.5140   2.2079   0.0000
    48 103.9884   2.1639   0.0000
    49 107.3154   2.2767   0.0000
    50 107.8270   2.3240   0.0000
    51 109.4087   2.2712   0.0000
    52 110.9012   2.3587   0.0000
    53 113.1980   2.0707   0.0000
    54 114.5406   2.2596   0.0000
    55 116.3575   2.3395   0.0000
    56 117.2447   2.4105   0.0000
    57 118.2687   2.4951   0.0000
    58 118.6422   2.5667   0.0000
    59 121.0655   2.3167   0.0000
    60 121.6788   2.4176   0.0000
 -0.250000  0.500000  0.250000
  60
     1 -71.9231  -6.4516   0.0000
     2 -36.9356  -3.9384   0.0000
     3 -36.9356  -3.9384   0.0000
     4 -36.9039  -3.9413   0.0000
     5 -12.9881  -3.0847   0.0000
     6   0.7110  -1.4968   0.0000
     7   0.7110  -1.4968   0.0000
     8   2.0807  -1.4870   0.0000
     9  19.1155   1.1037   0.0000
    10  19.1155   1.1037   0.0000
    11  20.6061   1.4113   0.0000
    12  24.2915   1.5408   0.0000
    13  30.9523   1.7459   0.0000
    14  30.9523   1.7459   0.0000
    15  36.1340   1.8308   0.0000
    16  38.9609   1.9824   0.0000
    17  41.7469   2.0299   0.0000
    18  43.9772   1.5727   0.0000
    19  47.9507   1.9376   0.0000
    20  47.9507   1.9376   0.0000
    21  50.6384   2.0617   0.0000
    22  51.9088   1.9882   0.0000
    23  51.9088   1.9882   0.0000
    24  57.1344   2.0065   0.0000
    25  61.6662   1.9026   0.0000
    26  61.6662   1.9026   0.0000
    27  62.7173   1.8969   0.0000
    28  63.0342   1.9008   0.0000
    29  65.7724   2.0143   0.0000
    30  65.7724   2.0143   0.0000
    31  67.9581   2.3996   0.0000
    32  69.7977   2.1708   0.0000
    33  73.1552   2.5024   0.0000
    34  73.1552   2.5024   0.0000
    35  73.3683   2.2552   0.0000
    36  80.3725   2.2962   0.0000
    37  88.0133   2.3610   0.0000
    38  88.5923   2.1158   0.0000
    39  88.5923   2.1158   0.0000
    40  95.4133   2.3340   0.0000
    41  95.4133   2.3340   0.0000
    42  97.2770   2.1785   0.0000
    43  98.6611   2.3733   0.0000
    44  98.8098   2.0617   0.0000
    45  99.1658   2.2576   0.0000
    46  99.1658   2.2576   0.0000
    47  99.1484   2.1643   0.0000
    48  99.8961   2.3124   0.0000
    49 107.1417   2.2496   0.0000
    50 107.1417   2.2496   0.0000
    51 109.0766   2.3050   0.0000
    52 109.2629   2.2853   0.0000
    53 111.2081   2.3290   0.0000
    54 116.1743   2.3066   0.0000
    55 117.3805   2.5547   0.0000
    56 117.2655   2.2247   0.0000
    57 117.2655   2.2247   0.0000
    58 119.0765   2.4884   0.0000
    59 119.0765   2.4884   0.0000
    60 125.1211   2.4487   0.0000
