          29           1
  0.000000  0.000000  0.000000
  60
     1 -69.9196  -6.4421   0.0000
     2 -34.8271  -3.9398   0.0000
     3 -34.8271  -3.9398   0.0000
     4 -34.8271  -3.9398   0.0000
     5 -14.3800  -3.0513   0.0000
     6   5.7129  -1.5765   0.0000
     7   5.7129  -1.5765   0.0000
     8   5.7129  -1.5765   0.0000
     9  16.2286   0.9404   0.0000
    10  26.0542   1.4899   0.0000
    11  26.0542   1.4899   0.0000
    12  26.0542   1.4899   0.0000
    13  30.6741   1.4804   0.0000
    14  33.2420   1.6890   0.0000
    15  33.2420   1.6890   0.0000
    16  39.3914   2.1897   0.0000
    17  39.3914   2.1897   0.0000
    18  39.3914   2.1897   0.0000
    19  55.4939   2.2161   0.0000
    20  55.4939   2.2161   0.0000
    21  55.4939   2.2161   0.0000
    22  58.3367   2.1389   0.0000
    23  69.0433   2.2067   0.0000
    24  69.0433   2.2067   0.0000
    25  69.0433   2.2067   0.0000
    26  75.2427   2.1461   0.0000
    27  75.2427   2.1461   0.0000
    28  76.2727   2.3203   0.0000
    29  76.2727   2.3203   0.0000
    30  76.2727   2.3203   0.0000
    31  86.5761   2.4005   0.0000
    32  88.1567   2.4045   0.0000
    33  88.1567   2.4045   0.0000
    34  97.3232   2.2260   0.0000
    35  97.3232   2.2260   0.0000
    36  97.3232   2.2260   0.0000
    37  97.8369   2.5162   0.0000
    38  97.8369   2.5162   0.0000
    39  97.8369   2.5162   0.0000
    40 104.4839   2.5545   0.0000
    41 104.4839   2.5545   0.0000
    42 104.4839   2.5545   0.0000
    43 106.2339   2.4692   0.0000
    44 106.2339   2.4692   0.0000
    45 106.2339   2.4692   0.0000
    46 108.0060   2.4245   0.0000
    47 108.0060   2.4245   0.0000
    48 108.0060   2.4245   0.0000
    49 108.3489   2.2473   0.0000
    50 111.2115   2.1174   0.0000
    51 111.2115   2.1174   0.0000
    52 111.2115   2.1174   0.0000
    53 112.2025   2.0321   0.0000
    54 112.2025   2.0321   0.0000
    55 112.6644   2.2551   0.0000
    56 112.6644   2.2551   0.0000
    57 112.6644   2.2551   0.0000
    58 114.4048   2.4581   0.0000
    59 116.4821   2.2114   0.0000
    60 126.2341   2.7960   0.0000
  0.125000  0.000000  0.000000
  60
     1 -69.9149  -6.4427   0.0000
     2 -34.8654  -3.9370   0.0000
     3 -34.8298  -3.9392   0.0000
     4 -34.8298  -3.9392   0.0000
     5 -14.1020  -3.0524   0.0000
     6   4.6775  -1.5390   0.0000
     7   5.5473  -1.5748   0.0000
     8   5.5473  -1.5748   0.0000
     9  17.0569   0.9351   0.0000
    10  24.1349   1.3913   0.0000
    11  26.5944   1.5050   0.0000
    12  26.5944   1.5050   0.0000
    13  32.6213   1.7179   0.0000
    14  32.6213   1.7179   0.0000
    15  33.7857   1.5939   0.0000
    16  39.1642   2.1347   0.0000
    17  40.8868   2.1825   0.0000
    18  40.8868   2.1825   0.0000
    19  53.2458   2.1296   0.0000
    20  54.9887   2.1616   0.0000
    21  54.9887   2.1616   0.0000
    22  60.1545   2.1783   0.0000
    23  65.4571   2.2010   0.0000
    24  65.4571   2.2010   0.0000
    25  70.6171   2.2895   0.0000
    26  73.0358   2.1904   0.0000
    27  73.0358   2.1904   0.0000
    28  76.7511   2.3241   0.0000
    29  83.8472   2.3603   0.0000
    30  83.8472   2.3603   0.0000
    31  86.1794   2.4021   0.0000
    32  86.7930   2.3731   0.0000
    33  86.7930   2.3731   0.0000
    34  93.0924   2.2384   0.0000
    35  94.0910   2.2664   0.0000
    36  94.0910   2.2664   0.0000
    37  94.6114   2.3239   0.0000
    38  97.7066   2.4478   0.0000
    39  97.7066   2.4478   0.0000
    40  98.7445   2.3953   0.0000
    41  98.7445   2.3953   0.0000
    42  99.8724   2.4204   0.0000
    43 104.7360   2.3933   0.0000
    44 105.0116   2.1699   0.0000
    45 105.0116   2.1699   0.0000
    46 106.3733   2.3160   0.0000
    47 108.1633   2.4666   0.0000
    48 110.4124   2.3772   0.0000
    49 110.4124   2.3772   0.0000
    50 112.8701   2.3994   0.0000
    51 112.8701   2.3994   0.0000
    52 114.4025   2.4427   0.0000
    53 114.4025   2.4427   0.0000
    54 115.1443   2.4708   0.0000
    55 115.3251   2.4729   0.0000
    56 118.1758   2.2313   0.0000
    57 121.4332   2.4051   0.0000
    58 122.2226   2.1674   0.0000
    59 122.2226   2.1674   0.0000
    60 126.3484   2.6699   0.0000
  0.250000  0.000000  0.000000
  60
     1 -69.9034  -6.4442   0.0000
     2 -34.9563  -3.9303   0.0000
     3 -34.8364  -3.9377   0.0000
     4 -34.8364  -3.9377   0.0000
     5 -13.3679  -3.0608   0.0000
     6   2.4860  -1.5505   0.0000
     7   5.1669  -1.5741   0.0000
     8   5.1669  -1.5741   0.0000
     9  18.2340   1.0371   0.0000
    10  22.8862   1.2743   0.0000
    11  27.6491   1.5442   0.0000
    12  27.6491   1.5442   0.0000
    13  32.3311   1.7441   0.0000
    14  32.3311   1.7441   0.0000
    15  35.9304   1.9195   0.0000
    16  41.4623   1.8558   0.0000
    17  43.8681   2.2269   0.0000
    18  43.8681   2.2269   0.0000
    19  50.4738   2.0002   0.0000
    20  52.5160   1.9984   0.0000
    21  52.5160   1.9984   0.0000
    22  61.8367   2.2301   0.0000
    23  61.8367   2.2301   0.0000
    24  63.0729   2.2124   0.0000
    25  73.3425   2.4348   0.0000
    26  74.0689   2.2096   0.0000
    27  74.0689   2.2096   0.0000
    28  78.1830   2.3363   0.0000
    29  81.1666   2.3482   0.0000
    30  81.1666   2.3482   0.0000
    31  82.0308   2.2391   0.0000
    32  86.2801   2.2336   0.0000
    33  88.7381   2.2519   0.0000
    34  88.7381   2.2519   0.0000
    35  90.8596   2.3571   0.0000
    36  91.8666   2.4467   0.0000
    37  91.8666   2.4467   0.0000
    38  93.6650   2.3886   0.0000
    39  95.8580   2.3066   0.0000
    40  95.8580   2.3066   0.0000
    41  98.2932   2.3265   0.0000
    42  98.2932   2.3265   0.0000
    43 102.9177   2.2762   0.0000
    44 103.1231   2.2530   0.0000
    45 103.1231   2.2530   0.0000
    46 104.5434   2.4578   0.0000
    47 111.5715   2.4978   0.0000
    48 112.4834   2.5345   0.0000
    49 112.4834   2.5345   0.0000
    50 114.3427   2.5742   0.0000
    51 117.3200   2.4313   0.0000
    52 117.3200   2.4313   0.0000
    53 122.7683   2.4609   0.0000
    54 122.7683   2.4609   0.0000
    55 124.4077   2.5031   0.0000
    56 125.0540   2.4683   0.0000
    57 127.4719   2.4387   0.0000
    58 127.4719   2.4387   0.0000
    59 129.8442   2.1999   0.0000
    60 135.5195   2.6547   0.0000
  0.375000  0.000000  0.000000
  60
     1 -69.8919  -6.4456   0.0000
     2 -35.0454  -3.9239   0.0000
     3 -34.8429  -3.9363   0.0000
     4 -34.8429  -3.9363   0.0000
     5 -12.5095  -3.0872   0.0000
     6   0.4733  -1.5743   0.0000
     7   4.8107  -1.5765   0.0000
     8   4.8107  -1.5765   0.0000
     9  18.2472   1.0930   0.0000
    10  23.7124   1.2770   0.0000
    11  28.0027   1.5756   0.0000
    12  28.0027   1.5756   0.0000
    13  33.8901   1.8090   0.0000
    14  33.8901   1.8090   0.0000
    15  35.1194   1.9497   0.0000
    16  43.9561   1.8554   0.0000
    17  45.9770   2.1647   0.0000
    18  45.9770   2.1647   0.0000
    19  48.7875   1.9907   0.0000
    20  48.7875   1.9907   0.0000
    21  52.5118   1.9006   0.0000
    22  62.3868   2.2141   0.0000
    23  62.3868   2.2141   0.0000
    24  65.9284   2.1820   0.0000
    25  70.9348   2.2314   0.0000
    26  74.0849   2.2853   0.0000
    27  74.0849   2.2853   0.0000
    28  76.3836   2.2074   0.0000
    29  76.3836   2.2074   0.0000
    30  77.0781   2.5015   0.0000
    31  80.5455   2.3621   0.0000
    32  81.6616   2.1970   0.0000
    33  83.8842   2.2184   0.0000
    34  83.8842   2.2184   0.0000
    35  88.4292   2.3515   0.0000
    36  90.8681   2.4921   0.0000
    37  91.3925   2.3938   0.0000
    38  91.3925   2.3938   0.0000
    39  96.5554   2.2835   0.0000
    40  96.5554   2.2835   0.0000
    41 102.3877   2.3218   0.0000
    42 103.8441   2.3769   0.0000
    43 103.8441   2.3769   0.0000
    44 104.2163   2.3304   0.0000
    45 105.7408   2.4408   0.0000
    46 105.7408   2.4408   0.0000
    47 110.8192   2.6007   0.0000
    48 111.8523   2.5256   0.0000
    49 111.8523   2.5256   0.0000
    50 119.2128   2.5303   0.0000
    51 124.2404   2.5277   0.0000
    52 124.2404   2.5277   0.0000
    53 126.5117   2.4677   0.0000
    54 129.5083   2.5485   0.0000
    55 129.5083   2.5485   0.0000
    56 131.3925   2.4043   0.0000
    57 131.3925   2.4043   0.0000
    58 132.1406   2.4359   0.0000
    59 132.4420   2.4440   0.0000
    60 132.4421   2.4440   0.0000
  0.500000  0.000000  0.000000
  60
     1 -69.8871  -6.4462   0.0000
     2 -35.0817  -3.9213   0.0000
     3 -34.8456  -3.9357   0.0000
     4 -34.8456  -3.9357   0.0000
     5 -12.1004  -3.1102   0.0000
     6  -0.3573  -1.5736   0.0000
     7   4.6693  -1.5781   0.0000
     8   4.6693  -1.5781   0.0000
     9  18.0818   1.0898   0.0000
    10  24.3886   1.3163   0.0000
    11  27.9666   1.5818   0.0000
    12  27.9666   1.5818   0.0000
    13  34.6797   1.9417   0.0000
    14  35.3429   1.8861   0.0000
    15  35.3429   1.8861   0.0000
    16  43.5710   1.8237   0.0000
    17  44.8779   1.8051   0.0000
    18  44.8779   1.8051   0.0000
    19  48.5213   2.2977   0.0000
    20  48.5213   2.2977   0.0000
    21  59.3640   1.9921   0.0000
    22  61.2611   1.9191   0.0000
    23  64.5735   2.2105   0.0000
    24  64.5735   2.2105   0.0000
    25  69.6994   2.2149   0.0000
    26  69.6994   2.2149   0.0000
    27  70.6789   2.3093   0.0000
    28  74.1976   2.4794   0.0000
    29  78.6408   2.3102   0.0000
    30  78.6408   2.3102   0.0000
    31  80.6707   2.1299   0.0000
    32  80.6707   2.1299   0.0000
    33  81.3013   2.3405   0.0000
    34  83.1483   2.4564   0.0000
    35  84.8679   2.2535   0.0000
    36  91.0759   2.5310   0.0000
    37  90.9317   2.3840   0.0000
    38  90.9317   2.3840   0.0000
    39  96.3264   2.2590   0.0000
    40  96.3264   2.2590   0.0000
    41 102.5897   2.3894   0.0000
    42 103.9371   2.2544   0.0000
    43 105.2519   2.4483   0.0000
    44 105.2519   2.4483   0.0000
    45 107.5429   2.5231   0.0000
    46 107.5429   2.5231   0.0000
    47 110.6468   2.5584   0.0000
    48 118.9534   2.6023   0.0000
    49 118.9534   2.6023   0.0000
    50 119.5215   2.4369   0.0000
    51 119.5215   2.4369   0.0000
    52 122.5972   2.6340   0.0000
    53 126.5328   2.4708   0.0000
    54 128.3787   2.3357   0.0000
    55 130.1610   2.5202   0.0000
    56 130.1610   2.5202   0.0000
    57 134.7576   2.3956   0.0000
    58 134.7576   2.3956   0.0000
    59 138.3061   2.4669   0.0000
    60 138.3109   2.4665   0.0000
  0.125000  0.125000  0.000000
  60
     1 -69.9133  -6.4429   0.0000
     2 -34.8624  -3.9367   0.0000
     3 -34.8383  -3.9387   0.0000
     4 -34.8383  -3.9387   0.0000
     5 -14.0162  -3.0528   0.0000
     6   4.5857  -1.5380   0.0000
     7   5.3921  -1.5720   0.0000
     8   5.3921  -1.5720   0.0000
     9  17.3651   0.9340   0.0000
    10  23.2823   1.3809   0.0000
    11  27.0140   1.5139   0.0000
    12  27.0140   1.5139   0.0000
    13  31.0762   1.7120   0.0000
    14  33.8426   1.7055   0.0000
    15  34.7178   1.5882   0.0000
    16  40.0563   2.1919   0.0000
    17  40.0563   2.1919   0.0000
    18  41.4135   2.1506   0.0000
    19  53.4214   2.1064   0.0000
    20  54.3274   2.1411   0.0000
    21  54.3274   2.1411   0.0000
    22  60.9824   2.1993   0.0000
    23  66.2452   2.1515   0.0000
    24  66.4710   2.2490   0.0000
    25  66.4710   2.2490   0.0000
    26  69.5573   2.2155   0.0000
    27  76.0280   2.2191   0.0000
    28  81.3730   2.3700   0.0000
    29  81.3730   2.3700   0.0000
    30  85.3430   2.3704   0.0000
    31  86.3286   2.3758   0.0000
    32  87.3300   2.4493   0.0000
    33  87.6055   2.3241   0.0000
    34  89.7143   2.3127   0.0000
    35  89.7143   2.3127   0.0000
    36  94.0544   2.1089   0.0000
    37  95.7536   2.3702   0.0000
    38  95.7536   2.3702   0.0000
    39  97.7628   2.4112   0.0000
    40  98.6699   2.1394   0.0000
    41 102.2386   2.4070   0.0000
    42 102.2386   2.4070   0.0000
    43 103.4645   2.3372   0.0000
    44 103.4645   2.3372   0.0000
    45 103.9137   2.3897   0.0000
    46 105.2005   2.3006   0.0000
    47 108.2944   2.4865   0.0000
    48 108.4614   2.6079   0.0000
    49 112.1588   2.1204   0.0000
    50 112.7625   2.5508   0.0000
    51 112.7625   2.5508   0.0000
    52 113.8367   2.4750   0.0000
    53 115.0397   2.2427   0.0000
    54 115.0397   2.2427   0.0000
    55 116.2871   2.1582   0.0000
    56 120.9526   2.4985   0.0000
    57 120.9526   2.4985   0.0000
    58 123.8452   2.4849   0.0000
    59 126.9916   2.4220   0.0000
    60 127.4279   2.0870   0.0000
  0.250000  0.125000  0.000000
  60
     1 -69.9041  -6.4441   0.0000
     2 -34.9286  -3.9318   0.0000
     3 -34.8490  -3.9374   0.0000
     4 -34.8437  -3.9374   0.0000
     5 -13.4519  -3.0587   0.0000
     6   3.0153  -1.5502   0.0000
     7   5.0068  -1.5629   0.0000
     8   5.0313  -1.5726   0.0000
     9  18.6338   1.0065   0.0000
    10  21.8838   1.2901   0.0000
    11  27.7573   1.5611   0.0000
    12  28.0680   1.5550   0.0000
    13  30.0335   1.6877   0.0000
    14  34.1080   1.7524   0.0000
    15  37.6965   1.8626   0.0000
    16  41.1814   1.9438   0.0000
    17  42.1252   2.1892   0.0000
    18  43.6820   2.2108   0.0000
    19  50.6566   1.9999   0.0000
    20  51.9927   2.0118   0.0000
    21  54.6223   2.0694   0.0000
    22  61.3292   2.1640   0.0000
    23  61.4060   2.2020   0.0000
    24  64.7445   2.2657   0.0000
    25  67.6447   2.2312   0.0000
    26  72.0105   2.3412   0.0000
    27  75.8275   2.3079   0.0000
    28  80.7758   2.2679   0.0000
    29  82.9612   2.3271   0.0000
    30  83.8078   2.3761   0.0000
    31  84.3437   2.3430   0.0000
    32  86.1151   2.3386   0.0000
    33  86.1487   2.3626   0.0000
    34  88.5801   2.3869   0.0000
    35  89.5922   2.1805   0.0000
    36  91.1265   2.2791   0.0000
    37  93.0306   2.3444   0.0000
    38  93.3668   2.1672   0.0000
    39  95.7531   2.3380   0.0000
    40  96.3407   2.2743   0.0000
    41  97.9902   2.3570   0.0000
    42 100.3103   2.3765   0.0000
    43 101.0655   2.4463   0.0000
    44 102.6751   2.4453   0.0000
    45 106.1642   2.3004   0.0000
    46 109.2583   2.3250   0.0000
    47 110.2569   2.5559   0.0000
    48 111.1371   2.3665   0.0000
    49 111.2571   2.3497   0.0000
    50 113.3299   2.5855   0.0000
    51 113.6927   2.4823   0.0000
    52 115.9902   2.4781   0.0000
    53 116.0245   2.4632   0.0000
    54 123.0937   2.4137   0.0000
    55 124.5362   2.3990   0.0000
    56 127.8592   2.2760   0.0000
    57 128.5632   2.4464   0.0000
    58 128.9479   2.4247   0.0000
    59 129.2464   2.5478   0.0000
    60 132.4423   2.4725   0.0000
  0.375000  0.125000  0.000000
  60
     1 -69.8926  -6.4455   0.0000
     2 -35.0126  -3.9259   0.0000
     3 -34.8556  -3.9359   0.0000
     4 -34.8539  -3.9355   0.0000
     5 -12.6474  -3.0790   0.0000
     6   1.1477  -1.5723   0.0000
     7   4.4690  -1.5537   0.0000
     8   4.6895  -1.5770   0.0000
     9  19.0287   1.0962   0.0000
    10  22.5210   1.2309   0.0000
    11  27.2301   1.5876   0.0000
    12  28.6202   1.5950   0.0000
    13  31.4642   1.7218   0.0000
    14  35.1246   1.8282   0.0000
    15  37.4400   1.9798   0.0000
    16  44.5131   1.9963   0.0000
    17  45.0035   2.0465   0.0000
    18  45.4921   2.2210   0.0000
    19  47.5260   1.8743   0.0000
    20  50.8505   1.9493   0.0000
    21  54.1678   2.0178   0.0000
    22  59.4815   2.1263   0.0000
    23  60.8969   2.2042   0.0000
    24  67.2780   2.2639   0.0000
    25  69.5551   2.2494   0.0000
    26  71.7057   2.2556   0.0000
    27  74.4004   2.3351   0.0000
    28  76.5764   2.2708   0.0000
    29  76.7481   2.2716   0.0000
    30  78.0697   2.3487   0.0000
    31  81.6722   2.2779   0.0000
    32  83.4266   2.2368   0.0000
    33  85.2557   2.2392   0.0000
    34  86.1345   2.4051   0.0000
    35  88.0831   2.3211   0.0000
    36  90.7157   2.2511   0.0000
    37  91.3152   2.2790   0.0000
    38  93.5654   2.3128   0.0000
    39  93.9366   2.4699   0.0000
    40  96.8952   2.3679   0.0000
    41 100.1077   2.3683   0.0000
    42 102.0596   2.4451   0.0000
    43 103.4870   2.4965   0.0000
    44 104.7288   2.5184   0.0000
    45 107.7940   2.3921   0.0000
    46 108.2794   2.2386   0.0000
    47 110.4662   2.4393   0.0000
    48 113.2536   2.6145   0.0000
    49 113.6105   2.4232   0.0000
    50 116.8245   2.2782   0.0000
    51 119.6820   2.3454   0.0000
    52 120.3428   2.5655   0.0000
    53 123.6404   2.5709   0.0000
    54 124.2214   2.5112   0.0000
    55 129.2046   2.5406   0.0000
    56 129.9150   2.6092   0.0000
    57 130.1299   2.6031   0.0000
    58 134.4927   2.4786   0.0000
    59 135.9479   2.4692   0.0000
    60 135.9831   2.4427   0.0000
  0.500000  0.125000  0.000000
  60
     1 -69.8856  -6.4464   0.0000
     2 -35.0624  -3.9223   0.0000
     3 -34.8663  -3.9341   0.0000
     4 -34.8543  -3.9353   0.0000
     5 -12.0746  -3.1072   0.0000
     6   0.0081  -1.5705   0.0000
     7   4.0713  -1.5531   0.0000
     8   4.5481  -1.5798   0.0000
     9  18.8590   1.0880   0.0000
    10  23.7923   1.2817   0.0000
    11  26.7704   1.5806   0.0000
    12  28.5853   1.6089   0.0000
    13  33.4958   1.8066   0.0000
    14  35.8640   1.8864   0.0000
    15  36.9811   1.9688   0.0000
    16  44.1381   1.8778   0.0000
    17  44.4335   1.8592   0.0000
    18  45.2778   2.0079   0.0000
    19  48.7062   2.2184   0.0000
    20  50.4076   2.1265   0.0000
    21  57.9739   1.9403   0.0000
    22  62.4700   2.1092   0.0000
    23  63.3555   2.1960   0.0000
    24  63.8345   2.0251   0.0000
    25  67.4646   2.1632   0.0000
    26  70.2108   2.2203   0.0000
    27  72.0993   2.3524   0.0000
    28  72.0846   2.2584   0.0000
    29  75.5812   2.5063   0.0000
    30  77.4016   2.2096   0.0000
    31  77.9615   2.3531   0.0000
    32  81.6024   2.2205   0.0000
    33  82.9109   2.3067   0.0000
    34  86.4344   2.2833   0.0000
    35  88.0058   2.4549   0.0000
    36  91.0072   2.2721   0.0000
    37  91.0681   2.3320   0.0000
    38  91.9958   2.2911   0.0000
    39  94.8223   2.4673   0.0000
    40  95.3502   2.3531   0.0000
    41  98.8589   2.3669   0.0000
    42 102.8276   2.5217   0.0000
    43 107.4361   2.6751   0.0000
    44 107.6976   2.4012   0.0000
    45 108.7960   2.2970   0.0000
    46 111.4706   2.4290   0.0000
    47 112.9017   2.4999   0.0000
    48 116.7635   2.3804   0.0000
    49 119.4977   2.5408   0.0000
    50 120.0095   2.4869   0.0000
    51 120.0710   2.5006   0.0000
    52 121.6065   2.4867   0.0000
    53 125.9529   2.4393   0.0000
    54 127.4576   2.4389   0.0000
    55 128.3833   2.5002   0.0000
    56 128.2786   2.3504   0.0000
    57 132.0282   2.5957   0.0000
    58 133.1205   2.5356   0.0000
    59 134.3905   2.4923   0.0000
    60 136.4435   2.4037   0.0000
 -0.375000  0.125000  0.000000
  60
     1 -69.8871  -6.4462   0.0000
     2 -35.0511  -3.9232   0.0000
     3 -34.8728  -3.9340   0.0000
     4 -34.8459  -3.9357   0.0000
     5 -12.2005  -3.0998   0.0000
     6   0.2685  -1.5707   0.0000
     7   4.0118  -1.5511   0.0000
     8   4.6770  -1.5785   0.0000
     9  18.9769   1.0881   0.0000
    10  23.5516   1.2670   0.0000
    11  26.9189   1.5793   0.0000
    12  28.6095   1.6115   0.0000
    13  33.5435   1.7789   0.0000
    14  34.4811   1.8444   0.0000
    15  37.1401   1.9787   0.0000
    16  44.3332   1.8976   0.0000
    17  45.2384   2.1057   0.0000
    18  45.8875   1.8788   0.0000
    19  47.4659   2.1636   0.0000
    20  51.3472   2.0951   0.0000
    21  55.5854   1.9204   0.0000
    22  60.1240   2.1323   0.0000
    23  63.4678   2.1711   0.0000
    24  66.3151   2.0703   0.0000
    25  69.3173   2.2499   0.0000
    26  70.7202   2.2629   0.0000
    27  72.0293   2.2975   0.0000
    28  73.2323   2.2357   0.0000
    29  76.7275   2.4091   0.0000
    30  76.9036   2.2056   0.0000
    31  77.2893   2.4111   0.0000
    32  81.4457   2.2430   0.0000
    33  83.3417   2.2897   0.0000
    34  86.2908   2.2855   0.0000
    35  87.4842   2.4300   0.0000
    36  91.3816   2.2867   0.0000
    37  92.0147   2.3608   0.0000
    38  93.3883   2.2854   0.0000
    39  95.0482   2.4077   0.0000
    40  95.5797   2.3921   0.0000
    41  97.1922   2.2934   0.0000
    42 103.6799   2.5972   0.0000
    43 105.6462   2.5821   0.0000
    44 107.5321   2.4489   0.0000
    45 108.2064   2.4105   0.0000
    46 111.4292   2.3900   0.0000
    47 111.4622   2.3569   0.0000
    48 115.6446   2.4177   0.0000
    49 117.2347   2.4713   0.0000
    50 118.9144   2.4665   0.0000
    51 121.4341   2.6137   0.0000
    52 123.9343   2.5362   0.0000
    53 125.3847   2.4682   0.0000
    54 126.4134   2.4247   0.0000
    55 127.7826   2.4896   0.0000
    56 130.2989   2.5018   0.0000
    57 131.0169   2.3838   0.0000
    58 132.2525   2.4477   0.0000
    59 134.7418   2.4118   0.0000
    60 136.4786   2.5278   0.0000
 -0.250000  0.125000  0.000000
  60
     1 -69.8964  -6.4450   0.0000
     2 -34.9865  -3.9279   0.0000
     3 -34.8679  -3.9354   0.0000
     4 -34.8352  -3.9371   0.0000
     5 -12.9111  -3.0707   0.0000
     6   1.7530  -1.5651   0.0000
     7   4.3425  -1.5469   0.0000
     8   5.0172  -1.5759   0.0000
     9  19.1347   1.0689   0.0000
    10  22.3371   1.2322   0.0000
    11  27.4119   1.5720   0.0000
    12  28.5856   1.5836   0.0000
    13  31.0096   1.7118   0.0000
    14  33.7879   1.7975   0.0000
    15  37.6961   1.9774   0.0000
    16  42.9134   2.0453   0.0000
    17  45.3457   2.2581   0.0000
    18  45.1107   1.9983   0.0000
    19  47.6062   1.8832   0.0000
    20  51.9681   1.9775   0.0000
    21  54.4781   2.0117   0.0000
    22  58.3929   2.1567   0.0000
    23  60.8290   2.1584   0.0000
    24  66.2534   2.2879   0.0000
    25  70.2672   2.2663   0.0000
    26  73.9382   2.4351   0.0000
    27  74.8627   2.2592   0.0000
    28  77.1513   2.2952   0.0000
    29  79.2613   2.2659   0.0000
    30  79.9233   2.2629   0.0000
    31  81.1980   2.2278   0.0000
    32  84.0740   2.2774   0.0000
    33  85.2613   2.2489   0.0000
    34  85.7271   2.3723   0.0000
    35  87.9084   2.3241   0.0000
    36  91.9582   2.4694   0.0000
    37  92.4123   2.3584   0.0000
    38  94.8848   2.1186   0.0000
    39  95.9136   2.3272   0.0000
    40  96.6355   2.4047   0.0000
    41  97.5565   2.2190   0.0000
    42 100.0930   2.3904   0.0000
    43 101.8078   2.5148   0.0000
    44 103.9299   2.4812   0.0000
    45 105.6055   2.5130   0.0000
    46 109.3362   2.3249   0.0000
    47 110.4637   2.5797   0.0000
    48 113.9335   2.3764   0.0000
    49 114.9128   2.5011   0.0000
    50 115.0727   2.4146   0.0000
    51 116.4245   2.3462   0.0000
    52 121.9055   2.5225   0.0000
    53 122.2274   2.3963   0.0000
    54 124.8142   2.5293   0.0000
    55 126.0203   2.3883   0.0000
    56 126.5970   2.5792   0.0000
    57 130.3001   2.4476   0.0000
    58 131.5819   2.3481   0.0000
    59 134.4303   2.7164   0.0000
    60 134.2997   2.5408   0.0000
 -0.125000  0.125000  0.000000
  60
     1 -69.9079  -6.4436   0.0000
     2 -34.9091  -3.9336   0.0000
     3 -34.8505  -3.9375   0.0000
     4 -34.8286  -3.9385   0.0000
     5 -13.6778  -3.0559   0.0000
     6   3.5507  -1.5430   0.0000
     7   4.9901  -1.5564   0.0000
     8   5.3851  -1.5755   0.0000
     9  18.1310   0.9708   0.0000
    10  22.7018   1.3169   0.0000
    11  27.3597   1.5303   0.0000
    12  27.3866   1.5361   0.0000
    13  31.1525   1.7161   0.0000
    14  33.0463   1.7476   0.0000
    15  36.6284   1.7466   0.0000
    16  40.3235   2.0923   0.0000
    17  41.3288   2.0981   0.0000
    18  43.3295   2.2235   0.0000
    19  50.6383   2.0150   0.0000
    20  53.7915   2.1026   0.0000
    21  55.3438   2.1069   0.0000
    22  59.9367   2.1483   0.0000
    23  63.1732   2.1567   0.0000
    24  63.9438   2.2714   0.0000
    25  70.3710   2.2329   0.0000
    26  72.1174   2.3584   0.0000
    27  73.2971   2.2326   0.0000
    28  82.3465   2.4180   0.0000
    29  84.2337   2.3604   0.0000
    30  84.5202   2.3799   0.0000
    31  84.9882   2.2987   0.0000
    32  86.4765   2.4174   0.0000
    33  87.3147   2.2374   0.0000
    34  87.9844   2.2500   0.0000
    35  89.9398   2.3031   0.0000
    36  91.4627   2.3671   0.0000
    37  91.4503   2.2397   0.0000
    38  94.9288   2.2995   0.0000
    39  96.5403   2.4396   0.0000
    40  97.7525   2.0638   0.0000
    41  98.4531   2.3435   0.0000
    42  99.6003   2.4963   0.0000
    43 100.8649   2.1535   0.0000
    44 104.9287   2.3588   0.0000
    45 105.3547   2.3383   0.0000
    46 105.7355   2.5608   0.0000
    47 107.5890   2.5353   0.0000
    48 110.8908   2.7009   0.0000
    49 113.7183   2.2989   0.0000
    50 114.6966   2.4500   0.0000
    51 115.0145   2.2470   0.0000
    52 115.9001   2.2735   0.0000
    53 118.7852   2.3852   0.0000
    54 119.3336   2.4089   0.0000
    55 120.3439   2.3525   0.0000
    56 122.5419   2.6959   0.0000
    57 122.9273   2.5970   0.0000
    58 125.5740   2.5287   0.0000
    59 129.5410   2.2083   0.0000
    60 131.7860   2.1805   0.0000
  0.250000  0.250000  0.000000
  60
     1 -69.8980  -6.4448   0.0000
     2 -34.9396  -3.9298   0.0000
     3 -34.8655  -3.9362   0.0000
     4 -34.8655  -3.9362   0.0000
     5 -13.1260  -3.0634   0.0000
     6   2.4771  -1.5678   0.0000
     7   4.7094  -1.5757   0.0000
     8   4.7094  -1.5757   0.0000
     9  19.6617   1.0573   0.0000
    10  20.2105   1.2736   0.0000
    11  27.5997   1.6300   0.0000
    12  29.2732   1.6098   0.0000
    13  29.2732   1.6098   0.0000
    14  35.5946   1.7529   0.0000
    15  41.6094   1.6983   0.0000
    16  42.1406   2.1898   0.0000
    17  42.1406   2.1898   0.0000
    18  43.4691   2.1694   0.0000
    19  51.4750   1.9765   0.0000
    20  51.4750   1.9765   0.0000
    21  51.8851   1.9803   0.0000
    22  58.1323   2.0695   0.0000
    23  64.5145   2.3289   0.0000
    24  64.5145   2.3289   0.0000
    25  66.0376   2.2654   0.0000
    26  71.0016   2.2431   0.0000
    27  76.0180   2.3875   0.0000
    28  78.2599   2.2793   0.0000
    29  78.2599   2.2793   0.0000
    30  82.3254   1.9810   0.0000
    31  83.5413   2.2723   0.0000
    32  85.7460   2.3847   0.0000
    33  87.6736   2.5263   0.0000
    34  88.8607   2.4496   0.0000
    35  88.8607   2.4496   0.0000
    36  93.0534   2.2450   0.0000
    37  93.0534   2.2450   0.0000
    38  94.6945   2.2339   0.0000
    39  96.3886   2.2770   0.0000
    40  97.9666   2.2987   0.0000
    41  98.7067   2.3551   0.0000
    42 100.0896   2.3655   0.0000
    43 100.0896   2.3655   0.0000
    44 102.1838   2.2570   0.0000
    45 104.8724   2.5224   0.0000
    46 104.8310   2.3636   0.0000
    47 104.8310   2.3636   0.0000
    48 113.6295   2.5226   0.0000
    49 114.4871   2.7712   0.0000
    50 114.4871   2.7712   0.0000
    51 117.5699   2.6155   0.0000
    52 118.1039   2.1695   0.0000
    53 121.5596   2.2847   0.0000
    54 121.5596   2.2847   0.0000
    55 123.1409   2.2084   0.0000
    56 127.6910   2.4933   0.0000
    57 133.7426   2.5761   0.0000
    58 134.1161   2.6291   0.0000
    59 134.1161   2.6291   0.0000
    60 135.8472   2.5437   0.0000
  0.375000  0.250000  0.000000
  60
     1 -69.8887  -6.4459   0.0000
     2 -34.9893  -3.9261   0.0000
     3 -34.8819  -3.9342   0.0000
     4 -34.8764  -3.9349   0.0000
     5 -12.5338  -3.0789   0.0000
     6   1.4147  -1.5892   0.0000
     7   4.0811  -1.5577   0.0000
     8   4.4016  -1.5821   0.0000
     9  19.5159   1.2006   0.0000
    10  21.0620   1.1627   0.0000
    11  26.0632   1.5592   0.0000
    12  30.1222   1.6679   0.0000
    13  30.7240   1.7015   0.0000
    14  36.7807   1.8221   0.0000
    15  41.7770   2.0737   0.0000
    16  43.3200   2.0992   0.0000
    17  44.2237   2.1497   0.0000
    18  46.3402   1.8399   0.0000
    19  48.5171   1.9084   0.0000
    20  50.4847   1.9364   0.0000
    21  54.7788   2.0193   0.0000
    22  56.9443   2.0558   0.0000
    23  60.7160   2.2306   0.0000
    24  64.6110   2.3365   0.0000
    25  69.4142   2.2837   0.0000
    26  70.4513   2.2339   0.0000
    27  73.2132   2.2551   0.0000
    28  74.3638   2.3457   0.0000
    29  75.2998   2.3649   0.0000
    30  78.4171   2.0662   0.0000
    31  81.4645   2.2471   0.0000
    32  83.7939   2.3593   0.0000
    33  85.7349   2.2786   0.0000
    34  87.9345   2.5099   0.0000
    35  89.2550   2.2452   0.0000
    36  90.1219   2.2031   0.0000
    37  93.4994   2.3457   0.0000
    38  94.5869   2.4797   0.0000
    39  94.5421   2.3988   0.0000
    40  96.6071   2.4106   0.0000
    41 100.3686   2.3550   0.0000
    42 102.8485   2.3962   0.0000
    43 103.5120   2.3358   0.0000
    44 104.3693   2.3989   0.0000
    45 106.7546   2.5006   0.0000
    46 106.6021   2.3227   0.0000
    47 109.0455   2.3166   0.0000
    48 113.8297   2.5903   0.0000
    49 114.9121   2.6838   0.0000
    50 117.4508   2.4286   0.0000
    51 117.9862   2.2992   0.0000
    52 122.3561   2.4412   0.0000
    53 122.4517   2.4845   0.0000
    54 126.3796   2.5808   0.0000
    55 129.7539   2.5904   0.0000
    56 130.3383   2.6244   0.0000
    57 131.4269   2.3145   0.0000
    58 134.0771   2.4980   0.0000
    59 135.3612   2.2921   0.0000
    60 137.9224   2.6472   0.0000
  0.500000  0.250000  0.000000
  60
     1 -69.8817  -6.4467   0.0000
     2 -35.0229  -3.9241   0.0000
     3 -34.9089  -3.9314   0.0000
     4 -34.8752  -3.9343   0.0000
     5 -11.9975  -3.1029   0.0000
     6   0.7254  -1.5787   0.0000
     7   3.1204  -1.5415   0.0000
     8   4.2705  -1.5857   0.0000
     9  19.7049   1.1518   0.0000
    10  22.7075   1.2290   0.0000
    11  25.1521   1.5229   0.0000
    12  30.1188   1.6883   0.0000
    13  31.6778   1.7600   0.0000
    14  37.4908   1.8863   0.0000
    15  41.1611   2.0562   0.0000
    16  43.1816   2.0234   0.0000
    17  43.2576   1.9078   0.0000
    18  46.9322   1.9043   0.0000
    19  49.5222   2.1125   0.0000
    20  54.7703   2.1285   0.0000
    21  56.9268   1.9190   0.0000
    22  59.4122   2.0968   0.0000
    23  59.5449   2.0494   0.0000
    24  63.5546   2.0969   0.0000
    25  65.1639   2.3344   0.0000
    26  68.8676   2.2115   0.0000
    27  70.0914   2.0974   0.0000
    28  74.0473   2.3122   0.0000
    29  74.4490   2.3232   0.0000
    30  77.6481   2.4216   0.0000
    31  78.0743   2.3055   0.0000
    32  79.3686   2.2864   0.0000
    33  84.1182   2.2468   0.0000
    34  85.9950   2.4972   0.0000
    35  88.5540   2.3834   0.0000
    36  88.6214   2.1830   0.0000
    37  91.1216   2.3529   0.0000
    38  93.6654   2.3164   0.0000
    39  96.8565   2.5343   0.0000
    40  96.8160   2.4051   0.0000
    41 102.9740   2.4821   0.0000
    42 103.2209   2.3745   0.0000
    43 108.0676   2.3537   0.0000
    44 109.0660   2.6878   0.0000
    45 109.2284   2.5030   0.0000
    46 111.2264   2.2934   0.0000
    47 115.6671   2.4479   0.0000
    48 115.7653   2.3140   0.0000
    49 117.9656   2.3741   0.0000
    50 118.2383   2.3501   0.0000
    51 120.3042   2.4477   0.0000
    52 121.4462   2.3962   0.0000
    53 121.8659   2.5725   0.0000
    54 125.5473   2.5602   0.0000
    55 129.9573   2.5660   0.0000
    56 129.9186   2.4803   0.0000
    57 132.0315   2.5840   0.0000
    58 132.4674   2.4837   0.0000
    59 134.9587   2.3959   0.0000
    60 136.3888   2.6313   0.0000
 -0.375000  0.250000  0.000000
  60
     1 -69.8811  -6.4468   0.0000
     2 -35.0207  -3.9247   0.0000
     3 -34.9316  -3.9296   0.0000
     4 -34.8627  -3.9347   0.0000
     5 -11.8915  -3.1102   0.0000
     6   0.7832  -1.5569   0.0000
     7   2.5270  -1.5465   0.0000
     8   4.3812  -1.5837   0.0000
     9  20.3069   1.1422   0.0000
    10  22.9285   1.2317   0.0000
    11  25.4273   1.5310   0.0000
    12  29.9486   1.6951   0.0000
    13  32.4406   1.7688   0.0000
    14  34.6251   1.7505   0.0000
    15  40.7851   2.0707   0.0000
    16  43.5711   2.0388   0.0000
    17  44.0630   2.0731   0.0000
    18  47.5481   1.9173   0.0000
    19  50.1626   2.0243   0.0000
    20  53.2045   2.0956   0.0000
    21  57.2645   2.0520   0.0000
    22  60.1209   1.9226   0.0000
    23  62.8036   2.2026   0.0000
    24  64.6984   2.1213   0.0000
    25  65.3901   2.0395   0.0000
    26  67.5551   2.1969   0.0000
    27  67.9904   2.2490   0.0000
    28  72.7719   2.2706   0.0000
    29  75.1674   2.2404   0.0000
    30  76.3214   2.3446   0.0000
    31  78.3797   2.5069   0.0000
    32  78.9474   2.2883   0.0000
    33  82.0408   2.2305   0.0000
    34  83.4679   2.5074   0.0000
    35  89.2447   2.2428   0.0000
    36  90.7700   2.3536   0.0000
    37  91.0751   2.5031   0.0000
    38  91.9622   2.2364   0.0000
    39  98.1345   2.3154   0.0000
    40  99.6190   2.5800   0.0000
    41 101.2499   2.4159   0.0000
    42 102.6373   2.5010   0.0000
    43 108.0820   2.5117   0.0000
    44 110.8192   2.4942   0.0000
    45 110.9790   2.4774   0.0000
    46 112.6874   2.3901   0.0000
    47 115.8960   2.2859   0.0000
    48 116.7176   2.5237   0.0000
    49 117.8035   2.3362   0.0000
    50 119.1303   2.3562   0.0000
    51 121.3976   2.5322   0.0000
    52 121.3775   2.5004   0.0000
    53 124.6861   2.3562   0.0000
    54 126.1065   2.4119   0.0000
    55 127.4950   2.4988   0.0000
    56 128.4949   2.3811   0.0000
    57 129.4638   2.4245   0.0000
    58 131.6436   2.5671   0.0000
    59 132.6488   2.5757   0.0000
    60 137.0867   2.6259   0.0000
 -0.250000  0.250000  0.000000
  60
     1 -69.8872  -6.4461   0.0000
     2 -35.0046  -3.9261   0.0000
     3 -34.9159  -3.9314   0.0000
     4 -34.8461  -3.9358   0.0000
     5 -12.2975  -3.0908   0.0000
     6   1.2365  -1.5667   0.0000
     7   3.0163  -1.5331   0.0000
     8   4.6847  -1.5790   0.0000
     9  20.5858   1.1254   0.0000
    10  21.9292   1.1921   0.0000
    11  26.2573   1.5635   0.0000
    12  30.0142   1.7076   0.0000
    13  31.2537   1.6375   0.0000
    14  33.8317   1.8154   0.0000
    15  40.3219   2.0766   0.0000
    16  43.0916   2.0298   0.0000
    17  45.3646   2.2091   0.0000
    18  45.9825   1.8881   0.0000
    19  49.0344   1.9774   0.0000
    20  54.2770   1.9001   0.0000
    21  55.4074   2.0840   0.0000
    22  57.0973   2.0871   0.0000
    23  58.6054   2.0852   0.0000
    24  68.3044   2.3265   0.0000
    25  69.0089   2.2741   0.0000
    26  71.9761   2.2835   0.0000
    27  72.3820   2.1194   0.0000
    28  74.5802   2.2657   0.0000
    29  75.2409   2.2543   0.0000
    30  76.2675   2.2745   0.0000
    31  78.9653   2.3359   0.0000
    32  81.2387   2.3574   0.0000
    33  82.2021   2.3224   0.0000
    34  83.0573   2.2781   0.0000
    35  90.1752   2.5361   0.0000
    36  91.4936   2.0779   0.0000
    37  92.3052   2.5006   0.0000
    38  92.8305   2.2090   0.0000
    39  97.6134   2.4752   0.0000
    40  98.8612   2.2365   0.0000
    41  99.9273   2.4644   0.0000
    42 101.7855   2.4573   0.0000
    43 102.2117   2.6017   0.0000
    44 108.2921   2.3680   0.0000
    45 109.2308   2.5574   0.0000
    46 109.6137   2.3683   0.0000
    47 113.9772   2.5774   0.0000
    48 115.6308   2.4582   0.0000
    49 117.4921   2.2994   0.0000
    50 118.0146   2.2947   0.0000
    51 118.1547   2.3671   0.0000
    52 122.1989   2.5817   0.0000
    53 122.8513   2.5591   0.0000
    54 127.6311   2.3392   0.0000
    55 127.9056   2.5020   0.0000
    56 129.6724   2.5415   0.0000
    57 129.6673   2.4152   0.0000
    58 132.7270   2.3790   0.0000
    59 133.5976   2.3834   0.0000
    60 133.8965   2.6730   0.0000
  0.375000  0.375000  0.000000
  60
     1 -69.8827  -6.4465   0.0000
     2 -35.0062  -3.9236   0.0000
     3 -34.8931  -3.9338   0.0000
     4 -34.8931  -3.9338   0.0000
     5 -12.2245  -3.0880   0.0000
     6   0.8750  -1.6114   0.0000
     7   4.1275  -1.5895   0.0000
     8   4.1275  -1.5895   0.0000
     9  18.2909   1.2023   0.0000
    10  21.5641   1.2935   0.0000
    11  25.1587   1.4572   0.0000
    12  31.4994   1.7584   0.0000
    13  31.4994   1.7584   0.0000
    14  38.2144   1.8235   0.0000
    15  41.9869   2.0297   0.0000
    16  44.7500   2.1235   0.0000
    17  44.7500   2.1235   0.0000
    18  49.9693   1.8761   0.0000
    19  49.9693   1.8761   0.0000
    20  49.9040   1.7902   0.0000
    21  51.6929   1.9814   0.0000
    22  54.2475   2.1003   0.0000
    23  62.4760   2.3343   0.0000
    24  62.4760   2.3343   0.0000
    25  69.9262   2.2968   0.0000
    26  69.9262   2.2968   0.0000
    27  70.2658   1.9821   0.0000
    28  72.6396   2.3406   0.0000
    29  73.0618   2.2216   0.0000
    30  73.3360   2.3478   0.0000
    31  84.5211   2.3665   0.0000
    32  84.8293   2.3992   0.0000
    33  87.3154   2.5446   0.0000
    34  87.6252   2.1316   0.0000
    35  87.6252   2.1316   0.0000
    36  90.2399   2.2992   0.0000
    37  93.3810   2.1406   0.0000
    38  93.7806   2.3071   0.0000
    39  98.5784   2.7116   0.0000
    40  98.5784   2.7116   0.0000
    41  98.3049   2.3387   0.0000
    42  98.3049   2.3387   0.0000
    43 100.3155   2.2409   0.0000
    44 101.6108   2.3200   0.0000
    45 109.5194   2.3944   0.0000
    46 109.5194   2.3944   0.0000
    47 111.9878   2.4189   0.0000
    48 117.2736   2.6693   0.0000
    49 117.2736   2.6693   0.0000
    50 119.3606   2.4492   0.0000
    51 121.1632   2.5563   0.0000
    52 125.8910   2.2011   0.0000
    53 128.3997   2.6062   0.0000
    54 128.3997   2.6062   0.0000
    55 129.0426   2.5933   0.0000
    56 130.0369   2.3088   0.0000
    57 130.0369   2.3088   0.0000
    58 131.4028   2.2356   0.0000
    59 136.5794   2.7386   0.0000
    60 138.6850   2.5950   0.0000
  0.500000  0.375000  0.000000
  60
     1 -69.8779  -6.4471   0.0000
     2 -35.0182  -3.9226   0.0000
     3 -34.9163  -3.9319   0.0000
     4 -34.8960  -3.9333   0.0000
     5 -11.8988  -3.1025   0.0000
     6   0.6033  -1.6121   0.0000
     7   3.4199  -1.5599   0.0000
     8   4.0120  -1.5933   0.0000
     9  18.4758   1.1652   0.0000
    10  22.3795   1.4042   0.0000
    11  24.5181   1.3527   0.0000
    12  31.7307   1.7890   0.0000
    13  31.8742   1.7953   0.0000
    14  39.7307   1.8916   0.0000
    15  41.5586   1.9933   0.0000
    16  42.7100   1.9092   0.0000
    17  44.3310   2.0606   0.0000
    18  49.9467   1.8671   0.0000
    19  50.8073   2.0802   0.0000
    20  53.5466   1.8897   0.0000
    21  56.3038   1.8660   0.0000
    22  56.9292   2.1522   0.0000
    23  58.1966   2.2210   0.0000
    24  60.7403   2.3041   0.0000
    25  64.1934   2.1325   0.0000
    26  67.9881   2.3279   0.0000
    27  67.9629   2.0578   0.0000
    28  73.0182   2.3719   0.0000
    29  75.3496   2.3598   0.0000
    30  76.3300   2.2843   0.0000
    31  79.3501   2.2344   0.0000
    32  83.0152   2.3536   0.0000
    33  85.3861   2.6962   0.0000
    34  87.0713   2.3834   0.0000
    35  87.1054   2.0872   0.0000
    36  88.9947   2.1850   0.0000
    37  89.4913   2.2118   0.0000
    38  92.4545   2.2917   0.0000
    39  97.1647   2.2909   0.0000
    40 100.3276   2.7983   0.0000
    41 100.3649   2.5745   0.0000
    42 102.5787   2.3249   0.0000
    43 103.8241   2.4105   0.0000
    44 107.7592   2.3232   0.0000
    45 111.4265   2.3872   0.0000
    46 112.7127   2.4298   0.0000
    47 115.2223   2.5983   0.0000
    48 117.0123   2.4247   0.0000
    49 118.5251   2.4707   0.0000
    50 121.4788   2.5019   0.0000
    51 122.4490   2.5074   0.0000
    52 124.2646   2.5354   0.0000
    53 125.3218   2.3445   0.0000
    54 126.6543   2.3093   0.0000
    55 130.0513   2.5962   0.0000
    56 130.1324   2.5573   0.0000
    57 131.0299   2.5296   0.0000
    58 134.8158   2.5449   0.0000
    59 135.0869   2.6624   0.0000
    60 136.7047   2.3461   0.0000
 -0.375000  0.375000  0.000000
  60
     1 -69.8772  -6.4472   0.0000
     2 -34.9945  -3.9244   0.0000
     3 -34.9621  -3.9288   0.0000
     4 -34.8835  -3.9337   0.0000
     5 -11.7613  -3.1120   0.0000
     6   1.0708  -1.5880   0.0000
     7   2.1390  -1.5347   0.0000
     8   4.1114  -1.5904   0.0000
     9  19.6894   1.1714   0.0000
    10  23.6190   1.2531   0.0000
    11  23.9290   1.4727   0.0000
    12  31.0731   1.7631   0.0000
    13  31.4407   1.7592   0.0000
    14  37.6542   1.7833   0.0000
    15  42.3993   2.0363   0.0000
    16  42.3793   2.0050   0.0000
    17  43.2055   2.0922   0.0000
    18  50.3189   1.8640   0.0000
    19  52.5164   2.0691   0.0000
    20  53.2981   2.0573   0.0000
    21  58.1767   2.0769   0.0000
    22  58.6441   1.9671   0.0000
    23  60.3487   2.3002   0.0000
    24  60.2990   2.0924   0.0000
    25  65.7470   2.0252   0.0000
    26  66.5708   2.0088   0.0000
    27  67.0173   2.3060   0.0000
    28  69.7797   2.0997   0.0000
    29  74.8993   2.4074   0.0000
    30  77.1255   2.4645   0.0000
    31  78.8990   2.2871   0.0000
    32  79.6959   2.3533   0.0000
    33  83.4514   2.7762   0.0000
    34  84.2142   2.1811   0.0000
    35  87.7219   2.0727   0.0000
    36  89.1586   2.1868   0.0000
    37  89.5430   2.4577   0.0000
    38  90.4134   2.4059   0.0000
    39 101.1553   2.7646   0.0000
    40 101.1407   2.5588   0.0000
    41 101.3412   2.3067   0.0000
    42 108.0912   2.2066   0.0000
    43 109.6340   2.4246   0.0000
    44 110.5949   2.4088   0.0000
    45 111.6692   2.5750   0.0000
    46 114.1618   2.4333   0.0000
    47 114.5784   2.4033   0.0000
    48 115.3992   2.3836   0.0000
    49 116.8011   2.5207   0.0000
    50 117.5503   2.3350   0.0000
    51 120.6674   2.5119   0.0000
    52 124.1105   2.4615   0.0000
    53 124.4365   2.4878   0.0000
    54 125.1216   2.3333   0.0000
    55 125.7787   2.2913   0.0000
    56 130.0878   2.5795   0.0000
    57 131.9028   2.5720   0.0000
    58 133.3701   2.5583   0.0000
    59 134.8807   2.6631   0.0000
    60 134.9750   2.5287   0.0000
  0.500000  0.500000  0.000000
  60
     1 -69.8763  -6.4472   0.0000
     2 -35.0309  -3.9213   0.0000
     3 -34.9047  -3.9329   0.0000
     4 -34.9047  -3.9329   0.0000
     5 -11.8512  -3.1036   0.0000
     6   0.3176  -1.6255   0.0000
     7   3.9100  -1.5967   0.0000
     8   3.9100  -1.5967   0.0000
     9  17.6443   1.1772   0.0000
    10  21.9184   1.4562   0.0000
    11  24.7577   1.3276   0.0000
    12  32.4452   1.8386   0.0000
    13  32.4452   1.8386   0.0000
    14  40.0529   1.8791   0.0000
    15  40.7527   1.9546   0.0000
    16  44.9554   1.9741   0.0000
    17  44.9554   1.9741   0.0000
    18  48.5811   1.9206   0.0000
    19  52.3179   1.9042   0.0000
    20  52.3179   1.9042   0.0000
    21  56.0630   2.1952   0.0000
    22  58.7540   2.3110   0.0000
    23  58.7540   2.3110   0.0000
    24  59.1152   1.8157   0.0000
    25  59.8694   1.9268   0.0000
    26  67.8782   2.3716   0.0000
    27  67.8782   2.3716   0.0000
    28  71.5453   2.3285   0.0000
    29  74.1164   2.2893   0.0000
    30  78.7780   2.2728   0.0000
    31  84.3230   2.8329   0.0000
    32  84.0731   2.3604   0.0000
    33  86.5471   2.3347   0.0000
    34  86.4536   2.0710   0.0000
    35  86.4536   2.0710   0.0000
    36  87.9128   2.2659   0.0000
    37  88.0984   2.1419   0.0000
    38  92.7590   2.1367   0.0000
    39  97.6948   2.3310   0.0000
    40  97.6948   2.3310   0.0000
    41  99.6882   2.2364   0.0000
    42 101.0072   2.8781   0.0000
    43 101.0072   2.8781   0.0000
    44 104.8024   2.3633   0.0000
    45 115.3812   2.3367   0.0000
    46 115.8151   2.4771   0.0000
    47 115.8151   2.4771   0.0000
    48 119.3063   2.4411   0.0000
    49 119.3063   2.4411   0.0000
    50 123.1151   2.4906   0.0000
    51 123.1151   2.4906   0.0000
    52 125.8713   2.4293   0.0000
    53 126.7288   2.6069   0.0000
    54 129.8247   2.4481   0.0000
    55 130.2830   2.5270   0.0000
    56 131.3161   2.6696   0.0000
    57 131.7778   2.7878   0.0000
    58 131.7778   2.7878   0.0000
    59 133.8945   2.0886   0.0000
    60 136.5725   2.4273   0.0000
  0.375000  0.250000  0.125000
  60
     1 -69.8948  -6.4452   0.0000
     2 -34.9718  -3.9283   0.0000
     3 -34.8802  -3.9347   0.0000
     4 -34.8483  -3.9364   0.0000
     5 -12.8669  -3.0704   0.0000
     6   1.9659  -1.5719   0.0000
     7   4.1462  -1.5452   0.0000
     8   4.7937  -1.5735   0.0000
     9  19.9727   1.0735   0.0000
    10  20.9748   1.2292   0.0000
    11  27.0805   1.5879   0.0000
    12  29.5590   1.6099   0.0000
    13  29.7738   1.6734   0.0000
    14  34.9787   1.8049   0.0000
    15  40.0546   2.0039   0.0000
    16  42.1609   2.0887   0.0000
    17  44.4870   2.1798   0.0000
    18  45.4966   1.9415   0.0000
    19  47.8457   1.9361   0.0000
    20  51.9802   1.9610   0.0000
    21  54.3964   2.0218   0.0000
    22  58.7713   2.1544   0.0000
    23  61.0290   2.1807   0.0000
    24  64.4749   2.1775   0.0000
    25  68.2323   2.3492   0.0000
    26  73.2013   2.3807   0.0000
    27  75.2433   2.3454   0.0000
    28  76.6782   2.2399   0.0000
    29  77.5049   2.2916   0.0000
    30  81.3953   2.3086   0.0000
    31  83.9630   2.1777   0.0000
    32  84.9785   2.3704   0.0000
    33  85.3744   2.1377   0.0000
    34  85.6289   2.3584   0.0000
    35  87.0807   2.1524   0.0000
    36  89.8668   2.4094   0.0000
    37  91.7033   2.4003   0.0000
    38  92.1199   2.4731   0.0000
    39  97.8990   2.2666   0.0000
    40  99.1141   2.3625   0.0000
    41 100.6833   2.4710   0.0000
    42 101.9921   2.5161   0.0000
    43 102.7368   2.3328   0.0000
    44 103.8155   2.3809   0.0000
    45 103.7645   2.2694   0.0000
    46 107.9269   2.4411   0.0000
    47 109.0514   2.3222   0.0000
    48 112.5226   2.4851   0.0000
    49 114.4654   2.5875   0.0000
    50 114.6262   2.6132   0.0000
    51 115.4963   2.3760   0.0000
    52 121.7053   2.5188   0.0000
    53 122.3890   2.2524   0.0000
    54 124.7793   2.3804   0.0000
    55 127.1051   2.4198   0.0000
    56 128.4063   2.5013   0.0000
    57 129.8441   2.5983   0.0000
    58 133.6856   2.5991   0.0000
    59 133.9915   2.7011   0.0000
    60 136.3794   2.4353   0.0000
  0.500000  0.250000  0.125000
  60
     1 -69.8856  -6.4463   0.0000
     2 -35.0175  -3.9250   0.0000
     3 -34.9015  -3.9322   0.0000
     4 -34.8594  -3.9351   0.0000
     5 -12.2094  -3.0944   0.0000
     6   0.9223  -1.5725   0.0000
     7   3.3694  -1.5405   0.0000
     8   4.4372  -1.5746   0.0000
     9  20.1444   1.1251   0.0000
    10  22.1832   1.2064   0.0000
    11  25.9780   1.5628   0.0000
    12  29.4980   1.6659   0.0000
    13  31.8096   1.7141   0.0000
    14  35.3770   1.8517   0.0000
    15  40.2504   2.0341   0.0000
    16  43.7308   1.9750   0.0000
    17  44.3290   2.1203   0.0000
    18  46.9478   1.9345   0.0000
    19  47.8941   2.0165   0.0000
    20  54.0453   1.9771   0.0000
    21  56.0101   2.0421   0.0000
    22  56.6166   2.0718   0.0000
    23  61.5348   2.1608   0.0000
    24  65.9860   2.2263   0.0000
    25  67.5321   2.1431   0.0000
    26  69.7628   2.2289   0.0000
    27  71.8645   2.2286   0.0000
    28  74.2564   2.3207   0.0000
    29  76.7220   2.3084   0.0000
    30  77.2341   2.3634   0.0000
    31  78.3472   2.3816   0.0000
    32  81.8898   2.2022   0.0000
    33  82.7417   2.2449   0.0000
    34  84.7233   2.3146   0.0000
    35  85.6317   2.2614   0.0000
    36  90.0729   2.4445   0.0000
    37  92.0154   2.4583   0.0000
    38  95.5506   2.3172   0.0000
    39  96.6328   2.4652   0.0000
    40 100.4663   2.4380   0.0000
    41 101.6553   2.3834   0.0000
    42 102.1880   2.3363   0.0000
    43 104.3850   2.4293   0.0000
    44 106.5982   2.4819   0.0000
    45 107.4953   2.4122   0.0000
    46 109.5170   2.4008   0.0000
    47 111.8810   2.4490   0.0000
    48 116.3838   2.4620   0.0000
    49 116.9585   2.4578   0.0000
    50 119.3304   2.5114   0.0000
    51 121.2166   2.3295   0.0000
    52 122.8776   2.3849   0.0000
    53 123.8329   2.5737   0.0000
    54 124.2257   2.4664   0.0000
    55 126.8853   2.4513   0.0000
    56 129.0475   2.5257   0.0000
    57 131.3390   2.5620   0.0000
    58 133.8844   2.4768   0.0000
    59 134.7172   2.5283   0.0000
    60 137.7441   2.3920   0.0000
 -0.375000  0.250000  0.125000
  60
     1 -69.8817  -6.4468   0.0000
     2 -35.0373  -3.9236   0.0000
     3 -34.9066  -3.9312   0.0000
     4 -34.8666  -3.9345   0.0000
     5 -11.9089  -3.1109   0.0000
     6   0.4520  -1.5623   0.0000
     7   3.0898  -1.5458   0.0000
     8   4.2776  -1.5760   0.0000
     9  20.0344   1.1104   0.0000
    10  23.0942   1.2530   0.0000
    11  25.6524   1.5479   0.0000
    12  29.2830   1.6617   0.0000
    13  33.0717   1.7492   0.0000
    14  35.0787   1.8699   0.0000
    15  40.2665   2.0264   0.0000
    16  43.3008   1.9706   0.0000
    17  44.2440   2.0228   0.0000
    18  46.3941   1.9085   0.0000
    19  50.8464   2.1376   0.0000
    20  51.4883   2.0798   0.0000
    21  59.9232   2.1101   0.0000
    22  60.0833   1.9317   0.0000
    23  62.4621   2.0193   0.0000
    24  63.9039   2.0936   0.0000
    25  65.9204   2.2881   0.0000
    26  66.6930   2.1813   0.0000
    27  70.2866   2.1580   0.0000
    28  72.0742   2.1598   0.0000
    29  74.4501   2.3621   0.0000
    30  76.5305   2.4748   0.0000
    31  78.0046   2.4433   0.0000
    32  81.5663   2.3001   0.0000
    33  82.0842   2.2378   0.0000
    34  84.1474   2.3064   0.0000
    35  85.9206   2.3174   0.0000
    36  88.9267   2.4029   0.0000
    37  93.3568   2.4971   0.0000
    38  94.3269   2.3367   0.0000
    39  98.1804   2.4614   0.0000
    40  98.8549   2.4467   0.0000
    41 101.1342   2.3124   0.0000
    42 101.6933   2.2792   0.0000
    43 106.4453   2.5154   0.0000
    44 108.1364   2.5101   0.0000
    45 111.2113   2.4972   0.0000
    46 113.8552   2.5309   0.0000
    47 114.6525   2.5494   0.0000
    48 116.8414   2.3668   0.0000
    49 118.3759   2.3382   0.0000
    50 119.7343   2.3803   0.0000
    51 122.7765   2.4878   0.0000
    52 122.7693   2.2805   0.0000
    53 124.7325   2.4435   0.0000
    54 126.1353   2.5077   0.0000
    55 127.5168   2.4802   0.0000
    56 128.1382   2.4717   0.0000
    57 131.3412   2.5037   0.0000
    58 131.4276   2.5806   0.0000
    59 132.7555   2.3998   0.0000
    60 132.9160   2.4551   0.0000
  0.500000  0.375000  0.125000
  60
     1 -69.8817  -6.4467   0.0000
     2 -35.0065  -3.9243   0.0000
     3 -34.9103  -3.9321   0.0000
     4 -34.8868  -3.9337   0.0000
     5 -12.0839  -3.0957   0.0000
     6   0.9585  -1.5956   0.0000
     7   3.4356  -1.5515   0.0000
     8   4.0102  -1.5730   0.0000
     9  19.5536   1.1669   0.0000
    10  22.0222   1.2403   0.0000
    11  24.9088   1.4886   0.0000
    12  30.3282   1.7166   0.0000
    13  31.9780   1.7627   0.0000
    14  37.5571   1.8632   0.0000
    15  42.7077   1.9881   0.0000
    16  42.8170   2.0471   0.0000
    17  44.1781   2.1177   0.0000
    18  48.1238   1.8060   0.0000
    19  48.7345   2.0075   0.0000
    20  54.1598   2.0699   0.0000
    21  54.1430   1.8907   0.0000
    22  58.9654   2.0676   0.0000
    23  60.0156   2.2174   0.0000
    24  61.4784   2.2677   0.0000
    25  65.9259   2.1678   0.0000
    26  67.9657   2.1925   0.0000
    27  73.3111   2.3121   0.0000
    28  74.2163   2.0233   0.0000
    29  75.0310   2.4356   0.0000
    30  76.0714   2.4402   0.0000
    31  80.3018   2.1625   0.0000
    32  80.5349   2.3180   0.0000
    33  83.1076   2.3417   0.0000
    34  83.9014   2.1907   0.0000
    35  87.0832   2.4232   0.0000
    36  88.2296   2.5061   0.0000
    37  95.5132   2.5089   0.0000
    38  96.1514   2.3254   0.0000
    39  98.8990   2.4003   0.0000
    40 100.0288   2.2170   0.0000
    41 101.0869   2.4395   0.0000
    42 101.3713   2.3787   0.0000
    43 102.7451   2.4439   0.0000
    44 106.4984   2.3985   0.0000
    45 108.4048   2.3464   0.0000
    46 110.6788   2.6511   0.0000
    47 113.5852   2.2978   0.0000
    48 115.7151   2.4712   0.0000
    49 117.8528   2.4871   0.0000
    50 118.2362   2.4361   0.0000
    51 119.0506   2.4839   0.0000
    52 122.4354   2.4649   0.0000
    53 125.0135   2.5661   0.0000
    54 126.6983   2.5512   0.0000
    55 129.2298   2.6013   0.0000
    56 130.2454   2.2199   0.0000
    57 134.5524   2.6222   0.0000
    58 135.0669   2.4835   0.0000
    59 136.6228   2.3623   0.0000
    60 137.0989   2.5146   0.0000
 -0.375000  0.375000  0.125000
  60
     1 -69.8779  -6.4472   0.0000
     2 -35.0003  -3.9249   0.0000
     3 -34.9434  -3.9291   0.0000
     4 -34.8920  -3.9332   0.0000
     5 -11.7869  -3.1110   0.0000
     6   1.0800  -1.5753   0.0000
     7   2.3951  -1.5457   0.0000
     8   3.8251  -1.5691   0.0000
     9  20.4452   1.1592   0.0000
    10  22.8584   1.2246   0.0000
    11  24.4227   1.4979   0.0000
    12  29.4636   1.6891   0.0000
    13  33.0369   1.8058   0.0000
    14  36.5028   1.8524   0.0000
    15  41.7445   1.9671   0.0000
    16  43.3206   2.0725   0.0000
    17  44.3930   2.0842   0.0000
    18  48.0981   1.8120   0.0000
    19  51.9700   2.0848   0.0000
    20  54.7915   2.0999   0.0000
    21  56.5876   2.0356   0.0000
    22  58.3066   2.0426   0.0000
    23  60.7915   2.2412   0.0000
    24  63.3288   2.0722   0.0000
    25  63.9630   2.0781   0.0000
    26  65.9342   2.1701   0.0000
    27  70.1179   2.0907   0.0000
    28  71.7944   2.0665   0.0000
    29  75.6489   2.3179   0.0000
    30  76.2701   2.3893   0.0000
    31  76.8307   2.3339   0.0000
    32  79.3523   2.4649   0.0000
    33  80.4392   2.2468   0.0000
    34  82.9928   2.4043   0.0000
    35  84.8475   2.5679   0.0000
    36  88.7067   2.4231   0.0000
    37  94.4320   2.3253   0.0000
    38  97.0826   2.3329   0.0000
    39  99.3619   2.2733   0.0000
    40 100.9678   2.5619   0.0000
    41 103.2661   2.5154   0.0000
    42 107.4295   2.4484   0.0000
    43 107.4703   2.3917   0.0000
    44 108.6424   2.3778   0.0000
    45 110.5098   2.3271   0.0000
    46 111.1570   2.4883   0.0000
    47 114.7714   2.4595   0.0000
    48 115.4056   2.3846   0.0000
    49 117.1527   2.5060   0.0000
    50 118.1283   2.4121   0.0000
    51 121.7037   2.4564   0.0000
    52 121.9988   2.3432   0.0000
    53 124.5796   2.4705   0.0000
    54 126.2902   2.4653   0.0000
    55 127.5214   2.4981   0.0000
    56 129.2773   2.5692   0.0000
    57 131.5840   2.5640   0.0000
    58 134.8157   2.5236   0.0000
    59 135.6691   2.6406   0.0000
    60 135.5858   2.5151   0.0000
 -0.250000  0.375000  0.125000
  60
     1 -69.8795  -6.4470   0.0000
     2 -34.9959  -3.9260   0.0000
     3 -34.9521  -3.9281   0.0000
     4 -34.8774  -3.9338   0.0000
     5 -11.8433  -3.1098   0.0000
     6   1.2746  -1.5563   0.0000
     7   2.1050  -1.5519   0.0000
     8   4.0419  -1.5706   0.0000
     9  21.3540   1.1752   0.0000
    10  22.0035   1.1855   0.0000
    11  25.0586   1.5242   0.0000
    12  29.3510   1.6837   0.0000
    13  33.9004   1.8098   0.0000
    14  33.9184   1.7651   0.0000
    15  42.4970   2.0141   0.0000
    16  43.1008   2.0938   0.0000
    17  44.0072   2.0949   0.0000
    18  48.8784   1.8515   0.0000
    19  49.5115   2.0161   0.0000
    20  55.7844   2.0767   0.0000
    21  55.9530   2.1119   0.0000
    22  59.0599   1.9251   0.0000
    23  60.2106   2.2168   0.0000
    24  63.6508   2.0981   0.0000
    25  65.7491   2.2408   0.0000
    26  69.0519   2.0646   0.0000
    27  70.5747   2.1662   0.0000
    28  71.7642   2.1567   0.0000
    29  71.7423   2.1188   0.0000
    30  77.1686   2.4416   0.0000
    31  77.7521   2.5041   0.0000
    32  80.3713   2.3346   0.0000
    33  80.8015   2.2462   0.0000
    34  81.8745   2.4656   0.0000
    35  84.4255   2.3843   0.0000
    36  89.3458   2.4896   0.0000
    37  93.3924   2.4125   0.0000
    38  97.6003   2.2570   0.0000
    39 100.7596   2.1823   0.0000
    40 101.1859   2.5792   0.0000
    41 102.9819   2.5451   0.0000
    42 104.9240   2.5909   0.0000
    43 106.4715   2.3894   0.0000
    44 109.5335   2.3758   0.0000
    45 110.2026   2.3461   0.0000
    46 112.1868   2.3810   0.0000
    47 112.3709   2.3938   0.0000
    48 116.0366   2.4213   0.0000
    49 117.0863   2.4260   0.0000
    50 117.6445   2.4597   0.0000
    51 120.5631   2.4636   0.0000
    52 121.1753   2.5176   0.0000
    53 126.4508   2.5633   0.0000
    54 127.9603   2.4398   0.0000
    55 128.8685   2.4816   0.0000
    56 130.9701   2.3824   0.0000
    57 131.5499   2.4014   0.0000
    58 133.1618   2.5526   0.0000
    59 133.1406   2.4981   0.0000
    60 134.9540   2.6082   0.0000
 -0.375000  0.500000  0.125000
  60
     1 -69.8763  -6.4473   0.0000
     2 -35.0121  -3.9229   0.0000
     3 -34.9228  -3.9310   0.0000
     4 -34.9089  -3.9326   0.0000
     5 -11.7764  -3.1087   0.0000
     6   0.7000  -1.6056   0.0000
     7   3.1713  -1.5565   0.0000
     8   3.6283  -1.5702   0.0000
     9  19.0438   1.1442   0.0000
    10  22.9408   1.4684   0.0000
    11  24.0675   1.2817   0.0000
    12  30.5123   1.7399   0.0000
    13  32.9821   1.8487   0.0000
    14  39.6025   1.8868   0.0000
    15  40.5653   1.9178   0.0000
    16  42.2624   2.0248   0.0000
    17  45.4904   2.0172   0.0000
    18  50.4133   1.8240   0.0000
    19  51.8745   2.0831   0.0000
    20  54.3720   1.9613   0.0000
    21  55.8874   2.0913   0.0000
    22  57.7256   2.2517   0.0000
    23  59.5428   2.1079   0.0000
    24  60.7501   2.1298   0.0000
    25  63.1108   1.9800   0.0000
    26  65.7388   2.2571   0.0000
    27  66.8585   2.1225   0.0000
    28  73.4393   2.4007   0.0000
    29  77.2096   2.4834   0.0000
    30  77.7024   2.1065   0.0000
    31  78.8294   2.0792   0.0000
    32  79.2088   2.3376   0.0000
    33  82.6646   2.3623   0.0000
    34  83.9011   2.8135   0.0000
    35  83.3081   2.1899   0.0000
    36  87.9642   2.3880   0.0000
    37  96.1100   2.2355   0.0000
    38  96.4602   2.1656   0.0000
    39  97.8992   2.2244   0.0000
    40  99.4850   2.6396   0.0000
    41 101.8398   2.4433   0.0000
    42 102.6513   2.7808   0.0000
    43 103.4710   2.2826   0.0000
    44 112.2393   2.4755   0.0000
    45 112.5450   2.4316   0.0000
    46 115.0011   2.5921   0.0000
    47 115.3085   2.3762   0.0000
    48 115.3143   2.3316   0.0000
    49 119.2025   2.4016   0.0000
    50 119.3467   2.4856   0.0000
    51 120.9638   2.4358   0.0000
    52 123.3120   2.5345   0.0000
    53 125.2789   2.2392   0.0000
    54 126.6958   2.4366   0.0000
    55 129.1655   2.4725   0.0000
    56 130.3694   2.6231   0.0000
    57 131.1149   2.6539   0.0000
    58 131.7942   2.7468   0.0000
    59 133.9063   2.4841   0.0000
    60 135.1160   2.5832   0.0000
 -0.250000  0.500000  0.250000
  60
     1 -69.8763  -6.4473   0.0000
     2 -34.9672  -3.9269   0.0000
     3 -34.9672  -3.9269   0.0000
     4 -34.9131  -3.9324   0.0000
     5 -11.7002  -3.1142   0.0000
     6   1.7729  -1.5630   0.0000
     7   1.7729  -1.5630   0.0000
     8   3.3537  -1.5481   0.0000
     9  21.9046   1.1826   0.0000
    10  21.9046   1.1826   0.0000
    11  24.4643   1.5035   0.0000
    12  28.3897   1.6495   0.0000
    13  35.0586   1.8665   0.0000
    14  35.0586   1.8665   0.0000
    15  40.7977   1.9315   0.0000
    16  43.8467   2.1042   0.0000
    17  46.4469   2.1555   0.0000
    18  48.5387   1.6658   0.0000
    19  53.5545   2.0787   0.0000
    20  53.5545   2.0787   0.0000
    21  56.8218   2.2040   0.0000
    22  57.7631   2.1126   0.0000
    23  57.7631   2.1126   0.0000
    24  63.7843   2.1599   0.0000
    25  68.2908   2.0228   0.0000
    26  68.2908   2.0228   0.0000
    27  69.4404   2.0551   0.0000
    28  69.7676   2.0404   0.0000
    29  73.0777   2.1774   0.0000
    30  73.0777   2.1774   0.0000
    31  76.4228   2.5590   0.0000
    32  77.7409   2.2826   0.0000
    33  82.0716   2.6715   0.0000
    34  82.0716   2.6715   0.0000
    35  81.8921   2.3688   0.0000
    36  89.6266   2.4466   0.0000
    37  98.2705   2.2671   0.0000
    38  98.2705   2.2671   0.0000
    39  98.5547   2.5460   0.0000
    40 106.0683   2.4439   0.0000
    41 106.0683   2.4439   0.0000
    42 107.8714   2.3507   0.0000
    43 109.4587   2.2045   0.0000
    44 109.8314   2.5320   0.0000
    45 109.6701   2.3325   0.0000
    46 110.0773   2.4647   0.0000
    47 110.0773   2.4647   0.0000
    48 110.8130   2.4639   0.0000
    49 118.7518   2.4189   0.0000
    50 118.7518   2.4189   0.0000
    51 121.0577   2.4558   0.0000
    52 121.6730   2.4572   0.0000
    53 122.9212   2.4944   0.0000
    54 128.9970   2.4589   0.0000
    55 129.7443   2.3831   0.0000
    56 129.7443   2.3831   0.0000
    57 130.7308   2.7419   0.0000
    58 132.1724   2.6690   0.0000
    59 132.1724   2.6690   0.0000
    60 138.8086   2.6027   0.0000
