          29           1
  0.000000  0.000000  0.000000
  60
     1 -70.2693  -0.0000  -0.0000
     2 -35.2633  -0.0000  -0.0000
     3 -35.2632  -0.0000  -0.0000
     4 -35.2632  -0.0000  -0.0000
     5 -14.2143   0.0000  -0.0000
     6   5.6341   0.0000  -0.0000
     7   5.6342   0.0000   0.0000
     8   5.6342   0.0000  -0.0000
     9  15.2384   0.0000  -0.0000
    10  25.1963   0.0000   0.0000
    11  25.1963   0.0000  -0.0000
    12  25.1963   0.0000   0.0000
    13  29.6064   0.0000  -0.0000
    14  32.1755   0.0000  -0.0000
    15  32.1755   0.0000  -0.0000
    16  37.6820   0.0000  -0.0000
    17  37.6830   0.0000   0.0000
    18  37.6830   0.0000   0.0000
    19  53.5488   0.0000  -0.0000
    20  53.5491   0.0000   0.0000
    21  53.5491   0.0000   0.0000
    22  55.7780   0.0000   0.0000
    23  66.7971   0.0000   0.0000
    24  66.7971   0.0000  -0.0000
    25  66.7971   0.0000  -0.0000
    26  72.7209   0.0000  -0.0000
    27  72.7209   0.0000  -0.0000
    28  73.7447   0.0000  -0.0000
    29  73.7447   0.0000  -0.0000
    30  73.7447   0.0000   0.0000
    31  82.9903   0.0000  -0.0000
    32  85.3701   0.0000   0.0000
    33  85.3701   0.0000   0.0000
    34  94.1365   0.0000  -0.0000
    35  94.1365   0.0000   0.0000
    36  94.1365   0.0000   0.0000
    37  94.2669   0.0000  -0.0000
    38  94.2779   0.0000  -0.0000
    39  94.2779   0.0000   0.0000
    40 101.0535   0.0000   0.0000
    41 101.0535   0.0000  -0.0000
    42 101.0535   0.0000  -0.0000
    43 102.7380   0.0000   0.0000
    44 102.7380   0.0000  -0.0000
    45 102.7380   0.0000  -0.0000
    46 104.4139   0.0000  -0.0000
    47 104.4139   0.0000   0.0000
    48 104.4139   0.0000  -0.0000
    49 104.6703   0.0000  -0.0000
    50 107.4514   0.0000   0.0000
    51 107.4514   0.0000  -0.0000
    52 107.4514   0.0000   0.0000
    53 108.4108   0.0000   0.0000
    54 108.4108   0.0000  -0.0000
    55 108.9518   0.0000   0.0000
    56 108.9518   0.0000  -0.0000
    57 108.9518   0.0000   0.0000
    58 110.7351   0.0000  -0.0000
    59 112.3819   0.0000  -0.0000
    60 121.7382   0.0000  -0.0000
  0.125000  0.000000  0.000000
  60
     1 -70.2655  -0.0000   0.0000
     2 -35.2954  -0.0000  -0.0000
     3 -35.2659  -0.0000  -0.0000
     4 -35.2658  -0.0000   0.0000
     5 -13.9518   0.0000   0.0000
     6   4.5809   0.0000  -0.0000
     7   5.4751   0.0000  -0.0000
     8   5.4752   0.0000  -0.0000
     9  16.0966   0.0000   0.0000
    10  23.3207   0.0000  -0.0000
    11  25.7105   0.0000   0.0000
    12  25.7105   0.0000   0.0000
    13  31.4870   0.0000   0.0000
    14  31.4871   0.0000  -0.0000
    15  32.5960   0.0000  -0.0000
    16  37.4953   0.0000   0.0000
    17  39.2209   0.0000  -0.0000
    18  39.2214   0.0000   0.0000
    19  51.3107   0.0000   0.0000
    20  53.0895   0.0000  -0.0000
    21  53.0898   0.0000  -0.0000
    22  57.6282   0.0000   0.0000
    23  63.2904   0.0000   0.0000
    24  63.2904   0.0000   0.0000
    25  68.2553   0.0000   0.0000
    26  70.6109   0.0000   0.0000
    27  70.6109   0.0000  -0.0000
    28  74.2067   0.0000  -0.0000
    29  81.0215   0.0000  -0.0000
    30  81.0216   0.0000  -0.0000
    31  82.6980   0.0000   0.0000
    32  84.0396   0.0000   0.0000
    33  84.0399   0.0000  -0.0000
    34  90.0152   0.0000   0.0000
    35  91.0166   0.0000   0.0000
    36  91.0167   0.0000  -0.0000
    37  91.2380   0.0000   0.0000
    38  94.1865   0.0000   0.0000
    39  94.1939   0.0000   0.0000
    40  95.4738   0.0000   0.0000
    41  95.4738   0.0000   0.0000
    42  96.5726   0.0000  -0.0000
    43 101.1717   0.0000   0.0000
    44 101.4889   0.0000   0.0000
    45 101.4889   0.0000   0.0000
    46 102.8089   0.0000  -0.0000
    47 104.6015   0.0000  -0.0000
    48 106.7403   0.0000  -0.0000
    49 106.7405   0.0000  -0.0000
    50 109.0978   0.0000   0.0000
    51 109.1010   0.0000  -0.0000
    52 110.6066   0.0000   0.0000
    53 110.6066   0.0000   0.0000
    54 111.0950   0.0000  -0.0000
    55 111.5057   0.0000   0.0000
    56 114.1469   0.0000   0.0000
    57 117.4116   0.0000  -0.0000
    58 118.1249   0.0000   0.0000
    59 118.1252   0.0000   0.0000
    60 121.9530   0.0000  -0.0000
  0.250000  0.000000  0.000000
  60
     1 -70.2561  -0.0000   0.0000
     2 -35.3713  -0.0000   0.0000
     3 -35.2717  -0.0000  -0.0000
     4 -35.2716  -0.0000  -0.0000
     5 -13.2586   0.0000  -0.0000
     6   2.4139   0.0000  -0.0000
     7   5.1108   0.0000   0.0000
     8   5.1108   0.0000   0.0000
     9  17.3154   0.0000  -0.0000
    10  22.0872   0.0000   0.0000
    11  26.6751   0.0000  -0.0000
    12  26.6754   0.0000  -0.0000
    13  31.1602   0.0000   0.0000
    14  31.1605   0.0000   0.0000
    15  34.4141   0.0000  -0.0000
    16  39.9583   0.0000   0.0000
    17  42.1938   0.0000   0.0000
    18  42.1952   0.0000  -0.0000
    19  48.6308   0.0000  -0.0000
    20  50.7839   0.0000   0.0000
    21  50.7841   0.0000   0.0000
    22  59.7202   0.0000  -0.0000
    23  59.7203   0.0000   0.0000
    24  60.5236   0.0000   0.0000
    25  70.7212   0.0000  -0.0000
    26  71.6076   0.0000   0.0000
    27  71.6077   0.0000  -0.0000
    28  75.5888   0.0000   0.0000
    29  78.4947   0.0000  -0.0000
    30  78.4951   0.0000   0.0000
    31  79.0522   0.0000  -0.0000
    32  83.3202   0.0000   0.0000
    33  85.8437   0.0000   0.0000
    34  85.8438   0.0000   0.0000
    35  87.5992   0.0000   0.0000
    36  88.6591   0.0000  -0.0000
    37  88.6592   0.0000  -0.0000
    38  90.5732   0.0000   0.0000
    39  92.7305   0.0000   0.0000
    40  92.7305   0.0000   0.0000
    41  94.8982   0.0000   0.0000
    42  94.8982   0.0000   0.0000
    43  99.4668   0.0000  -0.0000
    44  99.6967   0.0000   0.0000
    45  99.6968   0.0000  -0.0000
    46 100.8428   0.0000  -0.0000
    47 107.8076   0.0000   0.0000
    48 108.5940   0.0000  -0.0000
    49 108.5945   0.0000  -0.0000
    50 110.3840   0.0000   0.0000
    51 113.4550   0.0000  -0.0000
    52 113.4556   0.0000   0.0000
    53 118.6943   0.0000   0.0000
    54 118.6953   0.0000   0.0000
    55 120.2871   0.0000  -0.0000
    56 120.7280   0.0000  -0.0000
    57 123.2259   0.0000   0.0000
    58 123.2262   0.0000   0.0000
    59 125.5201   0.0000   0.0000
    60 130.7184   0.0000   0.0000
  0.375000  0.000000  0.000000
  60
     1 -70.2468  -0.0000  -0.0000
     2 -35.4459  -0.0000   0.0000
     3 -35.2773  -0.0000  -0.0000
     4 -35.2773  -0.0000  -0.0000
     5 -12.4485   0.0000  -0.0000
     6   0.4542   0.0000   0.0000
     7   4.7702   0.0000  -0.0000
     8   4.7702   0.0000   0.0000
     9  17.3994   0.0000   0.0000
    10  22.8531   0.0000   0.0000
    11  26.9210   0.0000   0.0000
    12  26.9210   0.0000  -0.0000
    13  32.7028   0.0000   0.0000
    14  32.7028   0.0000  -0.0000
    15  33.5896   0.0000  -0.0000
    16  42.2882   0.0000   0.0000
    17  44.3058   0.0000   0.0000
    18  44.3058   0.0000  -0.0000
    19  47.1993   0.0000  -0.0000
    20  47.1993   0.0000  -0.0000
    21  50.6891   0.0000  -0.0000
    22  60.2393   0.0000  -0.0000
    23  60.2393   0.0000  -0.0000
    24  63.4570   0.0000  -0.0000
    25  68.3368   0.0000   0.0000
    26  71.5880   0.0000  -0.0000
    27  71.5880   0.0000  -0.0000
    28  73.8573   0.0000   0.0000
    29  73.8573   0.0000  -0.0000
    30  74.1795   0.0000   0.0000
    31  77.8653   0.0000   0.0000
    32  78.8562   0.0000   0.0000
    33  81.1730   0.0000   0.0000
    34  81.1730   0.0000  -0.0000
    35  85.5188   0.0000   0.0000
    36  87.6336   0.0000  -0.0000
    37  88.1855   0.0000  -0.0000
    38  88.1855   0.0000  -0.0000
    39  93.2283   0.0000   0.0000
    40  93.2283   0.0000  -0.0000
    41  98.9524   0.0000  -0.0000
    42 100.4109   0.0000  -0.0000
    43 100.4109   0.0000  -0.0000
    44 100.5866   0.0000  -0.0000
    45 102.2331   0.0000   0.0000
    46 102.2331   0.0000  -0.0000
    47 106.8803   0.0000  -0.0000
    48 108.0576   0.0000   0.0000
    49 108.0576   0.0000  -0.0000
    50 115.1607   0.0000   0.0000
    51 120.0617   0.0000  -0.0000
    52 120.0617   0.0000   0.0000
    53 122.1453   0.0000  -0.0000
    54 125.1980   0.0000   0.0000
    55 125.1980   0.0000   0.0000
    56 126.9484   0.0000   0.0000
    57 126.9484   0.0000   0.0000
    58 127.5886   0.0000   0.0000
    59 128.0673   0.0000   0.0000
    60 128.0674   0.0000   0.0000
  0.500000  0.000000  0.000000
  60
     1 -70.2429  -0.0000   0.0000
     2 -35.4762  -0.0000   0.0000
     3 -35.2797  -0.0000   0.0000
     4 -35.2797  -0.0000  -0.0000
     5 -12.0624   0.0000   0.0000
     6  -0.3496   0.0000  -0.0000
     7   4.6351   0.0000  -0.0000
     8   4.6351   0.0000  -0.0000
     9  17.2558   0.0000  -0.0000
    10  23.5080   0.0000   0.0000
    11  26.8525   0.0000  -0.0000
    12  26.8525   0.0000  -0.0000
    13  33.1650   0.0000   0.0000
    14  34.1141   0.0000  -0.0000
    15  34.1141   0.0000   0.0000
    16  41.8667   0.0000  -0.0000
    17  43.3882   0.0000  -0.0000
    18  43.3882   0.0000  -0.0000
    19  46.8250   0.0000  -0.0000
    20  46.8250   0.0000   0.0000
    21  57.3028   0.0000   0.0000
    22  59.2171   0.0000  -0.0000
    23  62.3691   0.0000  -0.0000
    24  62.3691   0.0000  -0.0000
    25  67.3419   0.0000   0.0000
    26  67.3420   0.0000   0.0000
    27  67.9834   0.0000   0.0000
    28  71.3319   0.0000  -0.0000
    29  75.9281   0.0000  -0.0000
    30  75.9281   0.0000  -0.0000
    31  78.1639   0.0000  -0.0000
    32  78.1639   0.0000   0.0000
    33  78.4117   0.0000   0.0000
    34  80.3336   0.0000  -0.0000
    35  82.1239   0.0000  -0.0000
    36  87.7391   0.0000  -0.0000
    37  87.7391   0.0000   0.0000
    38  87.8618   0.0000  -0.0000
    39  93.0022   0.0000  -0.0000
    40  93.0022   0.0000  -0.0000
    41  99.1196   0.0000   0.0000
    42 100.4253   0.0000  -0.0000
    43 101.7666   0.0000   0.0000
    44 101.7666   0.0000   0.0000
    45 103.8978   0.0000  -0.0000
    46 103.8978   0.0000   0.0000
    47 106.6403   0.0000   0.0000
    48 115.0641   0.0000  -0.0000
    49 115.0641   0.0000   0.0000
    50 115.4991   0.0000  -0.0000
    51 115.4991   0.0000   0.0000
    52 118.2729   0.0000  -0.0000
    53 122.3023   0.0000  -0.0000
    54 124.0403   0.0000   0.0000
    55 125.6928   0.0000  -0.0000
    56 125.6928   0.0000   0.0000
    57 130.2715   0.0000   0.0000
    58 130.2715   0.0000  -0.0000
    59 133.7706   0.0000   0.0000
    60 133.7734   0.0000  -0.0000
  0.125000  0.125000  0.000000
  60
     1 -70.2642  -0.0000   0.0000
     2 -35.2928  -0.0000   0.0000
     3 -35.2730  -0.0000  -0.0000
     4 -35.2730  -0.0000   0.0000
     5 -13.8703   0.0000   0.0000
     6   4.4942   0.0000   0.0000
     7   5.3162   0.0000   0.0000
     8   5.3162   0.0000  -0.0000
     9  16.4115   0.0000   0.0000
    10  22.5067   0.0000   0.0000
    11  26.1020   0.0000   0.0000
    12  26.1020   0.0000  -0.0000
    13  29.8993   0.0000   0.0000
    14  32.7563   0.0000  -0.0000
    15  33.5262   0.0000  -0.0000
    16  38.3582   0.0000  -0.0000
    17  38.3582   0.0000   0.0000
    18  39.7793   0.0000   0.0000
    19  51.4571   0.0000  -0.0000
    20  52.4559   0.0000  -0.0000
    21  52.4559   0.0000  -0.0000
    22  58.4607   0.0000  -0.0000
    23  64.0407   0.0000  -0.0000
    24  64.2531   0.0000   0.0000
    25  64.2531   0.0000  -0.0000
    26  67.2939   0.0000  -0.0000
    27  73.4229   0.0000  -0.0000
    28  78.6646   0.0000   0.0000
    29  78.6646   0.0000   0.0000
    30  82.1636   0.0000   0.0000
    31  83.4101   0.0000   0.0000
    32  84.2493   0.0000  -0.0000
    33  84.8674   0.0000   0.0000
    34  86.7773   0.0000  -0.0000
    35  86.7773   0.0000   0.0000
    36  90.9170   0.0000   0.0000
    37  92.3717   0.0000   0.0000
    38  92.3717   0.0000  -0.0000
    39  94.1696   0.0000   0.0000
    40  95.3866   0.0000  -0.0000
    41  98.8499   0.0000  -0.0000
    42  98.8499   0.0000  -0.0000
    43 100.0266   0.0000  -0.0000
    44 100.0266   0.0000   0.0000
    45 100.5063   0.0000  -0.0000
    46 101.6805   0.0000   0.0000
    47 104.7370   0.0000   0.0000
    48 104.8979   0.0000   0.0000
    49 108.4018   0.0000   0.0000
    50 108.8582   0.0000  -0.0000
    51 108.8582   0.0000  -0.0000
    52 109.8786   0.0000   0.0000
    53 111.1910   0.0000   0.0000
    54 111.1910   0.0000  -0.0000
    55 112.3809   0.0000   0.0000
    56 116.9542   0.0000  -0.0000
    57 116.9542   0.0000   0.0000
    58 119.7570   0.0000  -0.0000
    59 122.5794   0.0000   0.0000
    60 123.1717   0.0000   0.0000
  0.250000  0.125000  0.000000
  60
     1 -70.2567  -0.0000   0.0000
     2 -35.3482  -0.0000  -0.0000
     3 -35.2822  -0.0000  -0.0000
     4 -35.2777  -0.0000  -0.0000
     5 -13.3360   0.0000   0.0000
     6   2.9380   0.0000  -0.0000
     7   4.9430   0.0000  -0.0000
     8   4.9641   0.0000   0.0000
     9  17.6990   0.0000  -0.0000
    10  21.1469   0.0000  -0.0000
    11  26.7431   0.0000  -0.0000
    12  27.0780   0.0000  -0.0000
    13  28.8793   0.0000  -0.0000
    14  32.9569   0.0000   0.0000
    15  36.2328   0.0000   0.0000
    16  39.6440   0.0000  -0.0000
    17  40.4630   0.0000   0.0000
    18  42.0093   0.0000  -0.0000
    19  48.8248   0.0000  -0.0000
    20  50.2539   0.0000  -0.0000
    21  52.7567   0.0000  -0.0000
    22  59.1122   0.0000   0.0000
    23  59.3090   0.0000   0.0000
    24  62.3064   0.0000  -0.0000
    25  65.3832   0.0000  -0.0000
    26  69.5566   0.0000   0.0000
    27  73.1945   0.0000   0.0000
    28  78.0436   0.0000   0.0000
    29  80.2337   0.0000   0.0000
    30  81.0364   0.0000   0.0000
    31  81.2606   0.0000   0.0000
    32  83.2522   0.0000  -0.0000
    33  83.3205   0.0000  -0.0000
    34  85.5235   0.0000   0.0000
    35  86.6022   0.0000   0.0000
    36  87.9832   0.0000   0.0000
    37  89.8264   0.0000  -0.0000
    38  90.2657   0.0000   0.0000
    39  92.5335   0.0000   0.0000
    40  93.1747   0.0000   0.0000
    41  94.4760   0.0000   0.0000
    42  97.0039   0.0000  -0.0000
    43  97.6779   0.0000  -0.0000
    44  99.1676   0.0000  -0.0000
    45 102.6558   0.0000  -0.0000
    46 105.5499   0.0000  -0.0000
    47 106.4092   0.0000  -0.0000
    48 107.4211   0.0000   0.0000
    49 107.5391   0.0000   0.0000
    50 109.3812   0.0000  -0.0000
    51 109.7818   0.0000  -0.0000
    52 112.1754   0.0000  -0.0000
    53 112.1759   0.0000  -0.0000
    54 118.9199   0.0000   0.0000
    55 120.3434   0.0000  -0.0000
    56 123.5787   0.0000   0.0000
    57 124.2375   0.0000   0.0000
    58 124.6335   0.0000   0.0000
    59 124.9727   0.0000   0.0000
    60 127.8904   0.0000  -0.0000
  0.375000  0.125000  0.000000
  60
     1 -70.2473  -0.0000  -0.0000
     2 -35.4186  -0.0000  -0.0000
     3 -35.2880  -0.0000   0.0000
     4 -35.2866  -0.0000   0.0000
     5 -12.5748   0.0000  -0.0000
     6   1.1110   0.0000  -0.0000
     7   4.4196   0.0000  -0.0000
     8   4.6377   0.0000  -0.0000
     9  18.1798   0.0000   0.0000
    10  21.7140   0.0000  -0.0000
    11  26.1026   0.0000  -0.0000
    12  27.5340   0.0000   0.0000
    13  30.3284   0.0000   0.0000
    14  33.9167   0.0000  -0.0000
    15  35.8981   0.0000  -0.0000
    16  42.8140   0.0000   0.0000
    17  43.4050   0.0000  -0.0000
    18  43.8310   0.0000  -0.0000
    19  45.9593   0.0000  -0.0000
    20  49.0908   0.0000  -0.0000
    21  52.3826   0.0000   0.0000
    22  57.3816   0.0000   0.0000
    23  58.7927   0.0000   0.0000
    24  64.7573   0.0000  -0.0000
    25  67.2206   0.0000   0.0000
    26  69.1961   0.0000  -0.0000
    27  71.7812   0.0000  -0.0000
    28  74.0874   0.0000   0.0000
    29  74.1000   0.0000   0.0000
    30  75.2402   0.0000   0.0000
    31  78.9472   0.0000   0.0000
    32  80.6673   0.0000  -0.0000
    33  82.4393   0.0000  -0.0000
    34  83.2477   0.0000  -0.0000
    35  84.9818   0.0000  -0.0000
    36  87.6607   0.0000  -0.0000
    37  88.2042   0.0000   0.0000
    38  90.3952   0.0000   0.0000
    39  90.5671   0.0000  -0.0000
    40  93.7401   0.0000  -0.0000
    41  96.7132   0.0000  -0.0000
    42  98.6937   0.0000   0.0000
    43  99.9193   0.0000   0.0000
    44 101.1800   0.0000   0.0000
    45 104.0537   0.0000   0.0000
    46 104.6747   0.0000   0.0000
    47 106.6507   0.0000   0.0000
    48 109.3113   0.0000   0.0000
    49 109.8353   0.0000   0.0000
    50 112.8857   0.0000  -0.0000
    51 115.6972   0.0000   0.0000
    52 116.2517   0.0000   0.0000
    53 119.5260   0.0000  -0.0000
    54 120.1022   0.0000  -0.0000
    55 124.7622   0.0000  -0.0000
    56 125.3141   0.0000   0.0000
    57 125.7550   0.0000  -0.0000
    58 129.9495   0.0000  -0.0000
    59 131.3059   0.0000   0.0000
    60 131.4370   0.0000   0.0000
  0.500000  0.125000  0.000000
  60
     1 -70.2416  -0.0000   0.0000
     2 -35.4606  -0.0000  -0.0000
     3 -35.2972  -0.0000   0.0000
     4 -35.2871  -0.0000   0.0000
     5 -12.0331   0.0000   0.0000
     6   0.0052   0.0000  -0.0000
     7   4.0278   0.0000  -0.0000
     8   4.5090   0.0000   0.0000
     9  18.0463   0.0000   0.0000
    10  22.9521   0.0000  -0.0000
    11  25.6223   0.0000   0.0000
    12  27.4511   0.0000   0.0000
    13  32.2606   0.0000   0.0000
    14  34.6215   0.0000  -0.0000
    15  35.4604   0.0000   0.0000
    16  42.5355   0.0000   0.0000
    17  42.9717   0.0000  -0.0000
    18  43.6497   0.0000   0.0000
    19  46.9966   0.0000   0.0000
    20  48.6732   0.0000  -0.0000
    21  56.0036   0.0000  -0.0000
    22  60.3161   0.0000  -0.0000
    23  61.1799   0.0000  -0.0000
    24  61.6678   0.0000  -0.0000
    25  65.1342   0.0000   0.0000
    26  67.8923   0.0000  -0.0000
    27  69.4321   0.0000  -0.0000
    28  69.6563   0.0000  -0.0000
    29  72.6989   0.0000   0.0000
    30  74.8509   0.0000  -0.0000
    31  75.2103   0.0000  -0.0000
    32  78.8887   0.0000  -0.0000
    33  80.1541   0.0000   0.0000
    34  83.4160   0.0000  -0.0000
    35  84.9781   0.0000  -0.0000
    36  87.9708   0.0000  -0.0000
    37  87.9748   0.0000   0.0000
    38  88.9129   0.0000   0.0000
    39  91.4838   0.0000   0.0000
    40  92.1656   0.0000   0.0000
    41  95.5790   0.0000   0.0000
    42  99.2866   0.0000  -0.0000
    43 103.6893   0.0000  -0.0000
    44 103.8697   0.0000   0.0000
    45 105.1923   0.0000  -0.0000
    46 107.6173   0.0000  -0.0000
    47 109.1377   0.0000   0.0000
    48 112.8419   0.0000   0.0000
    49 115.4958   0.0000  -0.0000
    50 115.9548   0.0000  -0.0000
    51 116.1244   0.0000   0.0000
    52 117.4350   0.0000   0.0000
    53 121.6887   0.0000   0.0000
    54 123.0975   0.0000   0.0000
    55 123.9582   0.0000   0.0000
    56 124.1190   0.0000   0.0000
    57 127.5919   0.0000  -0.0000
    58 128.7279   0.0000  -0.0000
    59 129.9536   0.0000  -0.0000
    60 131.9262   0.0000  -0.0000
 -0.375000  0.125000  0.000000
  60
     1 -70.2429  -0.0000  -0.0000
     2 -35.4510  -0.0000  -0.0000
     3 -35.3026  -0.0000  -0.0000
     4 -35.2800  -0.0000  -0.0000
     5 -12.1527   0.0000  -0.0000
     6   0.2580   0.0000   0.0000
     7   3.9627   0.0000   0.0000
     8   4.6412   0.0000  -0.0000
     9  18.1526   0.0000  -0.0000
    10  22.7165   0.0000   0.0000
    11  25.7782   0.0000  -0.0000
    12  27.4793   0.0000   0.0000
    13  32.3766   0.0000  -0.0000
    14  33.2203   0.0000   0.0000
    15  35.6073   0.0000   0.0000
    16  42.7755   0.0000   0.0000
    17  43.6492   0.0000  -0.0000
    18  44.2842   0.0000  -0.0000
    19  45.7472   0.0000   0.0000
    20  49.6418   0.0000  -0.0000
    21  53.6970   0.0000  -0.0000
    22  58.0165   0.0000  -0.0000
    23  61.3459   0.0000  -0.0000
    24  64.0123   0.0000  -0.0000
    25  66.9546   0.0000  -0.0000
    26  68.1433   0.0000  -0.0000
    27  69.4613   0.0000  -0.0000
    28  70.7447   0.0000   0.0000
    29  73.9783   0.0000  -0.0000
    30  74.4082   0.0000  -0.0000
    31  74.5287   0.0000  -0.0000
    32  78.7148   0.0000   0.0000
    33  80.5847   0.0000  -0.0000
    34  83.2862   0.0000   0.0000
    35  84.5032   0.0000   0.0000
    36  88.2545   0.0000  -0.0000
    37  88.8214   0.0000   0.0000
    38  90.3605   0.0000  -0.0000
    39  91.7869   0.0000   0.0000
    40  92.2853   0.0000  -0.0000
    41  93.9742   0.0000  -0.0000
    42 100.0674   0.0000   0.0000
    43 102.0348   0.0000  -0.0000
    44 103.6599   0.0000   0.0000
    45 104.6541   0.0000  -0.0000
    46 107.6545   0.0000   0.0000
    47 107.7408   0.0000  -0.0000
    48 111.7503   0.0000  -0.0000
    49 113.2785   0.0000   0.0000
    50 114.9222   0.0000  -0.0000
    51 117.2605   0.0000  -0.0000
    52 119.8157   0.0000  -0.0000
    53 121.1436   0.0000   0.0000
    54 122.1863   0.0000   0.0000
    55 123.5172   0.0000   0.0000
    56 125.8595   0.0000  -0.0000
    57 126.5946   0.0000  -0.0000
    58 127.7889   0.0000  -0.0000
    59 130.2611   0.0000  -0.0000
    60 131.8970   0.0000   0.0000
 -0.250000  0.125000  0.000000
  60
     1 -70.2504  -0.0000   0.0000
     2 -35.3966  -0.0000  -0.0000
     3 -35.2983  -0.0000  -0.0000
     4 -35.2708  -0.0000  -0.0000
     5 -12.8253   0.0000   0.0000
     6   1.7008   0.0000  -0.0000
     7   4.2797   0.0000   0.0000
     8   4.9735   0.0000  -0.0000
     9  18.2416   0.0000  -0.0000
    10  21.5577   0.0000  -0.0000
    11  26.3184   0.0000  -0.0000
    12  27.5619   0.0000  -0.0000
    13  29.8485   0.0000  -0.0000
    14  32.5990   0.0000   0.0000
    15  36.1514   0.0000   0.0000
    16  41.3251   0.0000   0.0000
    17  43.4630   0.0000  -0.0000
    18  43.6662   0.0000  -0.0000
    19  45.9695   0.0000   0.0000
    20  50.1948   0.0000   0.0000
    21  52.7046   0.0000   0.0000
    22  56.2965   0.0000   0.0000
    23  58.7994   0.0000  -0.0000
    24  63.6759   0.0000   0.0000
    25  67.8656   0.0000   0.0000
    26  71.2681   0.0000  -0.0000
    27  72.3379   0.0000   0.0000
    28  74.5866   0.0000   0.0000
    29  76.6001   0.0000   0.0000
    30  77.0595   0.0000  -0.0000
    31  78.5235   0.0000   0.0000
    32  81.3290   0.0000   0.0000
    33  82.4269   0.0000   0.0000
    34  82.8598   0.0000   0.0000
    35  84.8690   0.0000  -0.0000
    36  88.7588   0.0000   0.0000
    37  89.0740   0.0000   0.0000
    38  91.7440   0.0000   0.0000
    39  92.7241   0.0000  -0.0000
    40  93.4677   0.0000  -0.0000
    41  94.2751   0.0000  -0.0000
    42  96.6654   0.0000   0.0000
    43  98.3520   0.0000  -0.0000
    44 100.4493   0.0000   0.0000
    45 101.9053   0.0000  -0.0000
    46 105.6298   0.0000  -0.0000
    47 106.5764   0.0000  -0.0000
    48 110.1167   0.0000   0.0000
    49 111.1396   0.0000   0.0000
    50 111.1773   0.0000   0.0000
    51 112.5022   0.0000   0.0000
    52 117.7704   0.0000   0.0000
    53 118.1903   0.0000  -0.0000
    54 120.5470   0.0000  -0.0000
    55 121.8343   0.0000  -0.0000
    56 122.3674   0.0000   0.0000
    57 125.7902   0.0000   0.0000
    58 127.1856   0.0000  -0.0000
    59 129.6208   0.0000  -0.0000
    60 129.7676   0.0000   0.0000
 -0.125000  0.125000  0.000000
  60
     1 -70.2598  -0.0000   0.0000
     2 -35.3318  -0.0000  -0.0000
     3 -35.2834  -0.0000  -0.0000
     4 -35.2650  -0.0000  -0.0000
     5 -13.5507   0.0000  -0.0000
     6   3.4624   0.0000   0.0000
     7   4.9160   0.0000  -0.0000
     8   5.3265   0.0000   0.0000
     9  17.1879   0.0000  -0.0000
    10  21.9360   0.0000   0.0000
    11  26.4052   0.0000  -0.0000
    12  26.4560   0.0000   0.0000
    13  29.9654   0.0000  -0.0000
    14  31.8881   0.0000   0.0000
    15  35.2661   0.0000  -0.0000
    16  38.7239   0.0000   0.0000
    17  39.6983   0.0000   0.0000
    18  41.6619   0.0000  -0.0000
    19  48.8196   0.0000  -0.0000
    20  51.9538   0.0000   0.0000
    21  53.4682   0.0000  -0.0000
    22  57.6809   0.0000   0.0000
    23  61.1103   0.0000   0.0000
    24  61.5117   0.0000   0.0000
    25  67.9894   0.0000  -0.0000
    26  69.6611   0.0000   0.0000
    27  70.8490   0.0000   0.0000
    28  79.5650   0.0000   0.0000
    29  81.1060   0.0000   0.0000
    30  81.7247   0.0000  -0.0000
    31  82.2226   0.0000  -0.0000
    32  83.5251   0.0000   0.0000
    33  84.4237   0.0000   0.0000
    34  85.0899   0.0000   0.0000
    35  86.9337   0.0000  -0.0000
    36  88.3089   0.0000  -0.0000
    37  88.3557   0.0000   0.0000
    38  91.6359   0.0000  -0.0000
    39  93.2924   0.0000  -0.0000
    40  94.4785   0.0000   0.0000
    41  95.1555   0.0000  -0.0000
    42  96.0918   0.0000  -0.0000
    43  97.4893   0.0000   0.0000
    44 101.4407   0.0000   0.0000
    45 101.8632   0.0000  -0.0000
    46 102.0593   0.0000  -0.0000
    47 104.0532   0.0000   0.0000
    48 106.9411   0.0000   0.0000
    49 109.9397   0.0000  -0.0000
    50 110.7886   0.0000   0.0000
    51 111.1466   0.0000  -0.0000
    52 112.0299   0.0000  -0.0000
    53 114.8478   0.0000   0.0000
    54 115.3492   0.0000   0.0000
    55 116.3506   0.0000  -0.0000
    56 118.3255   0.0000  -0.0000
    57 118.7643   0.0000  -0.0000
    58 121.4301   0.0000  -0.0000
    59 125.2054   0.0000  -0.0000
    60 127.3709   0.0000  -0.0000
  0.250000  0.250000  0.000000
  60
     1 -70.2517  -0.0000  -0.0000
     2 -35.3577  -0.0000   0.0000
     3 -35.2962  -0.0000   0.0000
     4 -35.2962  -0.0000   0.0000
     5 -13.0233   0.0000  -0.0000
     6   2.4186   0.0000   0.0000
     7   4.6401   0.0000   0.0000
     8   4.6401   0.0000  -0.0000
     9  18.7107   0.0000   0.0000
    10  19.5395   0.0000   0.0000
    11  26.4286   0.0000  -0.0000
    12  28.2145   0.0000   0.0000
    13  28.2145   0.0000   0.0000
    14  34.4514   0.0000   0.0000
    15  40.1877   0.0000  -0.0000
    16  40.4706   0.0000   0.0000
    17  40.4706   0.0000   0.0000
    18  41.7884   0.0000   0.0000
    19  49.7584   0.0000   0.0000
    20  49.7584   0.0000  -0.0000
    21  49.9600   0.0000   0.0000
    22  56.1986   0.0000  -0.0000
    23  62.2772   0.0000  -0.0000
    24  62.2772   0.0000   0.0000
    25  63.4735   0.0000   0.0000
    26  68.6886   0.0000  -0.0000
    27  73.2576   0.0000  -0.0000
    28  75.6797   0.0000  -0.0000
    29  75.6797   0.0000   0.0000
    30  79.5519   0.0000  -0.0000
    31  80.5221   0.0000  -0.0000
    32  83.0045   0.0000  -0.0000
    33  84.5866   0.0000  -0.0000
    34  85.7800   0.0000   0.0000
    35  85.7800   0.0000  -0.0000
    36  89.9620   0.0000  -0.0000
    37  89.9620   0.0000  -0.0000
    38  91.5098   0.0000   0.0000
    39  93.2919   0.0000  -0.0000
    40  94.3833   0.0000  -0.0000
    41  95.4249   0.0000  -0.0000
    42  96.7748   0.0000  -0.0000
    43  96.7748   0.0000   0.0000
    44  98.7604   0.0000  -0.0000
    45 101.2991   0.0000  -0.0000
    46 101.2991   0.0000   0.0000
    47 101.3141   0.0000   0.0000
    48 109.9076   0.0000   0.0000
    49 110.3964   0.0000   0.0000
    50 110.3964   0.0000  -0.0000
    51 113.6584   0.0000   0.0000
    52 114.1592   0.0000   0.0000
    53 117.5003   0.0000   0.0000
    54 117.5003   0.0000  -0.0000
    55 119.0106   0.0000   0.0000
    56 123.2231   0.0000   0.0000
    57 128.8741   0.0000   0.0000
    58 129.4910   0.0000  -0.0000
    59 129.4910   0.0000  -0.0000
    60 131.3646   0.0000  -0.0000
  0.375000  0.250000  0.000000
  60
     1 -70.2442  -0.0000  -0.0000
     2 -35.3997  -0.0000  -0.0000
     3 -35.3102  -0.0000   0.0000
     4 -35.3055  -0.0000   0.0000
     5 -12.4580   0.0000  -0.0000
     6   1.3778   0.0000  -0.0000
     7   4.0192   0.0000  -0.0000
     8   4.3399   0.0000   0.0000
     9  18.8340   0.0000   0.0000
    10  20.1326   0.0000  -0.0000
    11  24.9375   0.0000   0.0000
    12  28.9791   0.0000  -0.0000
    13  29.5700   0.0000  -0.0000
    14  35.5663   0.0000  -0.0000
    15  40.1744   0.0000   0.0000
    16  41.6418   0.0000  -0.0000
    17  42.6161   0.0000   0.0000
    18  44.7370   0.0000   0.0000
    19  46.8901   0.0000   0.0000
    20  48.7614   0.0000   0.0000
    21  52.8284   0.0000   0.0000
    22  55.0388   0.0000   0.0000
    23  58.6114   0.0000  -0.0000
    24  62.3497   0.0000   0.0000
    25  66.8885   0.0000   0.0000
    26  68.0153   0.0000  -0.0000
    27  70.8135   0.0000  -0.0000
    28  71.8405   0.0000   0.0000
    29  72.5411   0.0000   0.0000
    30  75.7658   0.0000   0.0000
    31  78.5746   0.0000  -0.0000
    32  81.0582   0.0000  -0.0000
    33  82.8544   0.0000  -0.0000
    34  84.8234   0.0000   0.0000
    35  86.1891   0.0000  -0.0000
    36  87.1540   0.0000  -0.0000
    37  90.3615   0.0000   0.0000
    38  91.2631   0.0000   0.0000
    39  91.3907   0.0000  -0.0000
    40  93.3639   0.0000  -0.0000
    41  96.8372   0.0000  -0.0000
    42  99.4092   0.0000  -0.0000
    43 100.0772   0.0000   0.0000
    44 100.8876   0.0000  -0.0000
    45 103.0481   0.0000   0.0000
    46 103.1678   0.0000   0.0000
    47 105.4180   0.0000   0.0000
    48 109.8855   0.0000  -0.0000
    49 110.7870   0.0000   0.0000
    50 113.4543   0.0000  -0.0000
    51 114.0325   0.0000   0.0000
    52 118.1617   0.0000   0.0000
    53 118.2967   0.0000  -0.0000
    54 122.1118   0.0000  -0.0000
    55 125.3318   0.0000  -0.0000
    56 125.9643   0.0000   0.0000
    57 126.9920   0.0000  -0.0000
    58 129.4224   0.0000   0.0000
    59 130.8382   0.0000   0.0000
    60 133.2691   0.0000  -0.0000
  0.500000  0.250000  0.000000
  60
     1 -70.2385  -0.0000   0.0000
     2 -35.4282  -0.0000   0.0000
     3 -35.3330  -0.0000   0.0000
     4 -35.3047  -0.0000  -0.0000
     5 -11.9479   0.0000  -0.0000
     6   0.7040   0.0000   0.0000
     7   3.0711   0.0000   0.0000
     8   4.2208   0.0000  -0.0000
     9  18.9675   0.0000  -0.0000
    10  21.8468   0.0000   0.0000
    11  24.0329   0.0000   0.0000
    12  28.9285   0.0000   0.0000
    13  30.4283   0.0000  -0.0000
    14  36.2086   0.0000   0.0000
    15  39.5703   0.0000  -0.0000
    16  41.5739   0.0000   0.0000
    17  41.8474   0.0000  -0.0000
    18  45.2994   0.0000   0.0000
    19  47.7949   0.0000  -0.0000
    20  52.8494   0.0000  -0.0000
    21  55.0354   0.0000   0.0000
    22  57.3112   0.0000  -0.0000
    23  57.5548   0.0000  -0.0000
    24  61.3654   0.0000  -0.0000
    25  62.8662   0.0000  -0.0000
    26  66.6447   0.0000  -0.0000
    27  67.7061   0.0000   0.0000
    28  71.4045   0.0000  -0.0000
    29  71.7860   0.0000   0.0000
    30  74.8268   0.0000   0.0000
    31  75.3223   0.0000  -0.0000
    32  76.7131   0.0000   0.0000
    33  81.2604   0.0000  -0.0000
    34  83.0068   0.0000  -0.0000
    35  85.5962   0.0000   0.0000
    36  85.6070   0.0000   0.0000
    37  88.0515   0.0000   0.0000
    38  90.5657   0.0000   0.0000
    39  93.3868   0.0000   0.0000
    40  93.5567   0.0000   0.0000
    41  99.3533   0.0000  -0.0000
    42  99.8928   0.0000  -0.0000
    43 104.3467   0.0000   0.0000
    44 105.2046   0.0000   0.0000
    45 105.5723   0.0000   0.0000
    46 107.5778   0.0000  -0.0000
    47 111.5874   0.0000  -0.0000
    48 111.8894   0.0000  -0.0000
    49 113.9339   0.0000  -0.0000
    50 114.3052   0.0000  -0.0000
    51 116.2468   0.0000   0.0000
    52 117.2796   0.0000   0.0000
    53 117.8897   0.0000  -0.0000
    54 121.2690   0.0000   0.0000
    55 125.4914   0.0000  -0.0000
    56 125.5528   0.0000   0.0000
    57 127.6856   0.0000   0.0000
    58 128.0697   0.0000  -0.0000
    59 130.4509   0.0000  -0.0000
    60 131.8611   0.0000  -0.0000
 -0.375000  0.250000  0.000000
  60
     1 -70.2379  -0.0000  -0.0000
     2 -35.4260  -0.0000   0.0000
     3 -35.3522  -0.0000  -0.0000
     4 -35.2942  -0.0000  -0.0000
     5 -11.8503   0.0000   0.0000
     6   0.7631   0.0000  -0.0000
     7   2.4827   0.0000  -0.0000
     8   4.3412   0.0000   0.0000
     9  19.5063   0.0000  -0.0000
    10  22.1386   0.0000  -0.0000
    11  24.2812   0.0000   0.0000
    12  28.7386   0.0000  -0.0000
    13  31.1441   0.0000   0.0000
    14  33.4540   0.0000  -0.0000
    15  39.1840   0.0000  -0.0000
    16  42.0497   0.0000  -0.0000
    17  42.5576   0.0000   0.0000
    18  45.8820   0.0000   0.0000
    19  48.3865   0.0000   0.0000
    20  51.4322   0.0000  -0.0000
    21  55.2372   0.0000  -0.0000
    22  58.1251   0.0000   0.0000
    23  60.7071   0.0000  -0.0000
    24  62.5232   0.0000  -0.0000
    25  63.1358   0.0000  -0.0000
    26  65.1914   0.0000  -0.0000
    27  65.6859   0.0000  -0.0000
    28  70.1795   0.0000  -0.0000
    29  72.6426   0.0000   0.0000
    30  73.5239   0.0000   0.0000
    31  75.4921   0.0000  -0.0000
    32  76.2700   0.0000   0.0000
    33  79.3169   0.0000   0.0000
    34  80.5680   0.0000   0.0000
    35  86.1890   0.0000   0.0000
    36  87.6662   0.0000   0.0000
    37  87.9635   0.0000   0.0000
    38  88.9215   0.0000  -0.0000
    39  94.7715   0.0000   0.0000
    40  96.1929   0.0000  -0.0000
    41  97.9766   0.0000   0.0000
    42  98.9404   0.0000  -0.0000
    43 104.3781   0.0000  -0.0000
    44 107.0712   0.0000  -0.0000
    45 107.2147   0.0000  -0.0000
    46 108.8498   0.0000   0.0000
    47 112.0232   0.0000  -0.0000
    48 112.6650   0.0000  -0.0000
    49 113.8335   0.0000  -0.0000
    50 115.1565   0.0000   0.0000
    51 117.2985   0.0000   0.0000
    52 117.3790   0.0000  -0.0000
    53 120.4827   0.0000  -0.0000
    54 121.8070   0.0000   0.0000
    55 123.2554   0.0000  -0.0000
    56 124.2036   0.0000  -0.0000
    57 125.1691   0.0000  -0.0000
    58 127.2190   0.0000  -0.0000
    59 128.1661   0.0000   0.0000
    60 132.3392   0.0000   0.0000
 -0.250000  0.250000  0.000000
  60
     1 -70.2429  -0.0000  -0.0000
     2 -35.4120  -0.0000  -0.0000
     3 -35.3390  -0.0000   0.0000
     4 -35.2802  -0.0000   0.0000
     5 -12.2403   0.0000   0.0000
     6   1.2039   0.0000   0.0000
     7   2.9610   0.0000   0.0000
     8   4.6472   0.0000  -0.0000
     9  19.7008   0.0000  -0.0000
    10  21.1867   0.0000   0.0000
    11  25.1113   0.0000  -0.0000
    12  28.7877   0.0000   0.0000
    13  30.2145   0.0000  -0.0000
    14  32.5715   0.0000   0.0000
    15  38.7075   0.0000  -0.0000
    16  41.5797   0.0000   0.0000
    17  43.7442   0.0000  -0.0000
    18  44.3345   0.0000  -0.0000
    19  47.3459   0.0000   0.0000
    20  52.4955   0.0000   0.0000
    21  53.3570   0.0000  -0.0000
    22  55.2330   0.0000   0.0000
    23  56.6960   0.0000  -0.0000
    24  65.8991   0.0000   0.0000
    25  66.4296   0.0000  -0.0000
    26  69.4163   0.0000  -0.0000
    27  69.9899   0.0000   0.0000
    28  72.1032   0.0000   0.0000
    29  72.5512   0.0000   0.0000
    30  73.6450   0.0000   0.0000
    31  76.1030   0.0000   0.0000
    32  78.5294   0.0000  -0.0000
    33  79.5471   0.0000   0.0000
    34  80.2371   0.0000  -0.0000
    35  86.9932   0.0000  -0.0000
    36  88.4211   0.0000   0.0000
    37  89.0452   0.0000  -0.0000
    38  89.7455   0.0000  -0.0000
    39  94.3938   0.0000  -0.0000
    40  95.5579   0.0000   0.0000
    41  96.6571   0.0000  -0.0000
    42  98.2891   0.0000  -0.0000
    43  98.4657   0.0000   0.0000
    44 104.7289   0.0000  -0.0000
    45 105.3668   0.0000  -0.0000
    46 105.9350   0.0000  -0.0000
    47 110.1936   0.0000  -0.0000
    48 111.7257   0.0000  -0.0000
    49 113.5186   0.0000   0.0000
    50 114.0851   0.0000  -0.0000
    51 114.2483   0.0000   0.0000
    52 117.9805   0.0000  -0.0000
    53 118.5714   0.0000  -0.0000
    54 123.3175   0.0000  -0.0000
    55 123.6435   0.0000  -0.0000
    56 125.3330   0.0000  -0.0000
    57 125.3660   0.0000  -0.0000
    58 128.3184   0.0000  -0.0000
    59 129.1098   0.0000   0.0000
    60 129.1754   0.0000  -0.0000
  0.375000  0.375000  0.000000
  60
     1 -70.2392  -0.0000  -0.0000
     2 -35.4147  -0.0000   0.0000
     3 -35.3197  -0.0000  -0.0000
     4 -35.3197  -0.0000  -0.0000
     5 -12.1551   0.0000   0.0000
     6   0.8516   0.0000   0.0000
     7   4.0632   0.0000   0.0000
     8   4.0633   0.0000  -0.0000
     9  17.6872   0.0000  -0.0000
    10  20.5139   0.0000   0.0000
    11  24.1372   0.0000   0.0000
    12  30.2754   0.0000   0.0000
    13  30.2754   0.0000   0.0000
    14  36.9900   0.0000  -0.0000
    15  40.3113   0.0000  -0.0000
    16  43.1412   0.0000  -0.0000
    17  43.1412   0.0000  -0.0000
    18  48.2030   0.0000   0.0000
    19  48.3291   0.0000   0.0000
    20  48.3293   0.0000  -0.0000
    21  49.9683   0.0000   0.0000
    22  52.2059   0.0000  -0.0000
    23  60.2461   0.0000   0.0000
    24  60.2466   0.0000   0.0000
    25  67.5993   0.0000   0.0000
    26  67.5994   0.0000  -0.0000
    27  67.8602   0.0000   0.0000
    28  69.9314   0.0000   0.0000
    29  70.6635   0.0000   0.0000
    30  70.7196   0.0000   0.0000
    31  81.6961   0.0000  -0.0000
    32  81.8190   0.0000   0.0000
    33  84.2073   0.0000  -0.0000
    34  84.6605   0.0000   0.0000
    35  84.6605   0.0000  -0.0000
    36  87.2253   0.0000  -0.0000
    37  90.3575   0.0000  -0.0000
    38  90.6804   0.0000  -0.0000
    39  95.0314   0.0000   0.0000
    40  95.0314   0.0000   0.0000
    41  95.0896   0.0000   0.0000
    42  95.0897   0.0000  -0.0000
    43  96.9534   0.0000   0.0000
    44  98.0302   0.0000  -0.0000
    45 105.8941   0.0000  -0.0000
    46 105.8942   0.0000   0.0000
    47 108.2450   0.0000  -0.0000
    48 113.1323   0.0000  -0.0000
    49 113.1331   0.0000  -0.0000
    50 115.0135   0.0000  -0.0000
    51 117.2078   0.0000  -0.0000
    52 121.6915   0.0000   0.0000
    53 124.1375   0.0000   0.0000
    54 124.1376   0.0000   0.0000
    55 124.6204   0.0000  -0.0000
    56 125.6996   0.0000   0.0000
    57 125.6998   0.0000   0.0000
    58 126.9988   0.0000  -0.0000
    59 131.8135   0.0000  -0.0000
    60 134.0493   0.0000   0.0000
  0.500000  0.375000  0.000000
  60
     1 -70.2354  -0.0000   0.0000
     2 -35.4252  -0.0000   0.0000
     3 -35.3392  -0.0000   0.0000
     4 -35.3223  -0.0000   0.0000
     5 -11.8418   0.0000  -0.0000
     6   0.5849   0.0000  -0.0000
     7   3.3581   0.0000   0.0000
     8   3.9529   0.0000  -0.0000
     9  17.8647   0.0000  -0.0000
    10  21.2713   0.0000  -0.0000
    11  23.5962   0.0000   0.0000
    12  30.4695   0.0000   0.0000
    13  30.5867   0.0000  -0.0000
    14  38.4265   0.0000   0.0000
    15  39.9166   0.0000  -0.0000
    16  41.2882   0.0000  -0.0000
    17  42.7466   0.0000   0.0000
    18  48.2986   0.0000  -0.0000
    19  49.0688   0.0000  -0.0000
    20  51.8153   0.0000   0.0000
    21  54.4120   0.0000  -0.0000
    22  54.8289   0.0000  -0.0000
    23  56.0958   0.0000  -0.0000
    24  58.5494   0.0000  -0.0000
    25  61.9929   0.0000   0.0000
    26  65.6973   0.0000   0.0000
    27  65.7099   0.0000   0.0000
    28  70.2408   0.0000  -0.0000
    29  72.8347   0.0000  -0.0000
    30  73.6967   0.0000  -0.0000
    31  76.6180   0.0000  -0.0000
    32  80.3095   0.0000   0.0000
    33  82.2402   0.0000  -0.0000
    34  83.9987   0.0000  -0.0000
    35  84.1855   0.0000   0.0000
    36  86.0774   0.0000   0.0000
    37  86.5373   0.0000  -0.0000
    38  89.3728   0.0000   0.0000
    39  93.8587   0.0000   0.0000
    40  96.6913   0.0000   0.0000
    41  96.8047   0.0000   0.0000
    42  99.1401   0.0000   0.0000
    43 100.2515   0.0000  -0.0000
    44 104.1693   0.0000  -0.0000
    45 107.7951   0.0000  -0.0000
    46 108.9415   0.0000   0.0000
    47 111.2294   0.0000   0.0000
    48 112.8326   0.0000  -0.0000
    49 114.3515   0.0000  -0.0000
    50 117.4505   0.0000   0.0000
    51 118.3859   0.0000   0.0000
    52 120.1901   0.0000   0.0000
    53 121.1889   0.0000  -0.0000
    54 122.4259   0.0000  -0.0000
    55 125.4979   0.0000   0.0000
    56 125.7369   0.0000  -0.0000
    57 126.6867   0.0000  -0.0000
    58 130.3023   0.0000   0.0000
    59 130.4652   0.0000   0.0000
    60 132.1467   0.0000   0.0000
 -0.375000  0.375000  0.000000
  60
     1 -70.2348  -0.0000   0.0000
     2 -35.4055  -0.0000  -0.0000
     3 -35.3773  -0.0000   0.0000
     4 -35.3118  -0.0000  -0.0000
     5 -11.7159   0.0000  -0.0000
     6   1.0448   0.0000  -0.0000
     7   2.0936   0.0000   0.0000
     8   4.0620   0.0000   0.0000
     9  18.9889   0.0000   0.0000
    10  22.7915   0.0000   0.0000
    11  22.8009   0.0000  -0.0000
    12  29.8195   0.0000   0.0000
    13  30.1208   0.0000  -0.0000
    14  36.3932   0.0000   0.0000
    15  40.8166   0.0000  -0.0000
    16  40.9712   0.0000  -0.0000
    17  41.5915   0.0000   0.0000
    18  48.6934   0.0000  -0.0000
    19  50.5964   0.0000  -0.0000
    20  51.5466   0.0000   0.0000
    21  56.1307   0.0000  -0.0000
    22  56.7227   0.0000   0.0000
    23  58.1643   0.0000  -0.0000
    24  58.1834   0.0000   0.0000
    25  63.5341   0.0000   0.0000
    26  64.3099   0.0000  -0.0000
    27  64.7721   0.0000  -0.0000
    28  67.4208   0.0000  -0.0000
    29  72.1066   0.0000   0.0000
    30  74.3788   0.0000  -0.0000
    31  76.2577   0.0000  -0.0000
    32  76.9676   0.0000   0.0000
    33  80.3391   0.0000  -0.0000
    34  81.4449   0.0000   0.0000
    35  84.7875   0.0000   0.0000
    36  86.1898   0.0000  -0.0000
    37  86.4946   0.0000  -0.0000
    38  87.3521   0.0000   0.0000
    39  97.4229   0.0000   0.0000
    40  97.5390   0.0000   0.0000
    41  97.9430   0.0000  -0.0000
    42 104.4848   0.0000  -0.0000
    43 105.9082   0.0000  -0.0000
    44 106.9987   0.0000   0.0000
    45 107.8687   0.0000  -0.0000
    46 110.2916   0.0000  -0.0000
    47 110.9246   0.0000  -0.0000
    48 111.3957   0.0000   0.0000
    49 112.7401   0.0000  -0.0000
    50 113.6266   0.0000  -0.0000
    51 116.5516   0.0000   0.0000
    52 119.9439   0.0000   0.0000
    53 120.2971   0.0000  -0.0000
    54 120.8486   0.0000   0.0000
    55 121.5722   0.0000  -0.0000
    56 125.7951   0.0000  -0.0000
    57 127.3295   0.0000  -0.0000
    58 128.8923   0.0000  -0.0000
    59 130.2205   0.0000  -0.0000
    60 130.4491   0.0000   0.0000
  0.500000  0.500000  0.000000
  60
     1 -70.2341  -0.0000   0.0000
     2 -35.4361  -0.0000   0.0000
     3 -35.3295  -0.0000   0.0000
     4 -35.3295  -0.0000  -0.0000
     5 -11.7912   0.0000  -0.0000
     6   0.3037   0.0000  -0.0000
     7   3.8472   0.0000  -0.0000
     8   3.8472   0.0000   0.0000
     9  17.0634   0.0000   0.0000
    10  20.7671   0.0000   0.0000
    11  23.8673   0.0000  -0.0000
    12  31.1476   0.0000  -0.0000
    13  31.1476   0.0000  -0.0000
    14  38.7784   0.0000   0.0000
    15  39.0910   0.0000   0.0000
    16  43.4253   0.0000   0.0000
    17  43.4253   0.0000  -0.0000
    18  46.9484   0.0000  -0.0000
    19  50.6690   0.0000   0.0000
    20  50.6690   0.0000   0.0000
    21  53.9390   0.0000  -0.0000
    22  56.5794   0.0000   0.0000
    23  56.5794   0.0000   0.0000
    24  57.1027   0.0000  -0.0000
    25  57.8332   0.0000  -0.0000
    26  65.5717   0.0000   0.0000
    27  65.5717   0.0000   0.0000
    28  68.7744   0.0000  -0.0000
    29  71.7220   0.0000  -0.0000
    30  76.1896   0.0000  -0.0000
    31  81.1217   0.0000   0.0000
    32  81.3845   0.0000  -0.0000
    33  83.4280   0.0000   0.0000
    34  83.5630   0.0000   0.0000
    35  83.5630   0.0000  -0.0000
    36  84.9848   0.0000   0.0000
    37  85.1322   0.0000   0.0000
    38  89.7415   0.0000  -0.0000
    39  94.4580   0.0000   0.0000
    40  94.4580   0.0000  -0.0000
    41  96.3482   0.0000   0.0000
    42  97.2635   0.0000   0.0000
    43  97.2635   0.0000   0.0000
    44 101.2379   0.0000  -0.0000
    45 111.1247   0.0000  -0.0000
    46 111.9604   0.0000   0.0000
    47 111.9604   0.0000  -0.0000
    48 115.2314   0.0000   0.0000
    49 115.2314   0.0000   0.0000
    50 119.1728   0.0000   0.0000
    51 119.1728   0.0000  -0.0000
    52 121.6145   0.0000   0.0000
    53 122.4493   0.0000  -0.0000
    54 125.5886   0.0000  -0.0000
    55 125.6299   0.0000   0.0000
    56 127.1186   0.0000  -0.0000
    57 127.2603   0.0000   0.0000
    58 127.2603   0.0000  -0.0000
    59 129.4127   0.0000   0.0000
    60 132.0441   0.0000   0.0000
  0.375000  0.250000  0.125000
  60
     1 -70.2491  -0.0000   0.0000
     2 -35.3845  -0.0000  -0.0000
     3 -35.3086  -0.0000  -0.0000
     4 -35.2818  -0.0000   0.0000
     5 -12.7799   0.0000   0.0000
     6   1.9130   0.0000   0.0000
     7   4.0785   0.0000  -0.0000
     8   4.7420   0.0000  -0.0000
     9  19.0398   0.0000  -0.0000
    10  20.2764   0.0000   0.0000
    11  25.9414   0.0000  -0.0000
    12  28.5304   0.0000   0.0000
    13  28.6222   0.0000   0.0000
    14  33.7775   0.0000  -0.0000
    15  38.4839   0.0000  -0.0000
    16  40.5713   0.0000  -0.0000
    17  42.8095   0.0000   0.0000
    18  43.8901   0.0000   0.0000
    19  46.1787   0.0000  -0.0000
    20  50.2562   0.0000  -0.0000
    21  52.4820   0.0000   0.0000
    22  56.7521   0.0000   0.0000
    23  58.9994   0.0000   0.0000
    24  62.1880   0.0000   0.0000
    25  65.6719   0.0000   0.0000
    26  70.6369   0.0000   0.0000
    27  72.6379   0.0000   0.0000
    28  74.1446   0.0000   0.0000
    29  74.8432   0.0000   0.0000
    30  78.4680   0.0000  -0.0000
    31  81.1372   0.0000  -0.0000
    32  82.1604   0.0000  -0.0000
    33  82.5898   0.0000   0.0000
    34  82.8167   0.0000   0.0000
    35  84.1583   0.0000   0.0000
    36  86.7039   0.0000  -0.0000
    37  88.4615   0.0000   0.0000
    38  89.0359   0.0000  -0.0000
    39  94.6309   0.0000   0.0000
    40  95.6841   0.0000  -0.0000
    41  97.2125   0.0000  -0.0000
    42  98.5356   0.0000   0.0000
    43  99.3229   0.0000   0.0000
    44 100.2522   0.0000  -0.0000
    45 100.4083   0.0000  -0.0000
    46 104.2852   0.0000  -0.0000
    47 105.4018   0.0000  -0.0000
    48 108.6469   0.0000   0.0000
    49 110.5581   0.0000  -0.0000
    50 110.6386   0.0000   0.0000
    51 111.6069   0.0000  -0.0000
    52 117.6534   0.0000  -0.0000
    53 118.2807   0.0000   0.0000
    54 120.5344   0.0000  -0.0000
    55 122.8761   0.0000   0.0000
    56 124.0597   0.0000   0.0000
    57 125.3006   0.0000   0.0000
    58 128.9922   0.0000   0.0000
    59 129.4827   0.0000   0.0000
    60 131.8885   0.0000  -0.0000
  0.500000  0.250000  0.125000
  60
     1 -70.2416  -0.0000   0.0000
     2 -35.4231  -0.0000  -0.0000
     3 -35.3268  -0.0000   0.0000
     4 -35.2913  -0.0000  -0.0000
     5 -12.1546   0.0000  -0.0000
     6   0.8961   0.0000  -0.0000
     7   3.3148   0.0000   0.0000
     8   4.3934   0.0000  -0.0000
     9  19.3376   0.0000   0.0000
    10  21.3814   0.0000   0.0000
    11  24.8278   0.0000  -0.0000
    12  28.3216   0.0000  -0.0000
    13  30.6646   0.0000  -0.0000
    14  34.0968   0.0000   0.0000
    15  38.6815   0.0000  -0.0000
    16  42.2327   0.0000  -0.0000
    17  42.7044   0.0000   0.0000
    18  45.3031   0.0000  -0.0000
    19  46.2138   0.0000   0.0000
    20  52.2177   0.0000   0.0000
    21  54.1553   0.0000  -0.0000
    22  54.6058   0.0000  -0.0000
    23  59.4603   0.0000  -0.0000
    24  63.6874   0.0000  -0.0000
    25  65.2117   0.0000  -0.0000
    26  67.3122   0.0000   0.0000
    27  69.4401   0.0000   0.0000
    28  71.6047   0.0000   0.0000
    29  74.0295   0.0000  -0.0000
    30  74.5059   0.0000  -0.0000
    31  75.5634   0.0000  -0.0000
    32  79.1803   0.0000  -0.0000
    33  79.9152   0.0000  -0.0000
    34  81.8729   0.0000   0.0000
    35  82.8194   0.0000  -0.0000
    36  86.9547   0.0000  -0.0000
    37  88.7903   0.0000  -0.0000
    38  92.3425   0.0000  -0.0000
    39  93.3047   0.0000  -0.0000
    40  97.1610   0.0000   0.0000
    41  98.1917   0.0000   0.0000
    42  98.6985   0.0000  -0.0000
    43 100.8697   0.0000  -0.0000
    44 102.8830   0.0000   0.0000
    45 103.9001   0.0000  -0.0000
    46 105.7818   0.0000  -0.0000
    47 108.1216   0.0000  -0.0000
    48 112.3576   0.0000   0.0000
    49 112.9950   0.0000   0.0000
    50 115.3287   0.0000   0.0000
    51 117.0471   0.0000   0.0000
    52 118.7474   0.0000  -0.0000
    53 119.6722   0.0000   0.0000
    54 120.1062   0.0000   0.0000
    55 122.5904   0.0000   0.0000
    56 124.7348   0.0000   0.0000
    57 126.8615   0.0000  -0.0000
    58 129.3028   0.0000   0.0000
    59 130.2422   0.0000   0.0000
    60 133.1236   0.0000  -0.0000
 -0.375000  0.250000  0.125000
  60
     1 -70.2385  -0.0000   0.0000
     2 -35.4399  -0.0000   0.0000
     3 -35.3312  -0.0000  -0.0000
     4 -35.2973  -0.0000   0.0000
     5 -11.8686   0.0000   0.0000
     6   0.4387   0.0000  -0.0000
     7   3.0431   0.0000  -0.0000
     8   4.2358   0.0000  -0.0000
     9  19.2381   0.0000   0.0000
    10  22.2991   0.0000   0.0000
    11  24.4974   0.0000  -0.0000
    12  28.0894   0.0000   0.0000
    13  31.8270   0.0000   0.0000
    14  33.8030   0.0000  -0.0000
    15  38.7158   0.0000   0.0000
    16  41.8010   0.0000  -0.0000
    17  42.7361   0.0000  -0.0000
    18  44.7543   0.0000   0.0000
    19  49.0799   0.0000   0.0000
    20  49.6934   0.0000   0.0000
    21  57.8418   0.0000   0.0000
    22  58.0869   0.0000   0.0000
    23  60.3164   0.0000   0.0000
    24  61.7139   0.0000  -0.0000
    25  63.6379   0.0000  -0.0000
    26  64.4916   0.0000  -0.0000
    27  67.8899   0.0000   0.0000
    28  69.6514   0.0000  -0.0000
    29  71.8248   0.0000   0.0000
    30  73.6951   0.0000   0.0000
    31  75.1500   0.0000   0.0000
    32  78.7371   0.0000   0.0000
    33  79.2567   0.0000   0.0000
    34  81.3258   0.0000   0.0000
    35  83.0431   0.0000   0.0000
    36  85.9422   0.0000  -0.0000
    37  90.1134   0.0000   0.0000
    38  91.1198   0.0000  -0.0000
    39  94.8097   0.0000   0.0000
    40  95.5795   0.0000   0.0000
    41  97.7929   0.0000  -0.0000
    42  98.2478   0.0000   0.0000
    43 102.6744   0.0000  -0.0000
    44 104.3999   0.0000   0.0000
    45 107.3005   0.0000   0.0000
    46 110.0482   0.0000   0.0000
    47 110.8088   0.0000   0.0000
    48 112.8662   0.0000  -0.0000
    49 114.3772   0.0000  -0.0000
    50 115.7543   0.0000  -0.0000
    51 118.6330   0.0000   0.0000
    52 118.6924   0.0000   0.0000
    53 120.5983   0.0000   0.0000
    54 121.8916   0.0000  -0.0000
    55 123.2165   0.0000  -0.0000
    56 123.7018   0.0000  -0.0000
    57 127.0271   0.0000  -0.0000
    58 127.0683   0.0000  -0.0000
    59 128.3244   0.0000   0.0000
    60 128.5042   0.0000   0.0000
  0.500000  0.375000  0.125000
  60
     1 -70.2385  -0.0000  -0.0000
     2 -35.4147  -0.0000   0.0000
     3 -35.3342  -0.0000   0.0000
     4 -35.3143  -0.0000   0.0000
     5 -12.0254   0.0000  -0.0000
     6   0.9333   0.0000   0.0000
     7   3.3741   0.0000   0.0000
     8   3.9552   0.0000   0.0000
     9  18.9129   0.0000  -0.0000
    10  21.0445   0.0000  -0.0000
    11  23.8396   0.0000  -0.0000
    12  29.1047   0.0000  -0.0000
    13  30.7656   0.0000   0.0000
    14  36.2502   0.0000   0.0000
    15  41.1547   0.0000   0.0000
    16  41.2792   0.0000   0.0000
    17  42.5560   0.0000  -0.0000
    18  46.5404   0.0000   0.0000
    19  47.0303   0.0000   0.0000
    20  52.2349   0.0000  -0.0000
    21  52.3319   0.0000  -0.0000
    22  56.9461   0.0000  -0.0000
    23  57.9486   0.0000  -0.0000
    24  59.2732   0.0000   0.0000
    25  63.6938   0.0000   0.0000
    26  65.7085   0.0000   0.0000
    27  70.6987   0.0000   0.0000
    28  71.7493   0.0000  -0.0000
    29  72.2189   0.0000  -0.0000
    30  73.4292   0.0000  -0.0000
    31  77.6229   0.0000   0.0000
    32  77.6260   0.0000   0.0000
    33  80.3682   0.0000  -0.0000
    34  81.1524   0.0000   0.0000
    35  84.1099   0.0000  -0.0000
    36  85.1534   0.0000   0.0000
    37  92.1089   0.0000   0.0000
    38  92.9005   0.0000   0.0000
    39  95.5325   0.0000   0.0000
    40  96.6839   0.0000   0.0000
    41  97.6557   0.0000  -0.0000
    42  97.9304   0.0000   0.0000
    43  99.2357   0.0000  -0.0000
    44 102.9808   0.0000  -0.0000
    45 104.8497   0.0000  -0.0000
    46 106.8036   0.0000   0.0000
    47 109.8041   0.0000  -0.0000
    48 111.7107   0.0000  -0.0000
    49 113.8310   0.0000  -0.0000
    50 114.2323   0.0000   0.0000
    51 114.8722   0.0000   0.0000
    52 118.2542   0.0000  -0.0000
    53 120.8659   0.0000   0.0000
    54 122.4883   0.0000  -0.0000
    55 124.8013   0.0000  -0.0000
    56 125.8863   0.0000   0.0000
    57 130.0041   0.0000  -0.0000
    58 130.5569   0.0000   0.0000
    59 132.0634   0.0000  -0.0000
    60 132.4508   0.0000  -0.0000
 -0.375000  0.375000  0.125000
  60
     1 -70.2354  -0.0000  -0.0000
     2 -35.4098  -0.0000   0.0000
     3 -35.3621  -0.0000  -0.0000
     4 -35.3187  -0.0000   0.0000
     5 -11.7421   0.0000   0.0000
     6   1.0530   0.0000  -0.0000
     7   2.3486   0.0000   0.0000
     8   3.7749   0.0000  -0.0000
     9  19.7362   0.0000   0.0000
    10  22.0325   0.0000  -0.0000
    11  23.2969   0.0000  -0.0000
    12  28.2023   0.0000   0.0000
    13  31.7619   0.0000  -0.0000
    14  35.1938   0.0000  -0.0000
    15  40.2553   0.0000   0.0000
    16  41.8016   0.0000  -0.0000
    17  42.7962   0.0000   0.0000
    18  46.5081   0.0000  -0.0000
    19  50.1649   0.0000  -0.0000
    20  52.8764   0.0000  -0.0000
    21  54.6356   0.0000  -0.0000
    22  56.2970   0.0000   0.0000
    23  58.6387   0.0000   0.0000
    24  61.1714   0.0000  -0.0000
    25  61.7910   0.0000   0.0000
    26  63.7519   0.0000   0.0000
    27  67.7473   0.0000   0.0000
    28  69.3756   0.0000   0.0000
    29  72.9774   0.0000   0.0000
    30  73.5089   0.0000   0.0000
    31  74.1877   0.0000   0.0000
    32  76.5036   0.0000  -0.0000
    33  77.6556   0.0000  -0.0000
    34  80.1950   0.0000   0.0000
    35  81.8833   0.0000   0.0000
    36  85.7160   0.0000  -0.0000
    37  91.2175   0.0000  -0.0000
    38  93.7582   0.0000  -0.0000
    39  95.9859   0.0000   0.0000
    40  97.4467   0.0000  -0.0000
    41  99.6274   0.0000   0.0000
    42 103.7854   0.0000   0.0000
    43 103.8931   0.0000  -0.0000
    44 105.0140   0.0000   0.0000
    45 106.8442   0.0000  -0.0000
    46 107.3577   0.0000   0.0000
    47 110.8610   0.0000  -0.0000
    48 111.4691   0.0000   0.0000
    49 113.2666   0.0000  -0.0000
    50 114.1019   0.0000  -0.0000
    51 117.5922   0.0000   0.0000
    52 117.9355   0.0000   0.0000
    53 120.3378   0.0000  -0.0000
    54 122.0614   0.0000  -0.0000
    55 123.2227   0.0000   0.0000
    56 124.9349   0.0000  -0.0000
    57 127.1414   0.0000  -0.0000
    58 130.2246   0.0000   0.0000
    59 130.9978   0.0000   0.0000
    60 131.0762   0.0000   0.0000
 -0.250000  0.375000  0.125000
  60
     1 -70.2367  -0.0000  -0.0000
     2 -35.4054  -0.0000  -0.0000
     3 -35.3696  -0.0000  -0.0000
     4 -35.3065  -0.0000  -0.0000
     5 -11.8001   0.0000   0.0000
     6   1.2454   0.0000   0.0000
     7   2.0621   0.0000   0.0000
     8   3.9972   0.0000   0.0000
     9  20.5468   0.0000  -0.0000
    10  21.2600   0.0000   0.0000
    11  23.9111   0.0000  -0.0000
    12  28.1067   0.0000   0.0000
    13  32.5936   0.0000   0.0000
    14  32.7181   0.0000  -0.0000
    15  40.9946   0.0000   0.0000
    16  41.4831   0.0000   0.0000
    17  42.4875   0.0000  -0.0000
    18  47.2826   0.0000  -0.0000
    19  47.7280   0.0000   0.0000
    20  53.7827   0.0000  -0.0000
    21  54.0881   0.0000   0.0000
    22  57.0927   0.0000   0.0000
    23  58.1041   0.0000  -0.0000
    24  61.4980   0.0000   0.0000
    25  63.4987   0.0000   0.0000
    26  66.7300   0.0000  -0.0000
    27  68.1506   0.0000   0.0000
    28  69.3111   0.0000   0.0000
    29  69.3234   0.0000  -0.0000
    30  74.3700   0.0000   0.0000
    31  74.8226   0.0000   0.0000
    32  77.6349   0.0000   0.0000
    33  78.0073   0.0000   0.0000
    34  79.0618   0.0000  -0.0000
    35  81.6110   0.0000   0.0000
    36  86.3062   0.0000   0.0000
    37  90.1357   0.0000  -0.0000
    38  94.3390   0.0000   0.0000
    39  97.4117   0.0000  -0.0000
    40  97.6249   0.0000   0.0000
    41  99.2807   0.0000  -0.0000
    42 101.3547   0.0000  -0.0000
    43 103.0026   0.0000  -0.0000
    44 105.8538   0.0000   0.0000
    45 106.5003   0.0000   0.0000
    46 108.3768   0.0000  -0.0000
    47 108.6529   0.0000  -0.0000
    48 112.0842   0.0000   0.0000
    49 113.0801   0.0000   0.0000
    50 113.6418   0.0000  -0.0000
    51 116.5073   0.0000  -0.0000
    52 117.0642   0.0000  -0.0000
    53 122.1922   0.0000  -0.0000
    54 123.6514   0.0000  -0.0000
    55 124.5331   0.0000   0.0000
    56 126.6137   0.0000   0.0000
    57 127.1298   0.0000   0.0000
    58 128.5204   0.0000   0.0000
    59 128.7571   0.0000  -0.0000
    60 130.4144   0.0000   0.0000
 -0.375000  0.500000  0.125000
  60
     1 -70.2341  -0.0000   0.0000
     2 -35.4204  -0.0000  -0.0000
     3 -35.3449  -0.0000   0.0000
     4 -35.3327  -0.0000  -0.0000
     5 -11.7248   0.0000  -0.0000
     6   0.6799   0.0000   0.0000
     7   3.1116   0.0000   0.0000
     8   3.5709   0.0000  -0.0000
     9  18.4236   0.0000   0.0000
    10  21.7895   0.0000   0.0000
    11  23.2167   0.0000  -0.0000
    12  29.2241   0.0000   0.0000
    13  31.6853   0.0000   0.0000
    14  38.2199   0.0000  -0.0000
    15  39.1099   0.0000   0.0000
    16  40.7509   0.0000  -0.0000
    17  43.9295   0.0000   0.0000
    18  48.8208   0.0000   0.0000
    19  50.0598   0.0000   0.0000
    20  52.5973   0.0000  -0.0000
    21  53.8737   0.0000   0.0000
    22  55.5808   0.0000   0.0000
    23  57.4361   0.0000  -0.0000
    24  58.6387   0.0000  -0.0000
    25  60.9890   0.0000  -0.0000
    26  63.4955   0.0000   0.0000
    27  64.6617   0.0000  -0.0000
    28  70.6542   0.0000   0.0000
    29  74.5239   0.0000  -0.0000
    30  75.1071   0.0000   0.0000
    31  76.1890   0.0000  -0.0000
    32  76.5395   0.0000   0.0000
    33  79.9094   0.0000  -0.0000
    34  80.5835   0.0000   0.0000
    35  80.7354   0.0000  -0.0000
    36  84.9118   0.0000   0.0000
    37  92.9251   0.0000  -0.0000
    38  93.2222   0.0000   0.0000
    39  94.6340   0.0000   0.0000
    40  95.8386   0.0000   0.0000
    41  98.4208   0.0000  -0.0000
    42  98.9228   0.0000   0.0000
    43 100.0146   0.0000  -0.0000
    44 108.4478   0.0000   0.0000
    45 108.7749   0.0000   0.0000
    46 111.0059   0.0000   0.0000
    47 111.2475   0.0000   0.0000
    48 111.5109   0.0000   0.0000
    49 115.0713  -0.0000   0.0000
    50 115.5190   0.0000   0.0000
    51 117.1159   0.0000   0.0000
    52 119.0160   0.0000  -0.0000
    53 121.0967   0.0000  -0.0000
    54 122.5101   0.0000  -0.0000
    55 124.8154   0.0000   0.0000
    56 125.8535   0.0000   0.0000
    57 126.6378   0.0000  -0.0000
    58 127.2852   0.0000   0.0000
    59 129.5724   0.0000   0.0000
    60 130.5388   0.0000   0.0000
 -0.250000  0.500000  0.250000
  60
     1 -70.2341  -0.0000  -0.0000
     2 -35.3824  -0.0000  -0.0000
     3 -35.3824  -0.0000   0.0000
     4 -35.3359  -0.0000  -0.0000
     5 -11.6573   0.0000   0.0000
     6   1.7343   0.0000  -0.0000
     7   1.7343   0.0000  -0.0000
     8   3.3033   0.0000   0.0000
     9  21.1678   0.0000   0.0000
    10  21.1678   0.0000   0.0000
    11  23.3250   0.0000  -0.0000
    12  27.0963   0.0000  -0.0000
    13  33.7516   0.0000   0.0000
    14  33.7516   0.0000  -0.0000
    15  39.3047   0.0000  -0.0000
    16  42.3422   0.0000   0.0000
    17  44.8124   0.0000   0.0000
    18  47.0431   0.0000   0.0000
    19  51.6408   0.0000   0.0000
    20  51.6408   0.0000   0.0000
    21  54.7099   0.0000  -0.0000
    22  55.8161   0.0000  -0.0000
    23  55.8161   0.0000   0.0000
    24  61.5892   0.0000   0.0000
    25  66.0287   0.0000   0.0000
    26  66.0287   0.0000  -0.0000
    27  67.1287   0.0000   0.0000
    28  67.4230   0.0000  -0.0000
    29  70.5631   0.0000   0.0000
    30  70.5631   0.0000  -0.0000
    31  73.5350   0.0000  -0.0000
    32  75.1548   0.0000  -0.0000
    33  79.0358   0.0000  -0.0000
    34  79.1200   0.0000   0.0000
    35  79.1200   0.0000  -0.0000
    36  86.6139   0.0000   0.0000
    37  94.8978   0.0000   0.0000
    38  95.0089   0.0000   0.0000
    39  95.0089   0.0000  -0.0000
    40 102.3712   0.0000   0.0000
    41 102.3712   0.0000   0.0000
    42 104.2503   0.0000  -0.0000
    43 105.7741   0.0000   0.0000
    44 106.0429   0.0000  -0.0000
    45 106.1104   0.0000   0.0000
    46 106.3913   0.0000   0.0000
    47 106.3913   0.0000   0.0000
    48 107.1050   0.0000  -0.0000
    49 114.8144   0.0000   0.0000
    50 114.8144   0.0000  -0.0000
    51 116.8905   0.0000   0.0000
    52 117.3649   0.0000   0.0000
    53 119.0212   0.0000   0.0000
    54 124.5933   0.0000  -0.0000
    55 125.4266   0.0000  -0.0000
    56 125.4266   0.0000   0.0000
    57 126.1737   0.0000  -0.0000
    58 127.6742   0.0000  -0.0000
    59 127.6742   0.0000   0.0000
    60 134.1937   0.0000   0.0000
