          29           1
  0.000000  0.000000  0.000000
  60
     1 -73.1682  -6.4532   0.0000
     2 -38.0750  -3.9498   0.0000
     3 -38.0750  -3.9498   0.0000
     4 -38.0750  -3.9498   0.0000
     5 -15.4438  -2.9969   0.0000
     6   3.1819  -1.5017   0.0000
     7   3.1819  -1.5017   0.0000
     8   3.1819  -1.5017   0.0000
     9  10.5422   0.7938   0.0000
    10  21.9479   1.3589   0.0000
    11  21.9479   1.3589   0.0000
    12  21.9479   1.3589   0.0000
    13  25.8538   1.2935   0.0000
    14  28.0523   1.5565   0.0000
    15  28.0523   1.5565   0.0000
    16  31.2296   1.9685   0.0000
    17  31.2295   1.9685   0.0000
    18  31.2295   1.9685   0.0000
    19  45.6569   1.9473   0.0000
    20  45.6569   1.9473   0.0000
    21  45.6569   1.9473   0.0000
    22  46.6407   1.9343   0.0000
    23  58.3276   2.0431   0.0000
    24  58.3276   2.0431   0.0000
    25  58.3276   2.0431   0.0000
    26  63.6147   1.9173   0.0000
    27  63.6147   1.9173   0.0000
    28  64.6065   2.0546   0.0000
    29  64.6065   2.0546   0.0000
    30  64.6065   2.0546   0.0000
    31  69.5087   2.1005   0.0000
    32  74.4681   2.2439   0.0000
    33  74.4681   2.2439   0.0000
    34  81.1704   2.2703   0.0000
    35  81.1704   2.2703   0.0000
    36  81.1704   2.2703   0.0000
    37  82.2307   2.0347   0.0000
    38  82.2307   2.0347   0.0000
    39  82.2307   2.0347   0.0000
    40  88.5499   2.2882   0.0000
    41  88.5499   2.2882   0.0000
    42  88.5499   2.2882   0.0000
    43  90.0866   2.1941   0.0000
    44  90.0866   2.1941   0.0000
    45  90.0866   2.1941   0.0000
    46  91.5703   2.1257   0.0000
    47  91.5703   2.1257   0.0000
    48  91.5703   2.1257   0.0000
    49  91.7016   1.9992   0.0000
    50  94.1295   1.8493   0.0000
    51  94.1295   1.8493   0.0000
    52  94.1295   1.8493   0.0000
    53  95.0839   1.7521   0.0000
    54  95.0839   1.7521   0.0000
    55  95.5325   1.9822   0.0000
    56  95.5325   1.9822   0.0000
    57  95.5325   1.9822   0.0000
    58  97.1668   2.1984   0.0000
    59  97.4956   1.9127   0.0000
    60 105.4553   2.4564   0.0000
  0.125000  0.000000  0.000000
  60
     1 -73.1667  -6.4534   0.0000
     2 -38.0892  -3.9485   0.0000
     3 -38.0762  -3.9495   0.0000
     4 -38.0762  -3.9495   0.0000
     5 -15.2610  -3.0010   0.0000
     6   2.2982  -1.4163   0.0000
     7   3.0728  -1.5014   0.0000
     8   3.0728  -1.5014   0.0000
     9  11.3860   0.7446   0.0000
    10  20.1388   1.2678   0.0000
    11  22.3326   1.3740   0.0000
    12  22.3326   1.3740   0.0000
    13  27.0730   1.6024   0.0000
    14  27.0730   1.6024   0.0000
    15  28.2563   1.4622   0.0000
    16  31.3380   1.8569   0.0000
    17  32.9355   1.9410   0.0000
    18  32.9355   1.9410   0.0000
    19  43.5778   1.8776   0.0000
    20  45.4395   1.9063   0.0000
    21  45.4395   1.9063   0.0000
    22  48.5238   1.9706   0.0000
    23  55.2191   1.9983   0.0000
    24  55.2191   1.9983   0.0000
    25  59.3476   2.1075   0.0000
    26  61.7387   1.9769   0.0000
    27  61.7387   1.9769   0.0000
    28  65.0114   2.0578   0.0000
    29  69.5449   2.1173   0.0000
    30  70.8064   2.1385   0.0000
    31  70.8064   2.1385   0.0000
    32  73.3414   2.1661   0.0000
    33  73.3414   2.1661   0.0000
    34  78.6597   2.0358   0.0000
    35  78.8804   2.0683   0.0000
    36  79.5653   2.0537   0.0000
    37  79.5653   2.0537   0.0000
    38  81.3006   2.2212   0.0000
    39  81.3006   2.2212   0.0000
    40  83.6524   2.1223   0.0000
    41  83.6524   2.1223   0.0000
    42  84.6784   2.1394   0.0000
    43  88.5186   2.1857   0.0000
    44  88.9291   1.9086   0.0000
    45  88.9291   1.9086   0.0000
    46  89.7918   1.9983   0.0000
    47  91.5102   2.2208   0.0000
    48  93.5102   2.1054   0.0000
    49  93.5102   2.1054   0.0000
    50  95.3364   2.1309   0.0000
    51  95.3364   2.1309   0.0000
    52  96.3689   2.1485   0.0000
    53  96.9924   2.1546   0.0000
    54  96.9924   2.1546   0.0000
    55  97.7930   2.1802   0.0000
    56  99.9037   1.9916   0.0000
    57 102.6259   2.1003   0.0000
    58 103.6051   1.8847   0.0000
    59 103.6051   1.8847   0.0000
    60 106.0162   2.3500   0.0000
  0.250000  0.000000  0.000000
  60
     1 -73.1632  -6.4539   0.0000
     2 -38.1231  -3.9455   0.0000
     3 -38.0791  -3.9487   0.0000
     4 -38.0791  -3.9487   0.0000
     5 -14.7879  -3.0160   0.0000
     6   0.5269  -1.4123   0.0000
     7   2.8200  -1.5023   0.0000
     8   2.8200  -1.5023   0.0000
     9  12.8782   0.8431   0.0000
    10  18.5060   1.1663   0.0000
    11  22.8870   1.4236   0.0000
    12  22.8870   1.4236   0.0000
    13  26.6540   1.5912   0.0000
    14  26.6540   1.5912   0.0000
    15  28.7482   1.7462   0.0000
    16  34.5634   1.6113   0.0000
    17  35.7143   1.9943   0.0000
    18  35.7143   1.9943   0.0000
    19  41.3879   1.7591   0.0000
    20  44.0521   1.7883   0.0000
    21  44.0521   1.7883   0.0000
    22  51.3105   2.0196   0.0000
    23  51.7364   1.9947   0.0000
    24  51.7364   1.9947   0.0000
    25  60.9285   2.2163   0.0000
    26  62.5796   2.0107   0.0000
    27  62.5796   2.0107   0.0000
    28  66.2218   2.0681   0.0000
    29  67.7917   2.0309   0.0000
    30  68.4256   2.1404   0.0000
    31  68.4256   2.1404   0.0000
    32  72.4619   2.0199   0.0000
    33  75.0956   2.0324   0.0000
    34  75.0956   2.0324   0.0000
    35  75.4848   2.0080   0.0000
    36  77.0533   2.1795   0.0000
    37  77.0533   2.1795   0.0000
    38  79.4133   2.1118   0.0000
    39  81.0810   2.0664   0.0000
    40  81.0810   2.0664   0.0000
    41  82.6263   2.0994   0.0000
    42  82.6263   2.0994   0.0000
    43  87.1439   2.2367   0.0000
    44  87.3053   2.0054   0.0000
    45  87.3278   1.9864   0.0000
    46  87.3278   1.9864   0.0000
    47  93.8551   2.2299   0.0000
    48  94.5081   2.2473   0.0000
    49  94.5081   2.2473   0.0000
    50  96.1412   2.2673   0.0000
    51  99.3498   2.1725   0.0000
    52  99.3498   2.1725   0.0000
    53 104.0723   2.1724   0.0000
    54 104.0723   2.1724   0.0000
    55 105.1198   2.1761   0.0000
    56 105.5053   2.2069   0.0000
    57 107.7879   2.1645   0.0000
    58 107.7879   2.1645   0.0000
    59 109.9455   1.9505   0.0000
    60 113.2847   2.4519   0.0000
  0.375000  0.000000  0.000000
  60
     1 -73.1596  -6.4544   0.0000
     2 -38.1567  -3.9426   0.0000
     3 -38.0820  -3.9479   0.0000
     4 -38.0820  -3.9479   0.0000
     5 -14.2580  -3.0427   0.0000
     6  -0.9942  -1.4354   0.0000
     7   2.5808  -1.5050   0.0000
     8   2.5808  -1.5050   0.0000
     9  13.6052   0.9616   0.0000
    10  18.3623   1.1237   0.0000
    11  22.7372   1.4584   0.0000
    12  22.7372   1.4584   0.0000
    13  27.9776   1.7373   0.0000
    14  28.0499   1.6254   0.0000
    15  28.0499   1.6254   0.0000
    16  35.9957   1.6264   0.0000
    17  37.7019   1.9558   0.0000
    18  37.7019   1.9558   0.0000
    19  41.1900   1.7980   0.0000
    20  41.1900   1.7980   0.0000
    21  43.9264   1.6791   0.0000
    22  52.1525   1.9674   0.0000
    23  52.1525   1.9674   0.0000
    24  54.4061   2.0396   0.0000
    25  58.8725   2.0082   0.0000
    26  62.3490   2.0735   0.0000
    27  62.3490   2.0735   0.0000
    28  63.7310   2.2253   0.0000
    29  64.5580   1.9961   0.0000
    30  64.5580   1.9961   0.0000
    31  68.2089   2.0897   0.0000
    32  68.1562   1.9380   0.0000
    33  71.0494   1.9936   0.0000
    34  71.0494   1.9936   0.0000
    35  74.9865   2.0804   0.0000
    36  75.2696   2.1995   0.0000
    37  76.4692   2.1533   0.0000
    38  76.4692   2.1533   0.0000
    39  81.1263   2.0505   0.0000
    40  81.1263   2.0505   0.0000
    41  86.6075   2.0492   0.0000
    42  87.2816   2.0993   0.0000
    43  87.8582   2.1050   0.0000
    44  87.8582   2.1050   0.0000
    45  89.3655   2.1745   0.0000
    46  89.3655   2.1745   0.0000
    47  92.5221   2.2965   0.0000
    48  94.2181   2.2567   0.0000
    49  94.2181   2.2567   0.0000
    50 100.4249   2.2950   0.0000
    51 104.9037   2.2835   0.0000
    52 104.9037   2.2835   0.0000
    53 106.1088   2.1914   0.0000
    54 109.2838   2.2663   0.0000
    55 109.2838   2.2663   0.0000
    56 111.0467   2.1867   0.0000
    57 111.0224   2.1402   0.0000
    58 111.0224   2.1402   0.0000
    59 112.2714   2.1657   0.0000
    60 112.2714   2.1657   0.0000
  0.500000  0.000000  0.000000
  60
     1 -73.1582  -6.4546   0.0000
     2 -38.1705  -3.9414   0.0000
     3 -38.0832  -3.9476   0.0000
     4 -38.0832  -3.9476   0.0000
     5 -14.0170  -3.0596   0.0000
     6  -1.5922  -1.4396   0.0000
     7   2.4853  -1.5064   0.0000
     8   2.4853  -1.5064   0.0000
     9  13.6811   0.9885   0.0000
    10  18.6511   1.1389   0.0000
    11  22.5658   1.4622   0.0000
    12  22.5658   1.4622   0.0000
    13  27.6574   1.7236   0.0000
    14  29.2046   1.6846   0.0000
    15  29.2046   1.6846   0.0000
    16  35.4339   1.5944   0.0000
    17  37.6538   1.6368   0.0000
    18  37.6538   1.6368   0.0000
    19  40.2253   2.0857   0.0000
    20  40.2253   2.0857   0.0000
    21  49.8990   1.7609   0.0000
    22  51.4931   1.7288   0.0000
    23  54.2043   1.9617   0.0000
    24  54.2043   1.9617   0.0000
    25  58.3663   2.1284   0.0000
    26  58.5478   1.9937   0.0000
    27  58.5478   1.9937   0.0000
    28  61.0008   2.2802   0.0000
    29  66.2354   2.0978   0.0000
    30  66.2354   2.0978   0.0000
    31  67.3736   1.9927   0.0000
    32  68.5371   1.9129   0.0000
    33  68.5371   1.9129   0.0000
    34  70.2929   2.1561   0.0000
    35  72.0887   2.0107   0.0000
    36  75.4703   2.2624   0.0000
    37  76.0591   2.1452   0.0000
    38  76.0591   2.1452   0.0000
    39  80.9433   2.0281   0.0000
    40  80.9433   2.0281   0.0000
    41  86.6614   2.0948   0.0000
    42  87.4905   2.0168   0.0000
    43  88.9585   2.1547   0.0000
    44  88.9585   2.1547   0.0000
    45  90.5200   2.2621   0.0000
    46  90.5200   2.2621   0.0000
    47  92.1306   2.2941   0.0000
    48 100.7050   2.3296   0.0000
    49 100.7050   2.3296   0.0000
    50 100.9286   2.1987   0.0000
    51 100.9286   2.1987   0.0000
    52 102.4135   2.3694   0.0000
    53 106.7679   2.2089   0.0000
    54 108.3086   2.0994   0.0000
    55 109.6225   2.2489   0.0000
    56 109.6225   2.2489   0.0000
    57 113.8994   2.1477   0.0000
    58 113.8994   2.1477   0.0000
    59 117.1505   2.2119   0.0000
    60 117.1551   2.2102   0.0000
  0.125000  0.125000  0.000000
  60
     1 -73.1662  -6.4535   0.0000
     2 -38.0879  -3.9483   0.0000
     3 -38.0795  -3.9493   0.0000
     4 -38.0795  -3.9493   0.0000
     5 -15.2037  -3.0023   0.0000
     6   2.2306  -1.4065   0.0000
     7   2.9411  -1.4979   0.0000
     8   2.9411  -1.4979   0.0000
     9  11.6726   0.7363   0.0000
    10  19.5937   1.2535   0.0000
    11  22.5132   1.3846   0.0000
    12  22.5132   1.3846   0.0000
    13  25.3239   1.5928   0.0000
    14  28.5611   1.5710   0.0000
    15  29.2873   1.3980   0.0000
    16  32.0097   1.9656   0.0000
    17  32.0097   1.9656   0.0000
    18  33.5305   1.9196   0.0000
    19  43.7238   1.8589   0.0000
    20  44.8962   1.8923   0.0000
    21  44.8962   1.8923   0.0000
    22  49.3511   1.9842   0.0000
    23  55.9371   2.0462   0.0000
    24  55.9371   2.0462   0.0000
    25  56.0477   1.9119   0.0000
    26  58.7581   2.0528   0.0000
    27  64.0289   1.9952   0.0000
    28  68.7910   2.1244   0.0000
    29  68.7910   2.1244   0.0000
    30  69.4461   2.1131   0.0000
    31  72.8870   2.1970   0.0000
    32  72.9972   2.2178   0.0000
    33  74.1997   2.0837   0.0000
    34  75.9263   2.0729   0.0000
    35  75.9263   2.0729   0.0000
    36  79.5182   1.9023   0.0000
    37  79.9765   2.1455   0.0000
    38  79.9765   2.1455   0.0000
    39  81.0565   2.1679   0.0000
    40  83.5465   1.8823   0.0000
    41  86.5020   2.1549   0.0000
    42  86.5020   2.1549   0.0000
    43  87.6346   2.0796   0.0000
    44  87.6346   2.0796   0.0000
    45  88.0907   2.1248   0.0000
    46  89.1732   2.0088   0.0000
    47  91.8636   2.3369   0.0000
    48  91.8189   2.2150   0.0000
    49  94.6166   2.2689   0.0000
    50  94.6166   2.2689   0.0000
    51  94.9954   1.8757   0.0000
    52  95.4003   2.1720   0.0000
    53  97.4726   1.9548   0.0000
    54  97.4726   1.9548   0.0000
    55  98.5674   1.8708   0.0000
    56 102.5281   2.2126   0.0000
    57 102.5281   2.2126   0.0000
    58 104.9361   2.2041   0.0000
    59 106.5265   2.1525   0.0000
    60 108.4019   2.1131   0.0000
  0.250000  0.125000  0.000000
  60
     1 -73.1634  -6.4539   0.0000
     2 -38.1128  -3.9462   0.0000
     3 -38.0840  -3.9486   0.0000
     4 -38.0819  -3.9486   0.0000
     5 -14.8360  -3.0135   0.0000
     6   0.9486  -1.4090   0.0000
     7   2.6809  -1.4900   0.0000
     8   2.6797  -1.4981   0.0000
     9  13.0148   0.8060   0.0000
    10  18.1659   1.1780   0.0000
    11  22.6574   1.4577   0.0000
    12  23.0877   1.4268   0.0000
    13  24.4353   1.5252   0.0000
    14  28.5122   1.6147   0.0000
    15  30.7881   1.7479   0.0000
    16  34.2586   1.9547   0.0000
    17  34.1472   1.6520   0.0000
    18  35.4259   1.9612   0.0000
    19  41.6503   1.7711   0.0000
    20  43.3786   1.7913   0.0000
    21  45.4096   1.8385   0.0000
    22  50.8264   1.9781   0.0000
    23  51.4755   1.9664   0.0000
    24  53.5071   2.0417   0.0000
    25  57.0261   2.0054   0.0000
    26  60.3443   2.1516   0.0000
    27  63.6259   2.0905   0.0000
    28  67.5974   2.0390   0.0000
    29  69.8652   2.1178   0.0000
    30  70.1502   2.1225   0.0000
    31  70.8184   2.1353   0.0000
    32  72.3802   2.1164   0.0000
    33  72.6796   2.1456   0.0000
    34  74.3001   2.0850   0.0000
    35  75.7110   1.9949   0.0000
    36  76.5705   1.9851   0.0000
    37  78.1389   2.0842   0.0000
    38  79.0354   1.9039   0.0000
    39  80.9604   2.0819   0.0000
    40  81.6188   2.1101   0.0000
    41  81.6227   2.0296   0.0000
    42  84.8919   2.1283   0.0000
    43  85.2063   2.2236   0.0000
    44  86.4490   2.1654   0.0000
    45  89.8907   2.0496   0.0000
    46  92.3097   2.3476   0.0000
    47  92.2204   2.1302   0.0000
    48  94.0042   2.0539   0.0000
    49  94.2265   2.0939   0.0000
    50  95.1077   2.2038   0.0000
    51  95.7207   2.1645   0.0000
    52  98.1410   2.2185   0.0000
    53  98.1998   2.1651   0.0000
    54 103.9727   2.1841   0.0000
    55 105.1751   2.0667   0.0000
    56 108.5188   2.1566   0.0000
    57 108.3965   1.9945   0.0000
    58 109.0409   2.1717   0.0000
    59 109.4941   2.2661   0.0000
    60 111.4229   2.4255   0.0000
  0.375000  0.125000  0.000000
  60
     1 -73.1598  -6.4543   0.0000
     2 -38.1447  -3.9435   0.0000
     3 -38.0869  -3.9479   0.0000
     4 -38.0862  -3.9476   0.0000
     5 -14.3300  -3.0364   0.0000
     6  -0.4848  -1.4329   0.0000
     7   2.3043  -1.4787   0.0000
     8   2.4485  -1.5019   0.0000
     9  14.1169   0.9333   0.0000
    10  17.8293   1.1055   0.0000
    11  21.6770   1.4642   0.0000
    12  23.1967   1.4677   0.0000
    13  25.8120   1.5553   0.0000
    14  29.1882   1.6549   0.0000
    15  30.2745   1.7640   0.0000
    16  36.3640   1.9082   0.0000
    17  37.0568   1.6908   0.0000
    18  37.4921   2.0038   0.0000
    19  39.9832   1.6816   0.0000
    20  42.4938   1.7204   0.0000
    21  45.5806   1.8245   0.0000
    22  49.5961   1.9164   0.0000
    23  50.8240   1.9603   0.0000
    24  55.4998   2.0792   0.0000
    25  58.6454   2.0241   0.0000
    26  59.9542   2.0699   0.0000
    27  62.1232   2.1133   0.0000
    28  64.4740   2.0530   0.0000
    29  64.7964   2.0554   0.0000
    30  64.9007   2.0424   0.0000
    31  68.8607   2.0484   0.0000
    32  70.1362   2.0257   0.0000
    33  71.8485   2.0468   0.0000
    34  72.7586   2.1484   0.0000
    35  73.5264   2.0502   0.0000
    36  76.4718   1.9440   0.0000
    37  76.8720   2.0372   0.0000
    38  78.2380   2.1790   0.0000
    39  78.8717   2.0705   0.0000
    40  82.0693   2.1244   0.0000
    41  84.3550   2.1152   0.0000
    42  86.1086   2.2204   0.0000
    43  86.8947   2.2135   0.0000
    44  88.2347   2.2495   0.0000
    45  90.3940   2.2360   0.0000
    46  91.7108   1.9772   0.0000
    47  92.8727   2.0907   0.0000
    48  94.9882   2.3144   0.0000
    49  96.1285   2.1677   0.0000
    50  98.6771   2.0154   0.0000
    51 101.4013   2.2611   0.0000
    52 101.3954   2.0628   0.0000
    53 104.5595   2.3092   0.0000
    54 105.0474   2.2506   0.0000
    55 108.2901   2.3047   0.0000
    56 108.8300   2.3157   0.0000
    57 109.6098   2.3257   0.0000
    58 113.4503   2.3226   0.0000
    59 114.4766   2.0869   0.0000
    60 115.0085   2.1977   0.0000
  0.500000  0.125000  0.000000
  60
     1 -73.1577  -6.4546   0.0000
     2 -38.1637  -3.9419   0.0000
     3 -38.0912  -3.9470   0.0000
     4 -38.0866  -3.9475   0.0000
     5 -13.9869  -3.0588   0.0000
     6  -1.3082  -1.4383   0.0000
     7   2.0018  -1.4731   0.0000
     8   2.3712  -1.5053   0.0000
     9  14.3656   0.9772   0.0000
    10  18.3980   1.1187   0.0000
    11  21.1309   1.4445   0.0000
    12  23.0025   1.4817   0.0000
    13  27.3598   1.6182   0.0000
    14  29.7026   1.6857   0.0000
    15  29.9480   1.7470   0.0000
    16  36.4280   1.6737   0.0000
    17  37.1755   1.8121   0.0000
    18  37.3236   1.7087   0.0000
    19  40.4288   1.9909   0.0000
    20  42.1070   1.9097   0.0000
    21  48.7958   1.7228   0.0000
    22  52.3973   1.9154   0.0000
    23  53.0600   1.9491   0.0000
    24  53.6203   1.8071   0.0000
    25  56.5783   1.9234   0.0000
    26  59.2853   2.0321   0.0000
    27  59.7604   2.1509   0.0000
    28  60.7878   2.0010   0.0000
    29  62.2212   2.3037   0.0000
    30  65.2760   2.1183   0.0000
    31  65.3914   1.9695   0.0000
    32  68.4140   1.9853   0.0000
    33  69.8067   2.0115   0.0000
    34  72.2292   2.0861   0.0000
    35  74.0605   2.1792   0.0000
    36  76.4721   2.0279   0.0000
    37  76.8148   2.0582   0.0000
    38  77.7285   2.0521   0.0000
    39  79.0896   2.1857   0.0000
    40  80.4099   2.0919   0.0000
    41  83.5431   2.0857   0.0000
    42  86.2821   2.2916   0.0000
    43  89.9567   2.3901   0.0000
    44  89.9232   2.1884   0.0000
    45  92.1409   2.0286   0.0000
    46  93.7374   2.1279   0.0000
    47  95.3298   2.2457   0.0000
    48  98.5721   2.1064   0.0000
    49 100.8855   2.2630   0.0000
    50 101.2410   2.2485   0.0000
    51 101.6182   2.2683   0.0000
    52 102.1611   2.2199   0.0000
    53 106.2317   2.1835   0.0000
    54 107.3088   2.1498   0.0000
    55 108.4439   2.2352   0.0000
    56 108.4313   2.0877   0.0000
    57 111.6285   2.3022   0.0000
    58 112.6469   2.2818   0.0000
    59 113.7551   2.2360   0.0000
    60 115.5498   2.1469   0.0000
 -0.375000  0.125000  0.000000
  60
     1 -73.1582  -6.4546   0.0000
     2 -38.1593  -3.9423   0.0000
     3 -38.0937  -3.9470   0.0000
     4 -38.0833  -3.9476   0.0000
     5 -14.0623  -3.0535   0.0000
     6  -1.1209  -1.4365   0.0000
     7   1.9381  -1.4707   0.0000
     8   2.4862  -1.5059   0.0000
     9  14.3670   0.9671   0.0000
    10  18.2937   1.1107   0.0000
    11  21.2441   1.4458   0.0000
    12  23.0780   1.4901   0.0000
    13  27.8695   1.5902   0.0000
    14  28.2601   1.6441   0.0000
    15  29.9586   1.7633   0.0000
    16  36.6922   1.7178   0.0000
    17  37.2245   1.9148   0.0000
    18  38.2226   1.6721   0.0000
    19  39.2343   1.9411   0.0000
    20  43.2082   1.8905   0.0000
    21  46.7456   1.7050   0.0000
    22  50.1671   1.9018   0.0000
    23  53.4196   1.9418   0.0000
    24  55.4623   1.9074   0.0000
    25  58.2538   2.0347   0.0000
    26  58.6657   2.0878   0.0000
    27  60.2498   2.0177   0.0000
    28  61.7246   1.9835   0.0000
    29  63.6296   2.2465   0.0000
    30  64.7665   2.1212   0.0000
    31  65.0883   1.9690   0.0000
    32  68.2430   1.9818   0.0000
    33  70.1277   2.0411   0.0000
    34  72.2583   2.0744   0.0000
    35  73.7092   2.1684   0.0000
    36  76.8621   2.0702   0.0000
    37  76.9539   2.0652   0.0000
    38  79.1585   2.0645   0.0000
    39  79.7226   2.1266   0.0000
    40  80.2429   2.0931   0.0000
    41  82.2780   2.0267   0.0000
    42  86.7827   2.3374   0.0000
    43  88.7816   2.3196   0.0000
    44  89.5833   2.2141   0.0000
    45  91.5890   2.1572   0.0000
    46  93.9560   2.0901   0.0000
    47  94.3064   2.1251   0.0000
    48  97.5346   2.1327   0.0000
    49  98.8921   2.2161   0.0000
    50 100.4747   2.1860   0.0000
    51 101.8914   2.3553   0.0000
    52 104.8909   2.2827   0.0000
    53 105.6314   2.2214   0.0000
    54 106.7943   2.1701   0.0000
    55 107.9276   2.2253   0.0000
    56 109.7989   2.2173   0.0000
    57 110.5216   2.1616   0.0000
    58 111.6893   2.1446   0.0000
    59 114.1866   2.1259   0.0000
    60 115.2345   2.2287   0.0000
 -0.250000  0.125000  0.000000
  60
     1 -73.1610  -6.4542   0.0000
     2 -38.1346  -3.9443   0.0000
     3 -38.0915  -3.9478   0.0000
     4 -38.0789  -3.9483   0.0000
     5 -14.4959  -3.0280   0.0000
     6  -0.0330  -1.4238   0.0000
     7   2.1688  -1.4722   0.0000
     8   2.7368  -1.5049   0.0000
     9  13.8643   0.8874   0.0000
    10  17.9672   1.1213   0.0000
    11  21.8801   1.4494   0.0000
    12  23.5520   1.4832   0.0000
    13  25.4722   1.5247   0.0000
    14  27.9594   1.6223   0.0000
    15  30.3888   1.7832   0.0000
    16  35.3623   1.8748   0.0000
    17  36.9023   2.0246   0.0000
    18  37.3391   1.7122   0.0000
    19  39.7587   1.6857   0.0000
    20  43.2634   1.7520   0.0000
    21  45.9855   1.8148   0.0000
    22  48.4732   1.9279   0.0000
    23  51.1497   1.9489   0.0000
    24  54.2532   2.0856   0.0000
    25  59.1518   2.0304   0.0000
    26  61.3907   2.2238   0.0000
    27  63.0265   2.0544   0.0000
    28  65.0114   2.0702   0.0000
    29  66.1851   2.0337   0.0000
    30  67.0162   2.0207   0.0000
    31  68.7207   1.9845   0.0000
    32  70.8206   2.0998   0.0000
    33  71.8248   2.0170   0.0000
    34  72.4318   2.1141   0.0000
    35  73.7397   2.0742   0.0000
    36  76.7222   2.0337   0.0000
    37  77.1877   2.2167   0.0000
    38  80.2727   1.8678   0.0000
    39  81.0204   2.0821   0.0000
    40  81.7391   2.1645   0.0000
    41  82.5384   1.9601   0.0000
    42  84.1340   2.1549   0.0000
    43  85.6648   2.2376   0.0000
    44  87.7486   2.2083   0.0000
    45  88.3399   2.2830   0.0000
    46  91.9755   2.2548   0.0000
    47  92.6674   2.1020   0.0000
    48  96.2993   2.1066   0.0000
    49  97.0883   2.1637   0.0000
    50  97.3919   2.2332   0.0000
    51  98.3252   2.0495   0.0000
    52 102.7444   2.2799   0.0000
    53 103.5070   2.1332   0.0000
    54 105.1617   2.2151   0.0000
    55 106.9429   2.3076   0.0000
    56 106.8228   2.1053   0.0000
    57 109.4349   2.1953   0.0000
    58 111.3899   2.0442   0.0000
    59 112.1824   2.4553   0.0000
    60 113.0978   2.3069   0.0000
 -0.125000  0.125000  0.000000
  60
     1 -73.1645  -6.4537   0.0000
     2 -38.1054  -3.9469   0.0000
     3 -38.0844  -3.9488   0.0000
     4 -38.0759  -3.9490   0.0000
     5 -14.9843  -3.0087   0.0000
     6   1.3662  -1.4031   0.0000
     7   2.6446  -1.4852   0.0000
     8   2.9845  -1.5039   0.0000
     9  12.4774   0.7735   0.0000
    10  18.8301   1.2010   0.0000
    11  22.4240   1.4169   0.0000
    12  23.0538   1.3923   0.0000
    13  25.3549   1.5886   0.0000
    14  27.4247   1.6091   0.0000
    15  30.1540   1.6611   0.0000
    16  32.7739   1.8618   0.0000
    17  33.8112   1.7631   0.0000
    18  35.1729   1.9911   0.0000
    19  41.6278   1.7839   0.0000
    20  44.5445   1.8593   0.0000
    21  46.0480   1.8637   0.0000
    22  49.3482   1.9536   0.0000
    23  52.7261   2.0269   0.0000
    24  53.4020   1.9711   0.0000
    25  59.3594   1.9869   0.0000
    26  60.4015   2.1680   0.0000
    27  61.8059   2.0268   0.0000
    28  68.9775   2.1119   0.0000
    29  69.2787   2.2099   0.0000
    30  71.5288   2.1385   0.0000
    31  71.9116   2.0430   0.0000
    32  72.4329   2.2532   0.0000
    33  73.8424   2.0002   0.0000
    34  74.5169   2.0083   0.0000
    35  75.8181   2.0595   0.0000
    36  76.6963   2.0757   0.0000
    37  77.0185   2.0047   0.0000
    38  79.7243   2.0488   0.0000
    39  81.1861   2.1787   0.0000
    40  82.7122   1.8234   0.0000
    41  83.3540   2.2630   0.0000
    42  83.2504   2.1069   0.0000
    43  85.3905   1.8932   0.0000
    44  88.5735   2.2883   0.0000
    45  88.8230   2.0938   0.0000
    46  89.2615   2.0656   0.0000
    47  91.2016   2.2612   0.0000
    48  92.4867   2.4267   0.0000
    49  96.2755   2.0335   0.0000
    50  96.6778   2.1421   0.0000
    51  97.3373   1.9928   0.0000
    52  97.8720   2.0303   0.0000
    53 100.7181   2.1038   0.0000
    54 101.1068   2.1532   0.0000
    55 101.9757   2.0680   0.0000
    56 102.9908   2.3411   0.0000
    57 103.6069   2.3071   0.0000
    58 106.4736   2.2441   0.0000
    59 109.7634   1.9329   0.0000
    60 111.4520   2.2296   0.0000
  0.250000  0.250000  0.000000
  60
     1 -73.1615  -6.4541   0.0000
     2 -38.1173  -3.9451   0.0000
     3 -38.0906  -3.9482   0.0000
     4 -38.0906  -3.9482   0.0000
     5 -14.6166  -3.0207   0.0000
     6   0.5495  -1.4235   0.0000
     7   2.4124  -1.4977   0.0000
     8   2.4124  -1.4977   0.0000
     9  13.9085   0.8646   0.0000
    10  16.9875   1.1602   0.0000
    11  21.8167   1.4923   0.0000
    12  23.7948   1.4706   0.0000
    13  23.7948   1.4706   0.0000
    14  30.0452   1.6136   0.0000
    15  34.3646   1.9594   0.0000
    16  34.3646   1.9594   0.0000
    17  35.0237   1.9356   0.0000
    18  35.1352   1.4938   0.0000
    19  42.7356   1.7712   0.0000
    20  42.9408   1.7595   0.0000
    21  42.9408   1.7595   0.0000
    22  49.1712   1.8383   0.0000
    23  53.8312   2.0976   0.0000
    24  53.8312   2.0976   0.0000
    25  54.1731   2.0600   0.0000
    26  59.9613   2.0842   0.0000
    27  63.2103   2.1578   0.0000
    28  66.1566   2.0352   0.0000
    29  66.1566   2.0352   0.0000
    30  68.8902   2.0397   0.0000
    31  69.6884   1.7331   0.0000
    32  72.4200   2.2265   0.0000
    33  72.9125   2.2596   0.0000
    34  74.5890   2.1804   0.0000
    35  74.5890   2.1804   0.0000
    36  78.6308   2.0341   0.0000
    37  78.6308   2.0341   0.0000
    38  80.0191   2.0089   0.0000
    39  81.2783   2.0233   0.0000
    40  81.7996   2.0247   0.0000
    41  83.5991   2.0807   0.0000
    42  84.8329   2.1020   0.0000
    43  84.8329   2.1020   0.0000
    44  86.6069   1.9685   0.0000
    45  88.2444   2.2442   0.0000
    46  88.3552   2.1227   0.0000
    47  88.3552   2.1227   0.0000
    48  95.4169   2.4512   0.0000
    49  95.4169   2.4512   0.0000
    50  96.3264   2.2546   0.0000
    51  99.3146   2.3349   0.0000
    52 100.0124   1.9258   0.0000
    53 103.0364   2.0039   0.0000
    54 103.0364   2.0039   0.0000
    55 104.3922   1.9166   0.0000
    56 107.0075   2.2737   0.0000
    57 111.2229   2.2702   0.0000
    58 112.5206   2.3760   0.0000
    59 112.5206   2.3760   0.0000
    60 115.1164   2.2640   0.0000
  0.375000  0.250000  0.000000
  60
     1 -73.1586  -6.4544   0.0000
     2 -38.1368  -3.9436   0.0000
     3 -38.0971  -3.9472   0.0000
     4 -38.0950  -3.9475   0.0000
     5 -14.2354  -3.0381   0.0000
     6  -0.2628  -1.4474   0.0000
     7   1.9488  -1.4794   0.0000
     8   2.1814  -1.5016   0.0000
     9  15.0840   0.9882   0.0000
    10  16.4471   1.0967   0.0000
    11  20.3794   1.4145   0.0000
    12  24.1948   1.5187   0.0000
    13  24.7077   1.5400   0.0000
    14  30.8499   1.6659   0.0000
    15  34.3655   1.8587   0.0000
    16  34.8906   1.8819   0.0000
    17  36.7268   1.9552   0.0000
    18  38.8477   1.6253   0.0000
    19  40.6188   1.6853   0.0000
    20  42.1790   1.7188   0.0000
    21  45.5748   1.8062   0.0000
    22  47.9456   1.8313   0.0000
    23  50.7047   2.0174   0.0000
    24  53.8974   2.0954   0.0000
    25  57.5322   2.1097   0.0000
    26  59.1428   2.0130   0.0000
    27  61.8679   2.0119   0.0000
    28  62.1927   2.2052   0.0000
    29  62.6364   2.0542   0.0000
    30  66.2278   1.8174   0.0000
    31  67.8985   2.0167   0.0000
    32  70.6461   2.1755   0.0000
    33  71.8914   2.0257   0.0000
    34  73.1913   2.2354   0.0000
    35  75.1080   2.0173   0.0000
    36  76.2137   1.9696   0.0000
    37  79.1278   2.2041   0.0000
    38  79.0559   2.1126   0.0000
    39  79.8581   2.1170   0.0000
    40  81.5289   2.1203   0.0000
    41  83.9425   2.1239   0.0000
    42  86.8230   2.1468   0.0000
    43  87.5437   2.0990   0.0000
    44  88.0675   2.1551   0.0000
    45  89.9652   2.0617   0.0000
    46  90.1494   2.2255   0.0000
    47  92.4463   2.0344   0.0000
    48  95.5216   2.3220   0.0000
    49  95.8602   2.3887   0.0000
    50  99.1180   2.1284   0.0000
    51  99.7869   2.0297   0.0000
    52 102.6413   2.1796   0.0000
    53 103.6130   2.1492   0.0000
    54 106.5368   2.3496   0.0000
    55 108.9589   2.3455   0.0000
    56 109.6805   2.3672   0.0000
    57 111.0221   2.0931   0.0000
    58 112.5706   2.1857   0.0000
    59 114.7627   2.0002   0.0000
    60 116.2478   2.3394   0.0000
  0.500000  0.250000  0.000000
  60
     1 -73.1564  -6.4547   0.0000
     2 -38.1500  -3.9428   0.0000
     3 -38.1076  -3.9459   0.0000
     4 -38.0948  -3.9471   0.0000
     5 -13.9071  -3.0586   0.0000
     6  -0.7499  -1.4488   0.0000
     7   1.2194  -1.4527   0.0000
     8   2.1088  -1.5051   0.0000
     9  15.5306   1.0424   0.0000
    10  17.5085   1.0915   0.0000
    11  19.4674   1.3565   0.0000
    12  24.0467   1.5370   0.0000
    13  25.3384   1.5700   0.0000
    14  31.2419   1.6932   0.0000
    15  33.7422   1.8369   0.0000
    16  35.1992   1.8367   0.0000
    17  36.4119   1.7601   0.0000
    18  38.9934   1.6833   0.0000
    19  41.2926   1.8887   0.0000
    20  45.7221   1.9177   0.0000
    21  48.0353   1.7173   0.0000
    22  49.6278   1.8813   0.0000
    23  50.1461   1.8268   0.0000
    24  53.3177   1.8659   0.0000
    25  54.4889   2.0910   0.0000
    26  58.1957   1.9723   0.0000
    27  58.9744   1.8778   0.0000
    28  61.6568   2.1492   0.0000
    29  61.9984   2.1696   0.0000
    30  64.4335   2.2042   0.0000
    31  65.4031   1.9217   0.0000
    32  66.8358   2.0680   0.0000
    33  70.4749   2.1402   0.0000
    34  71.8242   2.1237   0.0000
    35  74.2609   2.1090   0.0000
    36  74.7467   1.9587   0.0000
    37  76.8151   2.0796   0.0000
    38  79.2549   2.0553   0.0000
    39  80.7859   2.1319   0.0000
    40  81.5098   2.2973   0.0000
    41  86.1691   2.2218   0.0000
    42  87.4871   2.1327   0.0000
    43  90.8568   2.1546   0.0000
    44  91.2460   2.3791   0.0000
    45  92.0889   2.2246   0.0000
    46  94.1503   2.0500   0.0000
    47  97.0079   2.1710   0.0000
    48  97.9381   2.0471   0.0000
    49  99.3239   2.0867   0.0000
    50 100.2150   2.0697   0.0000
    51 101.5233   2.2012   0.0000
    52 102.2646   2.1420   0.0000
    53 103.1152   2.2952   0.0000
    54 105.3680   2.2910   0.0000
    55 109.2359   2.2737   0.0000
    56 109.7688   2.2069   0.0000
    57 111.8634   2.3091   0.0000
    58 112.1228   2.2036   0.0000
    59 114.2259   2.1501   0.0000
    60 115.2203   2.3895   0.0000
 -0.375000  0.250000  0.000000
  60
     1 -73.1562  -6.4548   0.0000
     2 -38.1488  -3.9430   0.0000
     3 -38.1164  -3.9453   0.0000
     4 -38.0900  -3.9472   0.0000
     5 -13.8512  -3.0635   0.0000
     6  -0.6793  -1.4342   0.0000
     7   0.7433  -1.4483   0.0000
     8   2.2305  -1.5059   0.0000
     9  15.7650   1.0185   0.0000
    10  18.0759   1.0841   0.0000
    11  19.3585   1.3873   0.0000
    12  23.8601   1.5446   0.0000
    13  26.1497   1.5655   0.0000
    14  29.0691   1.5726   0.0000
    15  33.2319   1.8488   0.0000
    16  35.9552   1.8616   0.0000
    17  36.4090   1.8880   0.0000
    18  39.5494   1.7085   0.0000
    19  41.7395   1.8105   0.0000
    20  44.7908   1.9012   0.0000
    21  47.7715   1.8324   0.0000
    22  50.8282   1.7180   0.0000
    23  52.9885   1.9989   0.0000
    24  54.5122   1.9066   0.0000
    25  54.8706   1.8390   0.0000
    26  56.6264   1.9465   0.0000
    27  57.1476   1.9645   0.0000
    28  60.6625   2.1130   0.0000
    29  63.3251   2.1197   0.0000
    30  63.2586   2.0042   0.0000
    31  65.0369   2.2631   0.0000
    32  66.2575   2.0446   0.0000
    33  69.1036   2.0526   0.0000
    34  69.5171   2.1474   0.0000
    35  75.1753   2.1080   0.0000
    36  75.9870   2.2277   0.0000
    37  76.3298   1.9754   0.0000
    38  77.8963   1.9791   0.0000
    39  82.3506   2.0776   0.0000
    40  83.6756   2.3498   0.0000
    41  85.5488   2.2063   0.0000
    42  85.7308   2.1816   0.0000
    43  91.0465   2.2391   0.0000
    44  92.9021   2.2565   0.0000
    45  93.7323   2.2250   0.0000
    46  94.8374   2.1408   0.0000
    47  97.9080   2.2511   0.0000
    48  98.0889   2.0249   0.0000
    49  99.3893   2.0861   0.0000
    50 100.7034   2.1024   0.0000
    51 102.4136   2.2266   0.0000
    52 102.7547   2.2466   0.0000
    53 105.3970   2.0946   0.0000
    54 106.3446   2.1199   0.0000
    55 107.7641   2.2318   0.0000
    56 108.8163   2.1052   0.0000
    57 109.5853   2.1638   0.0000
    58 111.1139   2.3006   0.0000
    59 111.7610   2.2704   0.0000
    60 115.1094   2.3735   0.0000
 -0.250000  0.250000  0.000000
  60
     1 -73.1581  -6.4545   0.0000
     2 -38.1418  -3.9435   0.0000
     3 -38.1104  -3.9461   0.0000
     4 -38.0834  -3.9477   0.0000
     5 -14.1069  -3.0477   0.0000
     6  -0.3884  -1.4296   0.0000
     7   1.1347  -1.4493   0.0000
     8   2.4872  -1.5054   0.0000
     9  15.3403   0.9597   0.0000
    10  17.6273   1.0771   0.0000
    11  20.3107   1.4292   0.0000
    12  23.9274   1.5561   0.0000
    13  26.3527   1.4822   0.0000
    14  27.6364   1.6125   0.0000
    15  32.6543   1.8598   0.0000
    16  35.7601   1.8622   0.0000
    17  37.0719   1.9918   0.0000
    18  38.1135   1.6711   0.0000
    19  41.0597   1.7569   0.0000
    20  45.7957   1.8539   0.0000
    21  45.7196   1.6872   0.0000
    22  48.2583   1.9048   0.0000
    23  49.5774   1.8787   0.0000
    24  56.9268   2.1060   0.0000
    25  57.1296   2.0747   0.0000
    26  60.1687   2.1058   0.0000
    27  61.3088   1.8764   0.0000
    28  62.6890   2.0157   0.0000
    29  62.7797   2.0299   0.0000
    30  64.0737   2.0107   0.0000
    31  65.6570   2.0889   0.0000
    32  68.2886   2.0848   0.0000
    33  69.2343   2.1578   0.0000
    34  69.8824   2.0130   0.0000
    35  75.4283   2.2518   0.0000
    36  76.5994   2.1824   0.0000
    37  77.3967   1.8466   0.0000
    38  78.6563   1.9525   0.0000
    39  82.6069   2.2232   0.0000
    40  83.4596   1.9862   0.0000
    41  84.2850   2.2851   0.0000
    42  84.8842   2.3226   0.0000
    43  85.5692   2.1589   0.0000
    44  91.3030   2.3128   0.0000
    45  91.7351   2.1086   0.0000
    46  92.4622   2.1133   0.0000
    47  96.4197   2.2959   0.0000
    48  97.5029   2.2104   0.0000
    49  99.1379   2.0551   0.0000
    50  99.9263   2.0237   0.0000
    51 100.0601   2.1129   0.0000
    52 102.8484   2.2950   0.0000
    53 102.9232   2.2656   0.0000
    54 107.8487   2.1118   0.0000
    55 108.1406   2.2487   0.0000
    56 109.3661   2.2393   0.0000
    57 109.5076   2.1426   0.0000
    58 111.8667   2.4014   0.0000
    59 112.5170   2.0961   0.0000
    60 113.3083   2.1002   0.0000
  0.375000  0.375000  0.000000
  60
     1 -73.1567  -6.4546   0.0000
     2 -38.1445  -3.9427   0.0000
     3 -38.1017  -3.9471   0.0000
     4 -38.1017  -3.9471   0.0000
     5 -14.0227  -3.0480   0.0000
     6  -0.6563  -1.4716   0.0000
     7   1.9443  -1.5047   0.0000
     8   1.9443  -1.5047   0.0000
     9  15.3589   1.0997   0.0000
    10  15.7416   1.1397   0.0000
    11  19.5242   1.2938   0.0000
    12  25.0135   1.5803   0.0000
    13  25.0135   1.5803   0.0000
    14  32.2632   1.6819   0.0000
    15  33.5790   1.8119   0.0000
    16  37.3406   1.9286   0.0000
    17  37.3406   1.9286   0.0000
    18  41.9448   1.6716   0.0000
    19  41.9448   1.6716   0.0000
    20  42.1724   1.5722   0.0000
    21  43.7138   1.7542   0.0000
    22  44.6811   1.8748   0.0000
    23  51.9304   2.0977   0.0000
    24  51.9304   2.0977   0.0000
    25  58.7971   2.0341   0.0000
    26  58.7971   2.0341   0.0000
    27  59.4053   1.7838   0.0000
    28  59.9566   2.1617   0.0000
    29  60.8313   2.1206   0.0000
    30  61.7437   2.0227   0.0000
    31  69.9398   2.1388   0.0000
    32  71.4033   2.2038   0.0000
    33  72.3826   2.2702   0.0000
    34  73.9637   1.8972   0.0000
    35  73.9637   1.8972   0.0000
    36  76.4174   2.0358   0.0000
    37  79.1004   1.9257   0.0000
    38  79.3360   2.0326   0.0000
    39  82.3158   2.4407   0.0000
    40  82.3158   2.4407   0.0000
    41  83.3219   2.0725   0.0000
    42  83.3219   2.0725   0.0000
    43  84.7877   2.0606   0.0000
    44  85.0190   1.9539   0.0000
    45  92.4153   2.1436   0.0000
    46  92.4153   2.1436   0.0000
    47  94.8213   2.1400   0.0000
    48  98.0856   2.3878   0.0000
    49  98.0856   2.3878   0.0000
    50  99.3875   2.1678   0.0000
    51 102.7248   2.2863   0.0000
    52 106.5953   1.9560   0.0000
    53 108.2044   2.3664   0.0000
    54 108.2044   2.3664   0.0000
    55 108.4618   2.2916   0.0000
    56 110.1542   2.0138   0.0000
    57 110.1542   2.0138   0.0000
    58 111.4099   1.9406   0.0000
    59 114.2881   2.4878   0.0000
    60 117.2328   2.3286   0.0000
  0.500000  0.375000  0.000000
  60
     1 -73.1552  -6.4548   0.0000
     2 -38.1498  -3.9424   0.0000
     3 -38.1105  -3.9462   0.0000
     4 -38.1030  -3.9468   0.0000
     5 -13.8170  -3.0607   0.0000
     6  -0.8385  -1.4793   0.0000
     7   1.4037  -1.4731   0.0000
     8   1.8627  -1.5074   0.0000
     9  15.3374   1.0808   0.0000
    10  16.5669   1.2533   0.0000
    11  18.9965   1.1788   0.0000
    12  25.0862   1.6024   0.0000
    13  25.1197   1.5973   0.0000
    14  33.3584   1.7897   0.0000
    15  33.3625   1.7296   0.0000
    16  36.0293   1.7437   0.0000
    17  36.9541   1.8619   0.0000
    18  42.0388   1.6840   0.0000
    19  42.6398   1.8624   0.0000
    20  45.3608   1.6874   0.0000
    21  47.1063   1.9113   0.0000
    22  47.6350   1.6640   0.0000
    23  48.3786   1.9809   0.0000
    24  50.5187   2.0606   0.0000
    25  53.9097   1.9005   0.0000
    26  56.9559   2.0629   0.0000
    27  57.2814   1.8169   0.0000
    28  60.0532   2.1308   0.0000
    29  63.2627   2.1915   0.0000
    30  64.0064   2.1432   0.0000
    31  66.6075   1.9774   0.0000
    32  70.0071   2.1709   0.0000
    33  70.5243   2.3695   0.0000
    34  72.2916   2.1151   0.0000
    35  73.6650   1.8496   0.0000
    36  75.3250   1.9439   0.0000
    37  75.8288   1.9595   0.0000
    38  78.2692   2.0273   0.0000
    39  81.8352   2.1629   0.0000
    40  83.4807   2.5145   0.0000
    41  83.9180   2.2131   0.0000
    42  86.4989   2.0607   0.0000
    43  87.2542   2.1095   0.0000
    44  91.3331   2.0458   0.0000
    45  94.1981   2.1396   0.0000
    46  94.7582   2.1817   0.0000
    47  96.8720   2.3219   0.0000
    48  97.8326   2.1417   0.0000
    49  99.3951   2.2578   0.0000
    50 102.6333   2.2514   0.0000
    51 103.5040   2.2448   0.0000
    52 104.8526   2.2723   0.0000
    53 106.1834   2.0855   0.0000
    54 107.1606   2.0724   0.0000
    55 108.9587   2.2561   0.0000
    56 110.0015   2.3041   0.0000
    57 110.9220   2.1889   0.0000
    58 113.7234   2.3890   0.0000
    59 114.0271   2.3189   0.0000
    60 115.7477   2.0788   0.0000
 -0.375000  0.375000  0.000000
  60
     1 -73.1550  -6.4548   0.0000
     2 -38.1410  -3.9432   0.0000
     3 -38.1272  -3.9447   0.0000
     4 -38.0981  -3.9468   0.0000
     5 -13.7465  -3.0671   0.0000
     6  -0.4355  -1.4688   0.0000
     7   0.4081  -1.4330   0.0000
     8   1.9763  -1.5071   0.0000
     9  15.9048   1.0922   0.0000
    10  17.9400   1.2958   0.0000
    11  18.4573   1.0971   0.0000
    12  24.5918   1.5855   0.0000
    13  24.8532   1.5592   0.0000
    14  31.7706   1.6089   0.0000
    15  34.4319   1.8376   0.0000
    16  35.2695   1.8348   0.0000
    17  35.6016   1.8713   0.0000
    18  42.4960   1.6908   0.0000
    19  43.5558   1.8534   0.0000
    20  45.0112   1.8769   0.0000
    21  48.5821   1.8511   0.0000
    22  49.6933   1.7384   0.0000
    23  50.3017   2.0605   0.0000
    24  50.4118   1.8822   0.0000
    25  55.5925   1.7846   0.0000
    26  56.1480   2.0497   0.0000
    27  55.9026   1.7916   0.0000
    28  58.8915   1.8403   0.0000
    29  61.8914   2.1683   0.0000
    30  64.0407   2.2735   0.0000
    31  66.4302   2.0694   0.0000
    32  66.8653   2.1563   0.0000
    33  68.6596   2.4902   0.0000
    34  71.0729   1.9427   0.0000
    35  74.2296   1.8342   0.0000
    36  74.7338   2.1859   0.0000
    37  75.5126   1.9310   0.0000
    38  76.1221   2.1469   0.0000
    39  84.0499   2.2771   0.0000
    40  84.3557   2.4927   0.0000
    41  85.2991   2.0506   0.0000
    42  91.4707   1.9670   0.0000
    43  92.3743   2.1829   0.0000
    44  93.4917   2.1666   0.0000
    45  94.2075   2.3245   0.0000
    46  95.8390   2.2015   0.0000
    47  96.9129   2.0833   0.0000
    48  97.2585   2.1539   0.0000
    49  98.0616   2.2840   0.0000
    50  99.5985   2.0467   0.0000
    51 101.7575   2.2306   0.0000
    52 104.9160   2.1797   0.0000
    53 105.1249   2.2089   0.0000
    54 105.4385   2.1017   0.0000
    55 106.5284   2.0139   0.0000
    56 110.0750   2.2914   0.0000
    57 110.7167   2.2494   0.0000
    58 112.5719   2.2968   0.0000
    59 113.3618   2.3810   0.0000
    60 114.2233   2.2634   0.0000
  0.500000  0.500000  0.000000
  60
     1 -73.1547  -6.4548   0.0000
     2 -38.1551  -3.9419   0.0000
     3 -38.1063  -3.9466   0.0000
     4 -38.1063  -3.9466   0.0000
     5 -13.7764  -3.0623   0.0000
     6  -1.0638  -1.4907   0.0000
     7   1.7651  -1.5088   0.0000
     8   1.7651  -1.5088   0.0000
     9  14.8103   1.0785   0.0000
    10  16.1551   1.3292   0.0000
    11  19.1059   1.1434   0.0000
    12  25.5242   1.6325   0.0000
    13  25.5242   1.6325   0.0000
    14  32.5083   1.7486   0.0000
    15  33.8166   1.7424   0.0000
    16  37.8777   1.8042   0.0000
    17  37.8777   1.8042   0.0000
    18  41.0803   1.6890   0.0000
    19  44.3426   1.7215   0.0000
    20  44.3426   1.7215   0.0000
    21  46.1343   1.9505   0.0000
    22  48.6333   2.0570   0.0000
    23  48.6333   2.0570   0.0000
    24  49.9634   1.6055   0.0000
    25  50.6480   1.6795   0.0000
    26  56.6735   2.1007   0.0000
    27  56.6735   2.1007   0.0000
    28  58.5659   2.0992   0.0000
    29  62.5751   2.1352   0.0000
    30  66.4392   2.1223   0.0000
    31  69.1326   2.5535   0.0000
    32  71.0291   2.1965   0.0000
    33  71.6051   2.0578   0.0000
    34  73.1586   1.8324   0.0000
    35  73.1586   1.8324   0.0000
    36  74.5015   1.9968   0.0000
    37  74.4490   1.8765   0.0000
    38  78.5418   1.9224   0.0000
    39  82.8064   2.0671   0.0000
    40  82.8064   2.0671   0.0000
    41  83.6996   2.5715   0.0000
    42  83.6996   2.5715   0.0000
    43  84.4860   1.9498   0.0000
    44  87.9095   2.0919   0.0000
    45  95.9047   2.0823   0.0000
    46  97.4520   2.2326   0.0000
    47  97.4520   2.2326   0.0000
    48 100.5689   2.2151   0.0000
    49 100.5689   2.2151   0.0000
    50 104.2699   2.2467   0.0000
    51 104.2699   2.2467   0.0000
    52 106.3726   2.1406   0.0000
    53 107.3115   2.3302   0.0000
    54 108.7336   2.2181   0.0000
    55 110.1077   2.1795   0.0000
    56 110.8780   2.4873   0.0000
    57 110.8780   2.4873   0.0000
    58 111.4993   2.3994   0.0000
    59 113.2591   1.8532   0.0000
    60 115.7872   2.1703   0.0000
  0.375000  0.250000  0.125000
  60
     1 -73.1605  -6.4542   0.0000
     2 -38.1293  -3.9445   0.0000
     3 -38.0963  -3.9476   0.0000
     4 -38.0840  -3.9480   0.0000
     5 -14.4585  -3.0285   0.0000
     6   0.1373  -1.4278   0.0000
     7   1.9999  -1.4714   0.0000
     8   2.5359  -1.4986   0.0000
     9  14.3390   0.8891   0.0000
    10  17.3119   1.1201   0.0000
    11  21.3734   1.4596   0.0000
    12  23.9353   1.5242   0.0000
    13  24.4422   1.4702   0.0000
    14  29.1094   1.6430   0.0000
    15  32.6945   1.8170   0.0000
    16  34.6368   1.8758   0.0000
    17  36.1052   1.9590   0.0000
    18  38.1245   1.6906   0.0000
    19  39.6749   1.7150   0.0000
    20  43.4290   1.7424   0.0000
    21  45.3593   1.8163   0.0000
    22  49.1151   1.9213   0.0000
    23  51.3531   1.9840   0.0000
    24  53.8138   1.9865   0.0000
    25  56.3475   2.0952   0.0000
    26  61.1763   2.1923   0.0000
    27  62.9405   2.1318   0.0000
    28  64.7321   1.9784   0.0000
    29  65.0953   2.0413   0.0000
    30  67.5508   2.0868   0.0000
    31  70.9500   1.9454   0.0000
    32  71.3703   2.2070   0.0000
    33  72.1146   2.1264   0.0000
    34  72.3196   1.9019   0.0000
    35  73.7191   1.8880   0.0000
    36  74.9640   2.0860   0.0000
    37  76.6855   2.1365   0.0000
    38  77.7677   2.2270   0.0000
    39  82.7399   2.0256   0.0000
    40  82.9919   2.1082   0.0000
    41  84.5593   2.2212   0.0000
    42  85.9393   2.2585   0.0000
    43  86.7486   2.1201   0.0000
    44  87.5620   2.0140   0.0000
    45  87.9471   2.1150   0.0000
    46  90.9457   2.2023   0.0000
    47  92.3142   2.0488   0.0000
    48  94.4992   2.2054   0.0000
    49  96.0425   2.3250   0.0000
    50  96.4845   2.2704   0.0000
    51  97.7579   2.0702   0.0000
    52 102.8869   2.2664   0.0000
    53 103.6178   1.9875   0.0000
    54 105.0717   2.1392   0.0000
    55 107.5693   2.1534   0.0000
    56 108.3239   2.2096   0.0000
    57 108.6742   2.2870   0.0000
    58 111.9699   2.3560   0.0000
    59 112.9143   2.4489   0.0000
    60 115.2803   2.3518   0.0000
  0.500000  0.250000  0.125000
  60
     1 -73.1576  -6.4546   0.0000
     2 -38.1471  -3.9431   0.0000
     3 -38.1048  -3.9464   0.0000
     4 -38.0885  -3.9474   0.0000
     5 -14.0484  -3.0509   0.0000
     6  -0.6199  -1.4382   0.0000
     7   1.4131  -1.4568   0.0000
     8   2.2718  -1.4969   0.0000
     9  15.3434   0.9803   0.0000
    10  17.5198   1.0756   0.0000
    11  20.1760   1.4249   0.0000
    12  23.5249   1.5186   0.0000
    13  26.1536   1.5464   0.0000
    14  29.1101   1.6588   0.0000
    15  32.9410   1.8130   0.0000
    16  36.1263   1.9131   0.0000
    17  36.4790   1.8182   0.0000
    18  39.0615   1.7359   0.0000
    19  39.8429   1.7682   0.0000
    20  45.5128   1.7725   0.0000
    21  47.0316   1.8754   0.0000
    22  47.2380   1.8094   0.0000
    23  51.6589   1.9415   0.0000
    24  55.3445   2.0040   0.0000
    25  56.6871   1.9522   0.0000
    26  58.2940   2.0394   0.0000
    27  60.3658   2.0198   0.0000
    28  61.8928   2.0385   0.0000
    29  64.2139   2.1652   0.0000
    30  64.5330   2.1489   0.0000
    31  65.4003   2.0073   0.0000
    32  69.0036   1.9884   0.0000
    33  69.4685   2.0315   0.0000
    34  71.3035   2.0695   0.0000
    35  72.2615   2.0048   0.0000
    36  75.2742   2.1383   0.0000
    37  76.9360   2.1804   0.0000
    38  80.5645   2.0855   0.0000
    39  81.1759   2.1920   0.0000
    40  84.8136   2.2282   0.0000
    41  85.5681   2.2082   0.0000
    42  86.0464   2.0595   0.0000
    43  87.9695   2.1596   0.0000
    44  89.4151   2.1740   0.0000
    45  90.7864   2.1378   0.0000
    46  92.2769   2.1499   0.0000
    47  94.3359   2.1876   0.0000
    48  97.8904   2.1522   0.0000
    49  98.6281   2.2101   0.0000
    50 100.7810   2.2528   0.0000
    51 102.0171   2.0683   0.0000
    52 103.8595   2.1785   0.0000
    53 104.3586   2.2464   0.0000
    54 105.1181   2.1737   0.0000
    55 106.9199   2.1914   0.0000
    56 108.9078   2.2611   0.0000
    57 110.6431   2.3001   0.0000
    58 112.7830   2.2374   0.0000
    59 113.8605   2.2197   0.0000
    60 116.3524   2.1599   0.0000
 -0.375000  0.250000  0.125000
  60
     1 -73.1564  -6.4547   0.0000
     2 -38.1550  -3.9425   0.0000
     3 -38.1069  -3.9459   0.0000
     4 -38.0913  -3.9471   0.0000
     5 -13.8670  -3.0635   0.0000
     6  -0.9425  -1.4371   0.0000
     7   1.2011  -1.4542   0.0000
     8   2.1470  -1.4967   0.0000
     9  15.4765   0.9951   0.0000
    10  18.1473   1.0937   0.0000
    11  19.7261   1.4100   0.0000
    12  23.2690   1.5096   0.0000
    13  27.0982   1.5600   0.0000
    14  28.7450   1.6802   0.0000
    15  33.0848   1.8062   0.0000
    16  35.8629   1.8219   0.0000
    17  36.6646   1.8382   0.0000
    18  38.4174   1.6736   0.0000
    19  42.4370   1.9275   0.0000
    20  42.9721   1.8683   0.0000
    21  50.2937   1.8985   0.0000
    22  50.6491   1.7500   0.0000
    23  52.4786   1.7807   0.0000
    24  53.6065   1.8500   0.0000
    25  55.3167   2.0658   0.0000
    26  56.2564   1.9459   0.0000
    27  59.1481   1.9464   0.0000
    28  60.7283   1.9706   0.0000
    29  62.1440   2.1492   0.0000
    30  63.3139   2.2532   0.0000
    31  64.7773   2.1794   0.0000
    32  68.2984   2.0191   0.0000
    33  68.7084   2.0333   0.0000
    34  70.8133   2.0562   0.0000
    35  72.3081   2.0476   0.0000
    36  74.6507   2.1209   0.0000
    37  78.0975   2.1967   0.0000
    38  79.3377   2.0877   0.0000
    39  82.5572   2.2255   0.0000
    40  83.3797   2.2218   0.0000
    41  85.5327   2.0709   0.0000
    42  85.7120   2.0874   0.0000
    43  89.0364   2.1880   0.0000
    44  90.9025   2.1921   0.0000
    45  93.1693   2.2615   0.0000
    46  95.9081   2.2689   0.0000
    47  96.6083   2.2740   0.0000
    48  98.4867   2.1179   0.0000
    49  99.8659   2.1124   0.0000
    50 101.1658   2.1250   0.0000
    51 103.9057   2.2309   0.0000
    52 103.7813   2.0050   0.0000
    53 105.5266   2.1719   0.0000
    54 106.4847   2.2359   0.0000
    55 107.6787   2.2004   0.0000
    56 107.6708   2.1799   0.0000
    57 111.1879   2.3019   0.0000
    58 111.2315   2.2474   0.0000
    59 112.4108   2.1180   0.0000
    60 112.5759   2.1619   0.0000
  0.500000  0.375000  0.125000
  60
     1 -73.1564  -6.4547   0.0000
     2 -38.1443  -3.9430   0.0000
     3 -38.1084  -3.9464   0.0000
     4 -38.0990  -3.9469   0.0000
     5 -13.9467  -3.0539   0.0000
     6  -0.5790  -1.4606   0.0000
     7   1.4353  -1.4707   0.0000
     8   1.8895  -1.4872   0.0000
     9  16.1374   1.0638   0.0000
    10  16.2962   1.0984   0.0000
    11  19.3228   1.3226   0.0000
    12  23.9318   1.5407   0.0000
    13  25.6977   1.5903   0.0000
    14  31.2121   1.6831   0.0000
    15  34.5835   1.8524   0.0000
    16  35.7471   1.8109   0.0000
    17  36.7180   1.9019   0.0000
    18  40.6291   1.7827   0.0000
    19  40.5222   1.6159   0.0000
    20  45.0852   1.8535   0.0000
    21  45.7132   1.6796   0.0000
    22  49.4647   1.8490   0.0000
    23  50.1937   2.0028   0.0000
    24  51.1827   2.0260   0.0000
    25  55.4924   1.9304   0.0000
    26  57.1759   1.9580   0.0000
    27  60.9915   2.1741   0.0000
    28  62.0004   2.1534   0.0000
    29  62.7975   1.8023   0.0000
    30  63.5631   2.2083   0.0000
    31  66.9273   2.0718   0.0000
    32  67.9160   1.9223   0.0000
    33  69.9494   2.1566   0.0000
    34  71.0841   1.9355   0.0000
    35  72.7375   2.2275   0.0000
    36  73.5652   2.1444   0.0000
    37  79.6803   2.2526   0.0000
    38  81.0896   2.1381   0.0000
    39  83.3099   2.1458   0.0000
    40  84.5794   1.9648   0.0000
    41  85.2313   2.1199   0.0000
    42  85.3056   2.1605   0.0000
    43  86.5626   2.1561   0.0000
    44  89.8179   2.1397   0.0000
    45  91.6471   2.1072   0.0000
    46  92.7520   2.3416   0.0000
    47  96.2279   2.0417   0.0000
    48  97.2807   2.2690   0.0000
    49  99.3832   2.1093   0.0000
    50  99.6193   2.1698   0.0000
    51  99.8735   2.2110   0.0000
    52 103.0713   2.2423   0.0000
    53 105.4364   2.2888   0.0000
    54 106.7751   2.3013   0.0000
    55 108.6488   2.2974   0.0000
    56 110.2723   1.9568   0.0000
    57 113.5423   2.4028   0.0000
    58 114.2604   2.1389   0.0000
    59 115.5988   2.2745   0.0000
    60 115.7200   2.0738   0.0000
 -0.375000  0.375000  0.125000
  60
     1 -73.1552  -6.4548   0.0000
     2 -38.1424  -3.9433   0.0000
     3 -38.1210  -3.9450   0.0000
     4 -38.1010  -3.9466   0.0000
     5 -13.7660  -3.0661   0.0000
     6  -0.4379  -1.4554   0.0000
     7   0.6279  -1.4495   0.0000
     8   1.7551  -1.4813   0.0000
     9  16.4077   1.0595   0.0000
    10  17.7243   1.1403   0.0000
    11  18.6063   1.2723   0.0000
    12  23.0498   1.5084   0.0000
    13  26.6220   1.6193   0.0000
    14  30.1889   1.6628   0.0000
    15  34.2863   1.8054   0.0000
    16  35.7269   1.8712   0.0000
    17  36.9636   1.8674   0.0000
    18  40.4306   1.6301   0.0000
    19  43.4678   1.8818   0.0000
    20  45.7697   1.8904   0.0000
    21  47.4335   1.8208   0.0000
    22  48.9520   1.8250   0.0000
    23  50.7255   2.0134   0.0000
    24  53.2278   1.8507   0.0000
    25  53.9063   1.8404   0.0000
    26  55.4527   1.9245   0.0000
    27  59.1423   1.8383   0.0000
    28  60.5482   1.9100   0.0000
    29  62.9522   2.1595   0.0000
    30  63.6989   2.1132   0.0000
    31  64.3990   2.1441   0.0000
    32  65.8761   2.1838   0.0000
    33  67.4683   2.0155   0.0000
    34  69.5791   2.1495   0.0000
    35  70.7974   2.2440   0.0000
    36  74.1717   2.1748   0.0000
    37  79.3884   2.0839   0.0000
    38  81.5807   2.0940   0.0000
    39  83.8582   2.0475   0.0000
    40  84.6097   2.2813   0.0000
    41  86.4319   2.2068   0.0000
    42  90.4228   2.2562   0.0000
    43  90.7734   2.1158   0.0000
    44  91.7740   2.1250   0.0000
    45  93.4634   2.2059   0.0000
    46  93.4913   2.0606   0.0000
    47  96.5756   2.1876   0.0000
    48  97.2430   2.1413   0.0000
    49  98.8101   2.2228   0.0000
    50  99.5658   2.1613   0.0000
    51 102.6643   2.1835   0.0000
    52 103.3420   2.0643   0.0000
    53 105.0378   2.1982   0.0000
    54 106.6361   2.1868   0.0000
    55 107.6662   2.2724   0.0000
    56 109.0153   2.2507   0.0000
    57 111.0654   2.2874   0.0000
    58 113.6830   2.2878   0.0000
    59 114.3652   2.3572   0.0000
    60 114.4767   2.2293   0.0000
 -0.250000  0.375000  0.125000
  60
     1 -73.1557  -6.4548   0.0000
     2 -38.1397  -3.9436   0.0000
     3 -38.1246  -3.9448   0.0000
     4 -38.0955  -3.9468   0.0000
     5 -13.8104  -3.0643   0.0000
     6  -0.2925  -1.4360   0.0000
     7   0.4047  -1.4532   0.0000
     8   1.9500  -1.4869   0.0000
     9  16.6092   1.0328   0.0000
    10  17.5615   1.0591   0.0000
    11  18.9756   1.3820   0.0000
    12  23.0722   1.5073   0.0000
    13  27.5552   1.6154   0.0000
    14  28.0682   1.5984   0.0000
    15  34.9821   1.8407   0.0000
    16  35.5690   1.8616   0.0000
    17  36.2540   1.8964   0.0000
    18  41.1257   1.8023   0.0000
    19  41.1935   1.6701   0.0000
    20  46.3864   1.8471   0.0000
    21  47.0982   1.9202   0.0000
    22  49.9305   1.7256   0.0000
    23  50.3504   1.9936   0.0000
    24  53.6231   1.8534   0.0000
    25  55.0760   1.9983   0.0000
    26  58.1430   1.8975   0.0000
    27  59.3971   1.9549   0.0000
    28  60.2732   1.9312   0.0000
    29  60.6004   1.8660   0.0000
    30  64.0568   2.2255   0.0000
    31  64.2047   2.1986   0.0000
    32  67.3097   2.1364   0.0000
    33  67.6096   2.2660   0.0000
    34  68.7444   1.9180   0.0000
    35  70.8802   2.1521   0.0000
    36  74.6844   2.2339   0.0000
    37  78.1041   2.1237   0.0000
    38  82.3940   2.0174   0.0000
    39  84.6421   2.3036   0.0000
    40  85.2619   1.9413   0.0000
    41  85.9235   2.3000   0.0000
    42  88.3556   2.3191   0.0000
    43  89.9820   2.1434   0.0000
    44  92.4348   2.1245   0.0000
    45  93.0191   2.1285   0.0000
    46  94.5822   2.1226   0.0000
    47  95.0998   2.1328   0.0000
    48  97.6971   2.1627   0.0000
    49  98.6680   2.1834   0.0000
    50  98.9428   2.1598   0.0000
    51 101.7390   2.1574   0.0000
    52 102.1907   2.2345   0.0000
    53 106.6341   2.3246   0.0000
    54 108.0537   2.1526   0.0000
    55 108.8488   2.2160   0.0000
    56 110.9217   2.1038   0.0000
    57 111.1649   2.1370   0.0000
    58 111.8922   2.3199   0.0000
    59 112.7408   2.2182   0.0000
    60 113.8408   2.2803   0.0000
 -0.375000  0.500000  0.125000
  60
     1 -73.1547  -6.4548   0.0000
     2 -38.1479  -3.9426   0.0000
     3 -38.1134  -3.9459   0.0000
     4 -38.1073  -3.9464   0.0000
     5 -13.7422  -3.0657   0.0000
     6  -0.7439  -1.4788   0.0000
     7   1.2203  -1.4724   0.0000
     8   1.5657  -1.4765   0.0000
     9  15.7168   1.0439   0.0000
    10  17.0509   1.3294   0.0000
    11  18.7153   1.1145   0.0000
    12  23.8315   1.5494   0.0000
    13  26.1973   1.6463   0.0000
    14  33.0770   1.6986   0.0000
    15  33.1534   1.7659   0.0000
    16  34.8630   1.8200   0.0000
    17  38.2972   1.8441   0.0000
    18  42.7534   1.6371   0.0000
    19  43.4387   1.8461   0.0000
    20  45.8461   1.8046   0.0000
    21  46.5846   1.8822   0.0000
    22  47.7547   2.0084   0.0000
    23  49.8084   1.8548   0.0000
    24  50.8949   1.8957   0.0000
    25  53.4055   1.7386   0.0000
    26  54.9029   2.0004   0.0000
    27  56.3435   1.8729   0.0000
    28  60.3683   2.1688   0.0000
    29  64.4429   2.2857   0.0000
    30  65.7855   1.8590   0.0000
    31  66.5079   2.1644   0.0000
    32  66.6108   1.8638   0.0000
    33  68.9240   2.4915   0.0000
    34  69.4376   2.1754   0.0000
    35  70.5777   1.9359   0.0000
    36  73.2382   2.1286   0.0000
    37  81.2655   2.0108   0.0000
    38  81.4787   1.9323   0.0000
    39  82.7047   2.3844   0.0000
    40  82.9148   1.9662   0.0000
    41  85.4634   2.4701   0.0000
    42  86.0396   2.1380   0.0000
    43  87.1503   2.0156   0.0000
    44  94.1616   2.2286   0.0000
    45  95.1203   2.1822   0.0000
    46  96.7280   2.3407   0.0000
    47  96.6270   2.1085   0.0000
    48  97.3743   2.0615   0.0000
    49 100.3546   2.1978   0.0000
    50 101.0820   2.2232   0.0000
    51 102.6346   2.1676   0.0000
    52 103.6303   2.2474   0.0000
    53 106.1010   1.9663   0.0000
    54 107.4027   2.1487   0.0000
    55 108.7822   2.2583   0.0000
    56 109.6551   2.2773   0.0000
    57 110.7302   2.3934   0.0000
    58 110.9573   2.4554   0.0000
    59 113.5374   2.2118   0.0000
    60 113.8448   2.3152   0.0000
 -0.250000  0.500000  0.250000
  60
     1 -73.1547  -6.4549   0.0000
     2 -38.1305  -3.9442   0.0000
     3 -38.1305  -3.9442   0.0000
     4 -38.1083  -3.9461   0.0000
     5 -13.7076  -3.0692   0.0000
     6   0.1322  -1.4583   0.0000
     7   0.1322  -1.4583   0.0000
     8   1.3721  -1.4500   0.0000
     9  17.4778   1.0532   0.0000
    10  17.4778   1.0532   0.0000
    11  18.3903   1.3504   0.0000
    12  21.9477   1.4717   0.0000
    13  28.5781   1.6680   0.0000
    14  28.5781   1.6680   0.0000
    15  33.4195   1.7658   0.0000
    16  36.1169   1.9042   0.0000
    17  38.9749   1.9457   0.0000
    18  41.2945   1.5133   0.0000
    19  44.6653   1.8493   0.0000
    20  44.6653   1.8493   0.0000
    21  47.0237   1.9716   0.0000
    22  48.4829   1.9090   0.0000
    23  48.4829   1.9090   0.0000
    24  53.2567   1.9116   0.0000
    25  57.7689   1.8294   0.0000
    26  57.7689   1.8294   0.0000
    27  58.7603   1.7982   0.0000
    28  59.0730   1.8119   0.0000
    29  61.4726   1.9162   0.0000
    30  61.4726   1.9162   0.0000
    31  63.0319   2.3036   0.0000
    32  65.1571   2.1000   0.0000
    33  67.9811   2.3912   0.0000
    34  67.9811   2.3912   0.0000
    35  68.4014   2.1834   0.0000
    36  74.9708   2.2054   0.0000
    37  81.8600   2.2433   0.0000
    38  82.9192   2.0233   0.0000
    39  82.9192   2.0233   0.0000
    40  89.1538   2.2606   0.0000
    41  89.1538   2.2606   0.0000
    42  91.0585   2.0752   0.0000
    43  92.1390   2.2727   0.0000
    44  92.5573   1.9759   0.0000
    45  92.8066   2.1347   0.0000
    46  92.8066   2.1347   0.0000
    47  92.9652   2.0571   0.0000
    48  93.5183   2.2159   0.0000
    49 100.3334   2.1437   0.0000
    50 100.3334   2.1437   0.0000
    51 101.9917   2.1778   0.0000
    52 102.0571   2.2070   0.0000
    53 104.3411   2.2259   0.0000
    54 108.6784   2.2330   0.0000
    55 109.5920   2.4202   0.0000
    56 109.9354   2.1294   0.0000
    57 109.9354   2.1294   0.0000
    58 111.4158   2.3721   0.0000
    59 111.4158   2.3721   0.0000
    60 117.1123   2.3540   0.0000
