          29           1
  0.000000  0.000000  0.000000
  60
     1 -68.6823  -0.0000   0.0000
     2 -33.6671  -0.0000   0.0000
     3 -33.6670  -0.0000   0.0000
     4 -33.6670  -0.0000   0.0000
     5 -13.6830   0.0000   0.0000
     6   6.9507   0.0000  -0.0000
     7   6.9509   0.0000  -0.0000
     8   6.9509   0.0000  -0.0000
     9  18.2560   0.0000   0.0000
    10  27.2434   0.0000   0.0000
    11  27.2434   0.0000  -0.0000
    12  27.2434   0.0000  -0.0000
    13  32.0097   0.0000  -0.0000
    14  34.7741   0.0000   0.0000
    15  34.7741   0.0000   0.0000
    16  41.8538   0.0000  -0.0000
    17  41.8548   0.0000   0.0000
    18  41.8549   0.0000  -0.0000
    19  58.5701   0.0000   0.0000
    20  58.5703   0.0000  -0.0000
    21  58.5703   0.0000  -0.0000
    22  61.7497   0.0000  -0.0000
    23  72.1919   0.0000   0.0000
    24  72.1919   0.0000   0.0000
    25  72.1919   0.0000   0.0000
    26  78.5543   0.0000   0.0000
    27  78.5543   0.0000  -0.0000
    28  79.5918   0.0000   0.0000
    29  79.5918   0.0000  -0.0000
    30  79.5918   0.0000   0.0000
    31  91.7756   0.0000   0.0000
    32  92.2964   0.0000  -0.0000
    33  92.2964   0.0000  -0.0000
    34 101.7500   0.0000   0.0000
    35 101.7500   0.0000   0.0000
    36 101.7500   0.0000  -0.0000
    37 102.6691   0.0000  -0.0000
    38 102.6795   0.0000   0.0000
    39 102.6796   0.0000  -0.0000
    40 109.0584   0.0000  -0.0000
    41 109.0586   0.0000   0.0000
    42 109.0586   0.0000  -0.0000
    43 110.8437   0.0000   0.0000
    44 110.8437   0.0000  -0.0000
    45 110.8437   0.0000  -0.0000
    46 112.6574   0.0000   0.0000
    47 112.6574   0.0000   0.0000
    48 112.6574   0.0000  -0.0000
    49 113.0189   0.0000   0.0000
    50 116.0150   0.0000   0.0000
    51 116.0150   0.0000   0.0000
    52 116.0150   0.0000   0.0000
    53 116.9933   0.0000   0.0000
    54 116.9933   0.0000   0.0000
    55 117.5693   0.0000   0.0000
    56 117.5693   0.0000   0.0000
    57 117.5693   0.0000   0.0000
    58 119.4015   0.0000  -0.0000
    59 121.9593   0.0000   0.0000
    60 132.2721   0.0000  -0.0000
  0.125000  0.000000  0.000000
  60
     1 -68.6757  -0.0000   0.0000
     2 -33.7169  -0.0000  -0.0000
     3 -33.6705  -0.0000   0.0000
     4 -33.6704  -0.0000   0.0000
     5 -13.3693   0.0000  -0.0000
     6   5.8304   0.0000  -0.0000
     7   6.7586   0.0000   0.0000
     8   6.7588   0.0000   0.0000
     9  19.0850   0.0000   0.0000
    10  25.3158   0.0000   0.0000
    11  27.8333   0.0000  -0.0000
    12  27.8333   0.0000  -0.0000
    13  34.2492   0.0000   0.0000
    14  34.2493   0.0000  -0.0000
    15  35.3224   0.0000   0.0000
    16  41.5370   0.0000   0.0000
    17  43.3109   0.0000  -0.0000
    18  43.3113   0.0000  -0.0000
    19  56.2414   0.0000  -0.0000
    20  57.9545   0.0000  -0.0000
    21  57.9547   0.0000   0.0000
    22  63.5606   0.0000   0.0000
    23  68.4432   0.0000  -0.0000
    24  68.4432   0.0000  -0.0000
    25  73.9433   0.0000   0.0000
    26  76.2842   0.0000  -0.0000
    27  76.2842   0.0000  -0.0000
    28  80.0906   0.0000   0.0000
    29  87.5615   0.0000   0.0000
    30  87.5616   0.0000   0.0000
    31  90.8432   0.0000  -0.0000
    32  90.8434   0.0000   0.0000
    33  91.1968   0.0000   0.0000
    34  97.2904   0.0000  -0.0000
    35  98.3309   0.0000  -0.0000
    36  98.3310   0.0000  -0.0000
    37  99.1954   0.0000   0.0000
    38 102.4467   0.0000   0.0000
    39 102.4536   0.0000   0.0000
    40 103.0641   0.0000   0.0000
    41 103.0641   0.0000  -0.0000
    42 104.1960   0.0000   0.0000
    43 109.2798   0.0000  -0.0000
    44 109.5600   0.0000   0.0000
    45 109.5600   0.0000   0.0000
    46 111.1810   0.0000  -0.0000
    47 112.9959   0.0000  -0.0000
    48 115.2293   0.0000  -0.0000
    49 115.2294   0.0000   0.0000
    50 117.9348   0.0000  -0.0000
    51 117.9382   0.0000  -0.0000
    52 119.3448   0.0000   0.0000
    53 119.3448   0.0000  -0.0000
    54 120.3035   0.0000   0.0000
    55 120.5971   0.0000  -0.0000
    56 123.3073   0.0000  -0.0000
    57 126.8890   0.0000   0.0000
    58 127.4625   0.0000  -0.0000
    59 127.4626   0.0000   0.0000
    60 132.2348   0.0000  -0.0000
  0.250000  0.000000  0.000000
  60
     1 -68.6600  -0.0000  -0.0000
     2 -33.8348  -0.0000  -0.0000
     3 -33.6787  -0.0000   0.0000
     4 -33.6787  -0.0000  -0.0000
     5 -12.5355   0.0000   0.0000
     6   3.4547   0.0000   0.0000
     7   6.3205   0.0000   0.0000
     8   6.3205   0.0000   0.0000
     9  20.0268   0.0000  -0.0000
    10  24.3678   0.0000   0.0000
    11  29.0391   0.0000   0.0000
    12  29.0391   0.0000  -0.0000
    13  34.0423   0.0000  -0.0000
    14  34.0423   0.0000   0.0000
    15  38.0490   0.0000  -0.0000
    16  43.4607   0.0000   0.0000
    17  46.3510   0.0000  -0.0000
    18  46.3511   0.0000  -0.0000
    19  53.3027   0.0000  -0.0000
    20  55.0681   0.0000  -0.0000
    21  55.0681   0.0000   0.0000
    22  64.8239   0.0000   0.0000
    23  64.8239   0.0000  -0.0000
    24  66.4705   0.0000  -0.0000
    25  77.0027   0.0000   0.0000
    26  77.3801   0.0000   0.0000
    27  77.3801   0.0000   0.0000
    28  81.5837   0.0000  -0.0000
    29  84.9180   0.0000   0.0000
    30  84.9181   0.0000   0.0000
    31  86.1302   0.0000   0.0000
    32  90.2441   0.0000  -0.0000
    33  92.7084   0.0000  -0.0000
    34  92.7084   0.0000  -0.0000
    35  95.6315   0.0000  -0.0000
    36  96.0916   0.0000   0.0000
    37  96.0916   0.0000  -0.0000
    38  97.7231   0.0000   0.0000
    39 100.1552   0.0000   0.0000
    40 100.1552   0.0000  -0.0000
    41 102.8177   0.0000  -0.0000
    42 102.8177   0.0000  -0.0000
    43 107.3847   0.0000  -0.0000
    44 107.6297   0.0000   0.0000
    45 107.6297   0.0000  -0.0000
    46 109.5131   0.0000  -0.0000
    47 116.6884   0.0000   0.0000
    48 117.6849   0.0000   0.0000
    49 117.6850   0.0000  -0.0000
    50 119.6854   0.0000   0.0000
    51 122.4950   0.0000   0.0000
    52 122.4963   0.0000  -0.0000
    53 128.0783   0.0000  -0.0000
    54 128.0815   0.0000   0.0000
    55 129.7742   0.0000   0.0000
    56 130.7589   0.0000  -0.0000
    57 133.1298   0.0000  -0.0000
    58 133.1298   0.0000  -0.0000
    59 135.5205   0.0000  -0.0000
    60 141.1069   0.0000   0.0000
  0.375000  0.000000  0.000000
  60
     1 -68.6442  -0.0000   0.0000
     2 -33.9497  -0.0000  -0.0000
     3 -33.6869  -0.0000  -0.0000
     4 -33.6869  -0.0000  -0.0000
     5 -11.5428   0.0000   0.0000
     6   1.2404   0.0000   0.0000
     7   5.9130   0.0000  -0.0000
     8   5.9130   0.0000   0.0000
     9  19.7367   0.0000  -0.0000
    10  25.5952   0.0000  -0.0000
    11  29.5707   0.0000   0.0000
    12  29.5707   0.0000  -0.0000
    13  35.6591   0.0000   0.0000
    14  35.6591   0.0000  -0.0000
    15  37.2868   0.0000   0.0000
    16  46.3344   0.0000  -0.0000
    17  48.5206   0.0000   0.0000
    18  48.5206   0.0000  -0.0000
    19  51.0234   0.0000  -0.0000
    20  51.0234   0.0000  -0.0000
    21  55.0609   0.0000  -0.0000
    22  65.4049   0.0000  -0.0000
    23  65.4049   0.0000  -0.0000
    24  69.1989   0.0000   0.0000
    25  74.4243   0.0000  -0.0000
    26  77.4993   0.0000  -0.0000
    27  77.4993   0.0000   0.0000
    28  79.7998   0.0000  -0.0000
    29  79.7998   0.0000  -0.0000
    30  80.9308   0.0000  -0.0000
    31  84.0478   0.0000   0.0000
    32  85.7229   0.0000   0.0000
    33  87.6316   0.0000  -0.0000
    34  87.6316   0.0000  -0.0000
    35  92.2631   0.0000   0.0000
    36  95.6268   0.0000   0.0000
    37  95.7032   0.0000  -0.0000
    38  95.7032   0.0000  -0.0000
    39 101.0021   0.0000   0.0000
    40 101.0021   0.0000  -0.0000
    41 106.8751   0.0000   0.0000
    42 108.4553   0.0000  -0.0000
    43 108.4553   0.0000  -0.0000
    44 109.0593   0.0000   0.0000
    45 110.4721   0.0000   0.0000
    46 110.4721   0.0000  -0.0000
    47 116.2224   0.0000  -0.0000
    48 116.9718   0.0000  -0.0000
    49 116.9718   0.0000  -0.0000
    50 124.6174   0.0000   0.0000
    51 129.7813   0.0000  -0.0000
    52 129.7813   0.0000  -0.0000
    53 132.4492   0.0000   0.0000
    54 135.3678   0.0000   0.0000
    55 135.3678   0.0000  -0.0000
    56 137.2190   0.0000  -0.0000
    57 137.2190   0.0000  -0.0000
    58 138.2002   0.0000  -0.0000
    59 138.2002   0.0000  -0.0000
    60 138.2376   0.0000  -0.0000
  0.500000  0.000000  0.000000
  60
     1 -68.6376  -0.0000  -0.0000
     2 -33.9964  -0.0000  -0.0000
     3 -33.6903  -0.0000   0.0000
     4 -33.6903  -0.0000   0.0000
     5 -11.0580   0.0000  -0.0000
     6   0.3094   0.0000  -0.0000
     7   5.7520   0.0000  -0.0000
     8   5.7520   0.0000   0.0000
     9  19.5108   0.0000  -0.0000
    10  26.3783   0.0000  -0.0000
    11  29.5919   0.0000   0.0000
    12  29.5919   0.0000   0.0000
    13  36.8257   0.0000   0.0000
    14  37.1999   0.0000  -0.0000
    15  37.1999   0.0000  -0.0000
    16  46.0573   0.0000  -0.0000
    17  47.0396   0.0000  -0.0000
    18  47.0396   0.0000  -0.0000
    19  51.0322   0.0000   0.0000
    20  51.0322   0.0000   0.0000
    21  62.0498   0.0000  -0.0000
    22  64.1115   0.0000  -0.0000
    23  67.5977   0.0000   0.0000
    24  67.5977   0.0000  -0.0000
    25  72.9618   0.0000  -0.0000
    26  72.9618   0.0000   0.0000
    27  74.1970   0.0000  -0.0000
    28  77.9343   0.0000   0.0000
    29  82.1691   0.0000  -0.0000
    30  82.1691   0.0000  -0.0000
    31  84.2628   0.0000   0.0000
    32  84.2628   0.0000   0.0000
    33  85.5984   0.0000  -0.0000
    34  86.7750   0.0000  -0.0000
    35  88.5365   0.0000  -0.0000
    36  95.2374   0.0000   0.0000
    37  95.2374   0.0000   0.0000
    38  95.7882   0.0000   0.0000
    39 100.7449   0.0000   0.0000
    40 100.7449   0.0000  -0.0000
    41 107.1179   0.0000  -0.0000
    42 108.6520   0.0000  -0.0000
    43 109.9763   0.0000  -0.0000
    44 109.9763   0.0000   0.0000
    45 112.5032   0.0000  -0.0000
    46 112.5032   0.0000  -0.0000
    47 116.0975   0.0000  -0.0000
    48 124.2422   0.0000   0.0000
    49 124.2422   0.0000  -0.0000
    50 124.8545   0.0000  -0.0000
    51 124.8545   0.0000   0.0000
    52 128.4277   0.0000   0.0000
    53 132.3116   0.0000  -0.0000
    54 134.1678   0.0000  -0.0000
    55 136.0346   0.0000  -0.0000
    56 136.0346   0.0000  -0.0000
    57 140.7732   0.0000  -0.0000
    58 140.7733   0.0000   0.0000
    59 144.4182   0.0000  -0.0000
    60 144.4230   0.0000   0.0000
  0.125000  0.125000  0.000000
  60
     1 -68.6736  -0.0000  -0.0000
     2 -33.7132  -0.0000   0.0000
     3 -33.6813  -0.0000   0.0000
     4 -33.6813  -0.0000  -0.0000
     5 -13.2729   0.0000   0.0000
     6   5.7283   0.0000  -0.0000
     7   6.5905   0.0000  -0.0000
     8   6.5905   0.0000   0.0000
     9  19.4111   0.0000  -0.0000
    10  24.3433   0.0000  -0.0000
    11  28.3424   0.0000   0.0000
    12  28.3424   0.0000  -0.0000
    13  32.7822   0.0000   0.0000
    14  35.4013   0.0000  -0.0000
    15  36.2367   0.0000  -0.0000
    16  42.4770   0.0000   0.0000
    17  42.4770   0.0000  -0.0000
    18  43.8222   0.0000  -0.0000
    19  56.3979   0.0000   0.0000
    20  57.2600   0.0000   0.0000
    21  57.2600   0.0000  -0.0000
    22  64.3983   0.0000   0.0000
    23  69.1518   0.0000  -0.0000
    24  69.5618   0.0000   0.0000
    25  69.5618   0.0000  -0.0000
    26  72.7313   0.0000  -0.0000
    27  79.4470   0.0000  -0.0000
    28  84.9817   0.0000  -0.0000
    29  84.9817   0.0000   0.0000
    30  89.7735   0.0000   0.0000
    31  90.1503   0.0000   0.0000
    32  91.6500   0.0000  -0.0000
    33  92.0485   0.0000   0.0000
    34  93.7108   0.0000   0.0000
    35  93.7108   0.0000   0.0000
    36  98.2275   0.0000   0.0000
    37 100.3017   0.0000  -0.0000
    38 100.3017   0.0000   0.0000
    39 102.6519   0.0000  -0.0000
    40 102.9849   0.0000   0.0000
    41 106.7576   0.0000  -0.0000
    42 106.7576   0.0000   0.0000
    43 107.9827   0.0000  -0.0000
    44 107.9827   0.0000   0.0000
    45 108.4571   0.0000  -0.0000
    46 109.7175   0.0000   0.0000
    47 113.0121   0.0000  -0.0000
    48 113.2385   0.0000   0.0000
    49 117.0192   0.0000  -0.0000
    50 118.0167   0.0000   0.0000
    51 118.0167   0.0000   0.0000
    52 119.2030   0.0000   0.0000
    53 120.0269   0.0000  -0.0000
    54 120.0269   0.0000  -0.0000
    55 121.2668   0.0000   0.0000
    56 126.2052   0.0000  -0.0000
    57 126.2052   0.0000  -0.0000
    58 129.2619   0.0000   0.0000
    59 132.8771   0.0000  -0.0000
    60 132.8784   0.0000   0.0000
  0.250000  0.125000  0.000000
  60
     1 -68.6609  -0.0000   0.0000
     2 -33.7989  -0.0000   0.0000
     3 -33.6948  -0.0000   0.0000
     4 -33.6882  -0.0000  -0.0000
     5 -12.6339   0.0000  -0.0000
     6   4.0315   0.0000   0.0000
     7   6.1455   0.0000   0.0000
     8   6.1844   0.0000  -0.0000
     9  20.5985   0.0000   0.0000
    10  23.0326   0.0000   0.0000
    11  29.2609   0.0000   0.0000
    12  29.5582   0.0000   0.0000
    13  31.7589   0.0000   0.0000
    14  35.7613   0.0000   0.0000
    15  39.6379   0.0000  -0.0000
    16  43.3008   0.0000  -0.0000
    17  44.4860   0.0000  -0.0000
    18  46.2189   0.0000   0.0000
    19  53.4281   0.0000  -0.0000
    20  54.6286   0.0000  -0.0000
    21  57.4327   0.0000   0.0000
    22  64.3089   0.0000  -0.0000
    23  64.3102   0.0000   0.0000
    24  68.1013   0.0000   0.0000
    25  70.7294   0.0000   0.0000
    26  75.4487   0.0000   0.0000
    27  79.3300   0.0000  -0.0000
    28  84.5404   0.0000   0.0000
    29  86.6796   0.0000  -0.0000
    30  87.5535   0.0000   0.0000
    31  88.5258   0.0000  -0.0000
    32  90.1195   0.0000   0.0000
    33  90.2587   0.0000  -0.0000
    34  92.7150   0.0000   0.0000
    35  93.5827   0.0000  -0.0000
    36  95.4903   0.0000   0.0000
    37  97.2971   0.0000   0.0000
    38  97.4677   0.0000  -0.0000
    39  99.9635   0.0000  -0.0000
    40 100.5826   0.0000   0.0000
    41 102.7909   0.0000   0.0000
    42 104.7581   0.0000  -0.0000
    43 105.6510   0.0000   0.0000
    44 107.3641   0.0000   0.0000
    45 110.8377   0.0000  -0.0000
    46 114.0678   0.0000  -0.0000
    47 115.2776   0.0000   0.0000
    48 116.0659   0.0000  -0.0000
    49 116.2261   0.0000   0.0000
    50 118.6364   0.0000   0.0000
    51 118.8568   0.0000  -0.0000
    52 121.1812   0.0000   0.0000
    53 121.1844   0.0000  -0.0000
    54 128.4966   0.0000  -0.0000
    55 130.1535   0.0000  -0.0000
    56 133.3452   0.0000   0.0000
    57 134.1885   0.0000   0.0000
    58 134.7347   0.0000   0.0000
    59 134.8830   0.0000  -0.0000
    60 138.4250   0.0000   0.0000
  0.375000  0.125000  0.000000
  60
     1 -68.6451  -0.0000  -0.0000
     2 -33.9073  -0.0000  -0.0000
     3 -33.7032  -0.0000   0.0000
     4 -33.7012  -0.0000   0.0000
     5 -11.7101   0.0000  -0.0000
     6   1.9842   0.0000   0.0000
     7   5.5333   0.0000   0.0000
     8   5.7950   0.0000   0.0000
     9  20.5778   0.0000  -0.0000
    10  24.1788   0.0000  -0.0000
    11  28.9448   0.0000  -0.0000
    12  30.2595   0.0000   0.0000
    13  33.1848   0.0000  -0.0000
    14  36.9072   0.0000  -0.0000
    15  39.5910   0.0000   0.0000
    16  46.7876   0.0000  -0.0000
    17  47.5925   0.0000   0.0000
    18  47.8209   0.0000   0.0000
    19  49.8559   0.0000   0.0000
    20  53.3441   0.0000   0.0000
    21  56.7217   0.0000  -0.0000
    22  62.3638   0.0000  -0.0000
    23  63.8690   0.0000   0.0000
    24  70.6704   0.0000   0.0000
    25  72.7077   0.0000  -0.0000
    26  75.0828   0.0000  -0.0000
    27  77.9727   0.0000  -0.0000
    28  80.0110   0.0000   0.0000
    29  80.2675   0.0000   0.0000
    30  81.9434   0.0000  -0.0000
    31  85.3950   0.0000  -0.0000
    32  87.3470   0.0000  -0.0000
    33  89.1394   0.0000   0.0000
    34  89.9590   0.0000  -0.0000
    35  92.3732   0.0000   0.0000
    36  94.9268   0.0000   0.0000
    37  95.4665   0.0000   0.0000
    38  97.7965   0.0000   0.0000
    39  98.5276   0.0000   0.0000
    40 101.2028   0.0000  -0.0000
    41 104.6624   0.0000  -0.0000
    42 106.7146   0.0000  -0.0000
    43 108.3036   0.0000   0.0000
    44 109.4669   0.0000  -0.0000
    45 112.7349   0.0000  -0.0000
    46 112.9952   0.0000  -0.0000
    47 115.6322   0.0000  -0.0000
    48 118.5821   0.0000  -0.0000
    49 118.6325   0.0000  -0.0000
    50 122.0183   0.0000  -0.0000
    51 124.8819   0.0000   0.0000
    52 125.8191   0.0000   0.0000
    53 129.1173   0.0000  -0.0000
    54 129.7648   0.0000  -0.0000
    55 135.2356   0.0000   0.0000
    56 136.0389   0.0000  -0.0000
    57 136.1043   0.0000   0.0000
    58 140.4422   0.0000   0.0000
    59 141.9901   0.0000  -0.0000
    60 142.2432   0.0000  -0.0000
  0.500000  0.125000  0.000000
  60
     1 -68.6355  -0.0000   0.0000
     2 -33.9713  -0.0000   0.0000
     3 -33.7170  -0.0000  -0.0000
     4 -33.7014  -0.0000   0.0000
     5 -11.0365   0.0000  -0.0000
     6   0.7086   0.0000  -0.0000
     7   5.0935   0.0000  -0.0000
     8   5.6272   0.0000  -0.0000
     9  20.3294   0.0000  -0.0000
    10  25.5935   0.0000  -0.0000
    11  28.5830   0.0000  -0.0000
    12  30.2782   0.0000  -0.0000
    13  35.3526   0.0000   0.0000
    14  37.7225   0.0000  -0.0000
    15  39.1011   0.0000  -0.0000
    16  46.4638   0.0000   0.0000
    17  46.5559   0.0000  -0.0000
    18  47.7813   0.0000   0.0000
    19  51.2018   0.0000   0.0000
    20  52.8737   0.0000  -0.0000
    21  60.6146   0.0000  -0.0000
    22  65.3624   0.0000   0.0000
    23  66.3681   0.0000   0.0000
    24  66.8014   0.0000  -0.0000
    25  70.6232   0.0000   0.0000
    26  73.3785   0.0000   0.0000
    27  75.3398   0.0000   0.0000
    28  75.6573   0.0000   0.0000
    29  79.3736   0.0000   0.0000
    30  80.8922   0.0000  -0.0000
    31  81.6285   0.0000  -0.0000
    32  85.4750   0.0000   0.0000
    33  86.9318   0.0000  -0.0000
    34  90.5526   0.0000   0.0000
    35  91.9753   0.0000   0.0000
    36  95.0999   0.0000   0.0000
    37  95.3770   0.0000  -0.0000
    38  96.0897   0.0000  -0.0000
    39  99.4639   0.0000   0.0000
    40  99.7213   0.0000  -0.0000
    41 103.2928   0.0000  -0.0000
    42 107.6331   0.0000   0.0000
    43 112.5319   0.0000  -0.0000
    44 112.7911   0.0000   0.0000
    45 113.5712   0.0000  -0.0000
    46 116.6028   0.0000  -0.0000
    47 117.9858   0.0000  -0.0000
    48 122.0269   0.0000   0.0000
    49 124.8596   0.0000  -0.0000
    50 125.4035   0.0000  -0.0000
    51 125.4111   0.0000  -0.0000
    52 127.2302   0.0000  -0.0000
    53 131.6101   0.0000  -0.0000
    54 133.2625   0.0000  -0.0000
    55 133.9251   0.0000   0.0000
    56 134.2158   0.0000   0.0000
    57 137.8568   0.0000   0.0000
    58 139.0327   0.0000   0.0000
    59 140.3361   0.0000   0.0000
    60 142.4382   0.0000   0.0000
 -0.375000  0.125000  0.000000
  60
     1 -68.6377  -0.0000   0.0000
     2 -33.9568  -0.0000  -0.0000
     3 -33.7253  -0.0000  -0.0000
     4 -33.6906  -0.0000  -0.0000
     5 -11.1854   0.0000   0.0000
     6   1.0007   0.0000   0.0000
     7   5.0341   0.0000  -0.0000
     8   5.7631   0.0000  -0.0000
     9  20.4847   0.0000  -0.0000
    10  25.3288   0.0000   0.0000
    11  28.7292   0.0000   0.0000
    12  30.2620   0.0000   0.0000
    13  35.2626   0.0000  -0.0000
    14  36.3642   0.0000   0.0000
    15  39.3043   0.0000   0.0000
    16  46.5840   0.0000  -0.0000
    17  47.7126   0.0000   0.0000
    18  48.2362   0.0000   0.0000
    19  49.9467   0.0000  -0.0000
    20  53.7454   0.0000   0.0000
    21  58.1549   0.0000   0.0000
    22  63.0433   0.0000   0.0000
    23  66.4023   0.0000   0.0000
    24  69.4260   0.0000  -0.0000
    25  72.5214   0.0000  -0.0000
    26  74.0984   0.0000   0.0000
    27  75.5042   0.0000  -0.0000
    28  76.5256   0.0000  -0.0000
    29  80.3536   0.0000   0.0000
    30  80.3539   0.0000   0.0000
    31  81.0518   0.0000  -0.0000
    32  85.4281   0.0000   0.0000
    33  87.2947   0.0000   0.0000
    34  90.3462   0.0000  -0.0000
    35  91.4074   0.0000  -0.0000
    36  95.5101   0.0000  -0.0000
    37  96.5026   0.0000  -0.0000
    38  97.5211   0.0000  -0.0000
    39  99.5672   0.0000  -0.0000
    40 100.0353   0.0000  -0.0000
    41 101.4790   0.0000   0.0000
    42 108.5911   0.0000   0.0000
    43 110.5578   0.0000  -0.0000
    44 112.7139   0.0000   0.0000
    45 113.0128   0.0000  -0.0000
    46 116.3597   0.0000   0.0000
    47 116.4675   0.0000  -0.0000
    48 120.9086   0.0000   0.0000
    49 122.5122   0.0000   0.0000
    50 124.2232   0.0000  -0.0000
    51 127.1126   0.0000  -0.0000
    52 129.3850   0.0000  -0.0000
    53 131.1140   0.0000  -0.0000
    54 132.0428   0.0000  -0.0000
    55 133.5152   0.0000   0.0000
    56 136.1902   0.0000   0.0000
    57 136.9025   0.0000  -0.0000
    58 138.1571   0.0000  -0.0000
    59 140.5853   0.0000   0.0000
    60 142.5881   0.0000  -0.0000
 -0.250000  0.125000  0.000000
  60
     1 -68.6504  -0.0000  -0.0000
     2 -33.8738  -0.0000   0.0000
     3 -33.7192  -0.0000   0.0000
     4 -33.6771  -0.0000   0.0000
     5 -12.0137   0.0000   0.0000
     6   2.6532   0.0000   0.0000
     7   5.4059   0.0000  -0.0000
     8   6.1428   0.0000  -0.0000
     9  20.8724   0.0000  -0.0000
    10  23.8387   0.0000  -0.0000
    11  29.1194   0.0000   0.0000
    12  30.0052   0.0000  -0.0000
    13  32.7481   0.0000  -0.0000
    14  35.5358   0.0000  -0.0000
    15  39.8746   0.0000  -0.0000
    16  45.1095   0.0000  -0.0000
    17  47.4079   0.0000  -0.0000
    18  47.9697   0.0000   0.0000
    19  49.9843   0.0000  -0.0000
    20  54.6583   0.0000   0.0000
    21  56.9757   0.0000   0.0000
    22  61.3193   0.0000  -0.0000
    23  63.6736   0.0000  -0.0000
    24  69.7183   0.0000   0.0000
    25  73.4476   0.0000  -0.0000
    26  77.5932   0.0000   0.0000
    27  78.2959   0.0000  -0.0000
    28  80.7013   0.0000  -0.0000
    29  82.9115   0.0000   0.0000
    30  83.8114   0.0000  -0.0000
    31  84.7966   0.0000   0.0000
    32  87.9841   0.0000   0.0000
    33  89.2041   0.0000  -0.0000
    34  89.5284   0.0000   0.0000
    35  92.0382   0.0000  -0.0000
    36  96.1859   0.0000   0.0000
    37  97.1493   0.0000  -0.0000
    38  99.0823   0.0000   0.0000
    39 100.2103   0.0000   0.0000
    40 100.9631   0.0000  -0.0000
    41 101.8257   0.0000   0.0000
    42 104.7197   0.0000   0.0000
    43 106.4649   0.0000  -0.0000
    44 108.6239   0.0000  -0.0000
    45 110.5695   0.0000  -0.0000
    46 114.2340   0.0000  -0.0000
    47 115.7924   0.0000  -0.0000
    48 118.9981   0.0000   0.0000
    49 119.9462   0.0000  -0.0000
    50 120.1641   0.0000   0.0000
    51 121.6952   0.0000  -0.0000
    52 127.3862   0.0000  -0.0000
    53 127.6081   0.0000   0.0000
    54 130.4872   0.0000   0.0000
    55 131.4730   0.0000  -0.0000
    56 132.2126   0.0000  -0.0000
    57 136.2683   0.0000  -0.0000
    58 137.4423   0.0000   0.0000
    59 140.4441   0.0000   0.0000
    60 140.8060   0.0000  -0.0000
 -0.125000  0.125000  0.000000
  60
     1 -68.6661  -0.0000  -0.0000
     2 -33.7737  -0.0000   0.0000
     3 -33.6969  -0.0000   0.0000
     4 -33.6687  -0.0000   0.0000
     5 -12.8894   0.0000  -0.0000
     6   4.6167   0.0000  -0.0000
     7   6.1335   0.0000   0.0000
     8   6.5642   0.0000   0.0000
     9  20.1488   0.0000  -0.0000
    10  23.8691   0.0000   0.0000
    11  28.6034   0.0000   0.0000
    12  28.8744   0.0000  -0.0000
    13  32.8916   0.0000  -0.0000
    14  34.7054   0.0000   0.0000
    15  38.4270   0.0000  -0.0000
    16  42.6071   0.0000   0.0000
    17  43.6179   0.0000   0.0000
    18  45.8267   0.0000  -0.0000
    19  53.4116   0.0000   0.0000
    20  56.6684   0.0000  -0.0000
    21  58.1943   0.0000  -0.0000
    22  62.9447   0.0000  -0.0000
    23  66.0203   0.0000  -0.0000
    24  67.2985   0.0000  -0.0000
    25  73.5149   0.0000   0.0000
    26  75.5743   0.0000   0.0000
    27  76.6347   0.0000   0.0000
    28  86.1525   0.0000  -0.0000
    29  88.2484   0.0000  -0.0000
    30  88.5801   0.0000   0.0000
    31  88.7933   0.0000   0.0000
    32  90.8157   0.0000  -0.0000
    33  91.1949   0.0000   0.0000
    34  91.8554   0.0000  -0.0000
    35  94.0685   0.0000  -0.0000
    36  95.6002   0.0000  -0.0000
    37  95.7160   0.0000   0.0000
    38  99.4769   0.0000   0.0000
    39 100.9429   0.0000  -0.0000
    40 102.0363   0.0000  -0.0000
    41 102.7816   0.0000  -0.0000
    42 104.3891   0.0000   0.0000
    43 105.2633   0.0000   0.0000
    44 109.5233   0.0000  -0.0000
    45 109.9459   0.0000  -0.0000
    46 110.7315   0.0000   0.0000
    47 112.2847   0.0000  -0.0000
    48 116.2591   0.0000  -0.0000
    49 118.7100   0.0000  -0.0000
    50 119.8770   0.0000  -0.0000
    51 120.0232   0.0000  -0.0000
    52 121.1255   0.0000   0.0000
    53 123.9192   0.0000  -0.0000
    54 124.4874   0.0000  -0.0000
    55 125.5763   0.0000   0.0000
    56 128.2414   0.0000  -0.0000
    57 128.4999   0.0000  -0.0000
    58 131.0256   0.0000  -0.0000
    59 135.1330   0.0000   0.0000
    60 137.4313   0.0000   0.0000
  0.250000  0.250000  0.000000
  60
     1 -68.6526  -0.0000   0.0000
     2 -33.8131  -0.0000  -0.0000
     3 -33.7160  -0.0000  -0.0000
     4 -33.7160  -0.0000  -0.0000
     5 -12.2674   0.0000   0.0000
     6   3.4386   0.0000   0.0000
     7   5.8372   0.0000  -0.0000
     8   5.8372   0.0000   0.0000
     9  21.1420   0.0000  -0.0000
    10  21.7131   0.0000   0.0000
    11  29.3931   0.0000   0.0000
    12  30.9509   0.0000   0.0000
    13  30.9509   0.0000   0.0000
    14  37.2318   0.0000  -0.0000
    15  43.4231   0.0000   0.0000
    16  44.4331   0.0000  -0.0000
    17  44.4331   0.0000  -0.0000
    18  46.0931   0.0000  -0.0000
    19  54.1055   0.0000  -0.0000
    20  54.1055   0.0000  -0.0000
    21  54.6108   0.0000  -0.0000
    22  60.6872   0.0000   0.0000
    23  67.6682   0.0000  -0.0000
    24  67.6682   0.0000  -0.0000
    25  69.4783   0.0000   0.0000
    26  74.2490   0.0000  -0.0000
    27  79.7098   0.0000  -0.0000
    28  81.7665   0.0000  -0.0000
    29  81.7665   0.0000   0.0000
    30  85.8882   0.0000  -0.0000
    31  87.8499   0.0000   0.0000
    32  89.7379   0.0000   0.0000
    33  92.2160   0.0000   0.0000
    34  92.9490   0.0000  -0.0000
    35  92.9490   0.0000  -0.0000
    36  97.2182   0.0000   0.0000
    37  97.2182   0.0000  -0.0000
    38  98.8961   0.0000  -0.0000
    39 100.6209   0.0000   0.0000
    40 102.8850   0.0000   0.0000
    41 103.0060   0.0000  -0.0000
    42 104.4314   0.0000  -0.0000
    43 104.4314   0.0000  -0.0000
    44 106.5704   0.0000   0.0000
    45 109.5882   0.0000   0.0000
    46 109.5882   0.0000   0.0000
    47 109.7201   0.0000  -0.0000
    48 118.6057   0.0000  -0.0000
    49 120.0991   0.0000   0.0000
    50 120.0991   0.0000  -0.0000
    51 122.8447   0.0000  -0.0000
    52 123.2490   0.0000   0.0000
    53 126.7974   0.0000   0.0000
    54 126.7974   0.0000  -0.0000
    55 128.4142   0.0000   0.0000
    56 133.6535   0.0000  -0.0000
    57 140.3010   0.0000   0.0000
    58 140.3630   0.0000  -0.0000
    59 140.3631   0.0000  -0.0000
    60 141.7868   0.0000  -0.0000
  0.375000  0.250000  0.000000
  60
     1 -68.6399  -0.0000   0.0000
     2 -33.8768  -0.0000   0.0000
     3 -33.7370  -0.0000   0.0000
     4 -33.7298  -0.0000   0.0000
     5 -11.5912   0.0000   0.0000
     6   2.2753   0.0000   0.0000
     7   5.1286   0.0000  -0.0000
     8   5.4971   0.0000   0.0000
     9  20.5497   0.0000  -0.0000
    10  23.0338   0.0000  -0.0000
    11  27.8611   0.0000   0.0000
    12  31.9603   0.0000  -0.0000
    13  32.6040   0.0000  -0.0000
    14  38.5455   0.0000   0.0000
    15  43.9312   0.0000  -0.0000
    16  45.9526   0.0000   0.0000
    17  46.3730   0.0000   0.0000
    18  48.4920   0.0000  -0.0000
    19  50.9426   0.0000   0.0000
    20  52.9953   0.0000  -0.0000
    21  57.4843   0.0000  -0.0000
    22  59.5504   0.0000  -0.0000
    23  63.6558   0.0000   0.0000
    24  67.7584   0.0000  -0.0000
    25  72.8007   0.0000  -0.0000
    26  73.7491   0.0000   0.0000
    27  76.5233   0.0000  -0.0000
    28  77.9102   0.0000  -0.0000
    29  79.0261   0.0000   0.0000
    30  81.8895   0.0000   0.0000
    31  85.3544   0.0000   0.0000
    32  87.6950   0.0000   0.0000
    33  89.8865   0.0000  -0.0000
    34  92.3446   0.0000   0.0000
    35  93.2902   0.0000   0.0000
    36  94.1555   0.0000   0.0000
    37  97.5957   0.0000  -0.0000
    38  98.7988   0.0000  -0.0000
    39  99.0644   0.0000  -0.0000
    40 100.9730   0.0000   0.0000
    41 105.1299   0.0000  -0.0000
    42 107.5220   0.0000  -0.0000
    43 108.1005   0.0000   0.0000
    44 109.0877   0.0000  -0.0000
    45 111.4437   0.0000   0.0000
    46 111.5068   0.0000   0.0000
    47 113.7469   0.0000   0.0000
    48 119.1079   0.0000  -0.0000
    49 120.4538   0.0000  -0.0000
    50 122.7588   0.0000   0.0000
    51 123.1831   0.0000  -0.0000
    52 127.7242   0.0000   0.0000
    53 128.1289   0.0000   0.0000
    54 132.1351   0.0000   0.0000
    55 135.7340   0.0000   0.0000
    56 136.3891   0.0000   0.0000
    57 137.3258   0.0000   0.0000
    58 140.2551   0.0000   0.0000
    59 141.1745   0.0000   0.0000
    60 144.3024   0.0000   0.0000
  0.500000  0.250000  0.000000
  60
     1 -68.6303  -0.0000   0.0000
     2 -33.9197  -0.0000  -0.0000
     3 -33.7718  -0.0000  -0.0000
     4 -33.7282  -0.0000  -0.0000
     5 -10.9656   0.0000   0.0000
     6   1.4958   0.0000   0.0000
     7   4.0619   0.0000   0.0000
     8   5.3424   0.0000  -0.0000
     9  20.9747   0.0000  -0.0000
    10  24.5317   0.0000   0.0000
    11  27.0075   0.0000  -0.0000
    12  32.0016   0.0000   0.0000
    13  33.6709   0.0000   0.0000
    14  39.3577   0.0000  -0.0000
    15  43.3372   0.0000  -0.0000
    16  45.2882   0.0000   0.0000
    17  45.6423   0.0000   0.0000
    18  49.3460   0.0000  -0.0000
    19  51.9714   0.0000  -0.0000
    20  57.3920   0.0000  -0.0000
    21  59.5068   0.0000  -0.0000
    22  62.2423   0.0000   0.0000
    23  62.2632   0.0000  -0.0000
    24  66.5356   0.0000  -0.0000
    25  68.2447   0.0000   0.0000
    26  72.0283   0.0000   0.0000
    27  73.2800   0.0000  -0.0000
    28  77.5731   0.0000   0.0000
    29  78.0128   0.0000   0.0000
    30  81.3338   0.0000  -0.0000
    31  82.0209   0.0000   0.0000
    32  83.0229   0.0000   0.0000
    33  88.0222   0.0000   0.0000
    34  90.3092   0.0000  -0.0000
    35  92.5690   0.0000  -0.0000
    36  92.8446   0.0000  -0.0000
    37  95.2634   0.0000   0.0000
    38  97.8174   0.0000   0.0000
    39 101.2803   0.0000  -0.0000
    40 101.4981   0.0000   0.0000
    41 107.8134   0.0000   0.0000
    42 107.8517   0.0000   0.0000
    43 112.9722   0.0000   0.0000
    44 114.2197   0.0000  -0.0000
    45 114.2267   0.0000   0.0000
    46 116.1746   0.0000  -0.0000
    47 120.8533   0.0000   0.0000
    48 121.0133   0.0000   0.0000
    49 123.3186   0.0000   0.0000
    50 123.3524   0.0000  -0.0000
    51 125.7012   0.0000  -0.0000
    52 126.9868   0.0000  -0.0000
    53 127.3367   0.0000  -0.0000
    54 131.4811   0.0000   0.0000
    55 135.6886   0.0000   0.0000
    56 135.9219   0.0000  -0.0000
    57 137.8327   0.0000   0.0000
    58 138.3151   0.0000   0.0000
    59 140.8752   0.0000   0.0000
    60 142.5342   0.0000   0.0000
 -0.375000  0.250000  0.000000
  60
     1 -68.6294  -0.0000   0.0000
     2 -33.9169  -0.0000   0.0000
     3 -33.8010  -0.0000  -0.0000
     4 -33.7121  -0.0000   0.0000
     5 -10.8363   0.0000   0.0000
     6   1.5412   0.0000   0.0000
     7   3.4194   0.0000  -0.0000
     8   5.4498   0.0000   0.0000
     9  21.7915   0.0000  -0.0000
    10  24.5405   0.0000  -0.0000
    11  27.4427   0.0000  -0.0000
    12  31.8324   0.0000  -0.0000
    13  34.3833   0.0000   0.0000
    14  36.2528   0.0000  -0.0000
    15  43.0382   0.0000  -0.0000
    16  45.9012   0.0000   0.0000
    17  46.4348   0.0000  -0.0000
    18  49.9444   0.0000   0.0000
    19  52.6463   0.0000   0.0000
    20  55.6670   0.0000   0.0000
    21  60.0453   0.0000   0.0000
    22  62.7886   0.0000  -0.0000
    23  65.6257   0.0000  -0.0000
    24  67.6215   0.0000  -0.0000
    25  68.4088   0.0000   0.0000
    26  70.6936   0.0000   0.0000
    27  71.1833   0.0000  -0.0000
    28  76.2167   0.0000  -0.0000
    29  78.6328   0.0000   0.0000
    30  80.0167   0.0000   0.0000
    31  82.2248   0.0000   0.0000
    32  82.7352   0.0000   0.0000
    33  85.9351   0.0000   0.0000
    34  87.6571   0.0000   0.0000
    35  93.2071   0.0000   0.0000
    36  95.0058   0.0000   0.0000
    37  95.5723   0.0000  -0.0000
    38  96.0235   0.0000  -0.0000
    39 102.7054   0.0000   0.0000
    40 104.2237   0.0000   0.0000
    41 105.7796   0.0000  -0.0000
    42 107.6109   0.0000   0.0000
    43 112.9736   0.0000   0.0000
    44 115.8342   0.0000   0.0000
    45 116.1954   0.0000  -0.0000
    46 117.8317   0.0000   0.0000
    47 120.9717   0.0000   0.0000
    48 122.1591   0.0000  -0.0000
    49 123.1276   0.0000  -0.0000
    50 124.4393   0.0000  -0.0000
    51 126.7576   0.0000   0.0000
    52 126.8640   0.0000  -0.0000
    53 130.1753   0.0000  -0.0000
    54 131.7534   0.0000   0.0000
    55 133.1928   0.0000  -0.0000
    56 134.0791   0.0000   0.0000
    57 135.1728   0.0000  -0.0000
    58 137.5603   0.0000   0.0000
    59 138.7182   0.0000  -0.0000
    60 143.3713   0.0000  -0.0000
 -0.250000  0.250000  0.000000
  60
     1 -68.6377  -0.0000   0.0000
     2 -33.8967  -0.0000   0.0000
     3 -33.7808  -0.0000   0.0000
     4 -33.6910  -0.0000   0.0000
     5 -11.3077   0.0000  -0.0000
     6   2.0697   0.0000   0.0000
     7   3.9447   0.0000   0.0000
     8   5.7741   0.0000  -0.0000
     9  22.3600   0.0000   0.0000
    10  23.3514   0.0000   0.0000
    11  28.1706   0.0000  -0.0000
    12  31.9091   0.0000  -0.0000
    13  32.6608   0.0000  -0.0000
    14  35.7176   0.0000  -0.0000
    15  42.6133   0.0000   0.0000
    16  45.2804   0.0000   0.0000
    17  47.9636   0.0000  -0.0000
    18  48.3602   0.0000  -0.0000
    19  51.3562   0.0000   0.0000
    20  56.8290   0.0000  -0.0000
    21  58.2489   0.0000   0.0000
    22  59.6716   0.0000   0.0000
    23  61.2268   0.0000  -0.0000
    24  71.5255   0.0000   0.0000
    25  72.4689   0.0000   0.0000
    26  75.3262   0.0000   0.0000
    27  75.5444   0.0000   0.0000
    28  78.0504   0.0000   0.0000
    29  78.8348   0.0000   0.0000
    30  79.7609   0.0000  -0.0000
    31  82.9135   0.0000  -0.0000
    32  85.1197   0.0000   0.0000
    33  86.0130   0.0000  -0.0000
    34  86.9672   0.0000   0.0000
    35  94.4289   0.0000  -0.0000
    36  95.5008   0.0000  -0.0000
    37  96.8569   0.0000   0.0000
    38  97.0787   0.0000   0.0000
    39 101.9373   0.0000  -0.0000
    40 103.3071   0.0000   0.0000
    41 104.5079   0.0000   0.0000
    42 106.5197   0.0000  -0.0000
    43 107.2039   0.0000  -0.0000
    44 113.0549   0.0000   0.0000
    45 114.4177   0.0000  -0.0000
    46 114.5966   0.0000  -0.0000
    47 119.0322   0.0000  -0.0000
    48 120.8326   0.0000   0.0000
    49 122.7860   0.0000   0.0000
    50 123.1774   0.0000   0.0000
    51 123.3454   0.0000  -0.0000
    52 127.7399   0.0000   0.0000
    53 128.6391   0.0000  -0.0000
    54 133.2903   0.0000  -0.0000
    55 133.5819   0.0000   0.0000
    56 135.5091   0.0000   0.0000
    57 135.6091   0.0000  -0.0000
    58 138.4692   0.0000   0.0000
    59 139.3626   0.0000   0.0000
    60 140.2519   0.0000   0.0000
  0.375000  0.375000  0.000000
  60
     1 -68.6317  -0.0000   0.0000
     2 -33.8980  -0.0000   0.0000
     3 -33.7512  -0.0000   0.0000
     4 -33.7512  -0.0000   0.0000
     5 -11.2435   0.0000  -0.0000
     6   1.6787   0.0000   0.0000
     7   5.2074   0.0000  -0.0000
     8   5.2074   0.0000  -0.0000
     9  19.1435   0.0000  -0.0000
    10  23.5413   0.0000  -0.0000
    11  27.0328   0.0000   0.0000
    12  33.5655   0.0000   0.0000
    13  33.5655   0.0000  -0.0000
    14  39.9744   0.0000  -0.0000
    15  44.6188   0.0000   0.0000
    16  46.8515   0.0000  -0.0000
    17  46.8515   0.0000  -0.0000
    18  52.0707   0.0000   0.0000
    19  52.4209   0.0000   0.0000
    20  52.4210   0.0000   0.0000
    21  53.9611   0.0000  -0.0000
    22  57.0563   0.0000   0.0000
    23  65.5559   0.0000  -0.0000
    24  65.5565   0.0000   0.0000
    25  73.2238   0.0000  -0.0000
    26  73.2238   0.0000   0.0000
    27  73.3028   0.0000  -0.0000
    28  76.1707   0.0000   0.0000
    29  76.4228   0.0000   0.0000
    30  77.1330   0.0000  -0.0000
    31  88.4448   0.0000  -0.0000
    32  89.2793   0.0000   0.0000
    33  91.5183   0.0000  -0.0000
    34  91.5183   0.0000  -0.0000
    35  91.8061   0.0000   0.0000
    36  94.1592   0.0000   0.0000
    37  97.5494   0.0000  -0.0000
    38  97.9560   0.0000   0.0000
    39 102.5638   0.0000  -0.0000
    40 102.5638   0.0000  -0.0000
    41 103.2776   0.0000  -0.0000
    42 103.2777   0.0000   0.0000
    43 104.6223   0.0000   0.0000
    44 106.5714   0.0000  -0.0000
    45 114.5198   0.0000  -0.0000
    46 114.5199   0.0000   0.0000
    47 116.8603   0.0000   0.0000
    48 122.8778   0.0000  -0.0000
    49 122.8787   0.0000   0.0000
    50 125.0845   0.0000  -0.0000
    51 126.4825   0.0000   0.0000
    52 131.3904   0.0000  -0.0000
    53 134.2846   0.0000   0.0000
    54 134.2846   0.0000  -0.0000
    55 134.9908   0.0000   0.0000
    56 135.7289   0.0000   0.0000
    57 135.7291   0.0000  -0.0000
    58 137.0281   0.0000   0.0000
    59 143.1527   0.0000  -0.0000
    60 144.8602   0.0000   0.0000
  0.500000  0.375000  0.000000
  60
     1 -68.6251  -0.0000  -0.0000
     2 -33.9128  -0.0000  -0.0000
     3 -33.7812  -0.0000   0.0000
     4 -33.7549  -0.0000  -0.0000
     5 -10.8668   0.0000   0.0000
     6   1.3684   0.0000  -0.0000
     7   4.4152   0.0000   0.0000
     8   5.0784   0.0000  -0.0000
     9  19.4179   0.0000  -0.0000
    10  24.2952   0.0000  -0.0000
    11  26.4203   0.0000   0.0000
    12  33.8532   0.0000  -0.0000
    13  34.0473   0.0000  -0.0000
    14  41.6361   0.0000  -0.0000
    15  44.1111   0.0000   0.0000
    16  44.6323   0.0000   0.0000
    17  46.4572   0.0000   0.0000
    18  52.2839   0.0000   0.0000
    19  53.1803   0.0000  -0.0000
    20  55.9206   0.0000  -0.0000
    21  58.7808   0.0000   0.0000
    22  59.7875   0.0000  -0.0000
    23  61.0388   0.0000   0.0000
    24  63.7016   0.0000  -0.0000
    25  67.1638   0.0000  -0.0000
    26  71.0713   0.0000   0.0000
    27  71.2909   0.0000   0.0000
    28  76.8318   0.0000  -0.0000
    29  78.9090   0.0000   0.0000
    30  79.8739   0.0000  -0.0000
    31  83.0170   0.0000  -0.0000
    32  86.8761   0.0000  -0.0000
    33  89.8679   0.0000  -0.0000
    34  90.9346   0.0000   0.0000
    35  91.4989   0.0000  -0.0000
    36  92.9671   0.0000   0.0000
    37  93.3945   0.0000  -0.0000
    38  96.4909   0.0000   0.0000
    39 101.4997   0.0000  -0.0000
    40 105.1306   0.0000   0.0000
    41 105.2121   0.0000   0.0000
    42 107.1933   0.0000  -0.0000
    43 108.7133   0.0000  -0.0000
    44 112.4102   0.0000   0.0000
    45 116.4676   0.0000   0.0000
    46 117.9679   0.0000   0.0000
    47 120.4910   0.0000  -0.0000
    48 122.5246   0.0000   0.0000
    49 124.0294   0.0000  -0.0000
    50 126.9420   0.0000  -0.0000
    51 127.9176   0.0000  -0.0000
    52 129.9923   0.0000   0.0000
    53 130.8194   0.0000   0.0000
    54 132.2135   0.0000  -0.0000
    55 135.8455   0.0000   0.0000
    56 136.1853   0.0000   0.0000
    57 136.8300   0.0000  -0.0000
    58 140.7555   0.0000   0.0000
    59 141.2592   0.0000  -0.0000
    60 142.6911   0.0000  -0.0000
 -0.375000  0.375000  0.000000
  60
     1 -68.6242  -0.0000   0.0000
     2 -33.8819  -0.0000  -0.0000
     3 -33.8407  -0.0000  -0.0000
     4 -33.7387  -0.0000  -0.0000
     5 -10.6982   0.0000  -0.0000
     6   1.8557   0.0000   0.0000
     7   3.0039   0.0000   0.0000
     8   5.1727   0.0000  -0.0000
     9  20.8681   0.0000  -0.0000
    10  25.4118   0.0000  -0.0000
    11  25.8897   0.0000  -0.0000
    12  33.1301   0.0000   0.0000
    13  33.5339   0.0000   0.0000
    14  39.3333   0.0000  -0.0000
    15  44.5703   0.0000   0.0000
    16  44.8814   0.0000  -0.0000
    17  45.4484   0.0000  -0.0000
    18  52.6237   0.0000  -0.0000
    19  55.1106   0.0000  -0.0000
    20  55.7050   0.0000  -0.0000
    21  60.9794   0.0000  -0.0000
    22  61.2103   0.0000  -0.0000
    23  63.1511   0.0000   0.0000
    24  63.2395   0.0000   0.0000
    25  68.6221   0.0000  -0.0000
    26  69.6794   0.0000   0.0000
    27  70.2711   0.0000   0.0000
    28  72.8902   0.0000   0.0000
    29  78.7017   0.0000  -0.0000
    30  80.9228   0.0000   0.0000
    31  82.5358   0.0000  -0.0000
    32  83.5210   0.0000  -0.0000
    33  87.8537   0.0000   0.0000
    34  88.0684   0.0000  -0.0000
    35  91.5628   0.0000   0.0000
    36  93.0473   0.0000   0.0000
    37  94.0070   0.0000  -0.0000
    38  94.5526   0.0000  -0.0000
    39 106.0244   0.0000   0.0000
    40 106.0451   0.0000  -0.0000
    41 106.0715   0.0000  -0.0000
    42 112.8343   0.0000   0.0000
    43 114.5741   0.0000  -0.0000
    44 115.6102   0.0000  -0.0000
    45 116.6578   0.0000  -0.0000
    46 119.5388   0.0000  -0.0000
    47 119.6393   0.0000  -0.0000
    48 120.7703   0.0000  -0.0000
    49 122.2126   0.0000   0.0000
    50 122.6338   0.0000   0.0000
    51 126.0720   0.0000  -0.0000
    52 129.6128   0.0000   0.0000
    53 130.0211   0.0000  -0.0000
    54 130.7489   0.0000   0.0000
    55 131.2424   0.0000  -0.0000
    56 135.8809   0.0000   0.0000
    57 138.0449   0.0000  -0.0000
    58 139.3643   0.0000   0.0000
    59 140.8810   0.0000  -0.0000
    60 141.0912   0.0000   0.0000
  0.500000  0.500000  0.000000
  60
     1 -68.6230  -0.0000   0.0000
     2 -33.9289  -0.0000  -0.0000
     3 -33.7659  -0.0000  -0.0000
     4 -33.7659  -0.0000   0.0000
     5 -10.8172   0.0000   0.0000
     6   1.0604   0.0000  -0.0000
     7   4.9745   0.0000  -0.0000
     8   4.9745   0.0000   0.0000
     9  18.4704   0.0000   0.0000
    10  23.7652   0.0000   0.0000
    11  26.7621   0.0000  -0.0000
    12  34.6933   0.0000   0.0000
    13  34.6933   0.0000   0.0000
    14  41.9091   0.0000   0.0000
    15  43.3216   0.0000   0.0000
    16  46.9657   0.0000   0.0000
    17  46.9657   0.0000  -0.0000
    18  50.6978   0.0000   0.0000
    19  54.6794   0.0000  -0.0000
    20  54.6794   0.0000   0.0000
    21  58.9806   0.0000   0.0000
    22  61.6871   0.0000   0.0000
    23  61.6887   0.0000   0.0000
    24  61.6887   0.0000  -0.0000
    25  62.4473   0.0000   0.0000
    26  71.2415   0.0000  -0.0000
    27  71.2415   0.0000   0.0000
    28  75.3814   0.0000   0.0000
    29  77.5428   0.0000   0.0000
    30  82.3824   0.0000  -0.0000
    31  87.9723   0.0000  -0.0000
    32  88.7488   0.0000   0.0000
    33  90.2389   0.0000  -0.0000
    34  90.2389   0.0000  -0.0000
    35  91.0493   0.0000  -0.0000
    36  91.7090   0.0000   0.0000
    37  92.0936   0.0000  -0.0000
    38  96.9003   0.0000   0.0000
    39 101.9297   0.0000   0.0000
    40 101.9297   0.0000  -0.0000
    41 103.9698   0.0000  -0.0000
    42 106.0317   0.0000   0.0000
    43 106.0317   0.0000   0.0000
    44 109.7673   0.0000   0.0000
    45 120.9522   0.0000   0.0000
    46 121.2195   0.0000   0.0000
    47 121.2195   0.0000  -0.0000
    48 124.6571   0.0000   0.0000
    49 124.6571   0.0000   0.0000
    50 128.6986   0.0000   0.0000
    51 128.6986   0.0000  -0.0000
    52 131.3995   0.0000   0.0000
    53 132.1958   0.0000   0.0000
    54 135.5172   0.0000   0.0000
    55 136.5720   0.0000   0.0000
    56 137.0892   0.0000   0.0000
    57 137.8295   0.0000  -0.0000
    58 137.8295   0.0000   0.0000
    59 139.7931   0.0000  -0.0000
    60 142.4892   0.0000   0.0000
  0.375000  0.250000  0.125000
  60
     1 -68.6482  -0.0000  -0.0000
     2 -33.8547  -0.0000   0.0000
     3 -33.7348  -0.0000  -0.0000
     4 -33.6940  -0.0000   0.0000
     5 -11.9677   0.0000  -0.0000
     6   2.8868   0.0000  -0.0000
     7   5.1946   0.0000  -0.0000
     8   5.9067   0.0000  -0.0000
     9  21.9567   0.0000   0.0000
    10  22.1013   0.0000  -0.0000
    11  28.8499   0.0000   0.0000
    12  31.0863   0.0000   0.0000
    13  31.5819   0.0000  -0.0000
    14  36.7264   0.0000  -0.0000
    15  42.2060   0.0000  -0.0000
    16  44.3798   0.0000  -0.0000
    17  47.0955   0.0000   0.0000
    18  47.6137   0.0000  -0.0000
    19  50.3563   0.0000   0.0000
    20  54.6119   0.0000   0.0000
    21  57.0488   0.0000   0.0000
    22  61.6291   0.0000   0.0000
    23  63.8672   0.0000   0.0000
    24  67.4944   0.0000  -0.0000
    25  71.7331   0.0000  -0.0000
    26  76.6844   0.0000   0.0000
    27  78.8221   0.0000  -0.0000
    28  80.1724   0.0000   0.0000
    29  81.0775   0.0000   0.0000
    30  85.4438   0.0000   0.0000
    31  87.6696   0.0000  -0.0000
    32  89.0454   0.0000   0.0000
    33  89.1533   0.0000   0.0000
    34  89.6462   0.0000  -0.0000
    35  90.8593   0.0000   0.0000
    36  94.1118   0.0000   0.0000
    37  96.2471   0.0000   0.0000
    38  96.2516   0.0000   0.0000
    39 102.2504   0.0000  -0.0000
    40 103.8098   0.0000   0.0000
    41 105.3885   0.0000   0.0000
    42 106.6045   0.0000  -0.0000
    43 107.3370   0.0000  -0.0000
    44 108.3893   0.0000  -0.0000
    45 108.4196   0.0000   0.0000
    46 112.8356   0.0000  -0.0000
    47 113.8030   0.0000   0.0000
    48 117.6841   0.0000  -0.0000
    49 119.7483   0.0000  -0.0000
    50 119.9218   0.0000   0.0000
    51 120.6680   0.0000  -0.0000
    52 127.1204   0.0000  -0.0000
    53 127.7085   0.0000  -0.0000
    54 130.4385   0.0000   0.0000
    55 132.6685   0.0000  -0.0000
    56 134.1881   0.0000  -0.0000
    57 136.0227   0.0000   0.0000
    58 139.9240   0.0000   0.0000
    59 140.0444   0.0000   0.0000
    60 142.4955   0.0000  -0.0000
  0.500000  0.250000  0.125000
  60
     1 -68.6355  -0.0000   0.0000
     2 -33.9132  -0.0000  -0.0000
     3 -33.7623  -0.0000  -0.0000
     4 -33.7081  -0.0000  -0.0000
     5 -11.2072   0.0000  -0.0000
     6   1.7206   0.0000   0.0000
     7   4.3339   0.0000   0.0000
     8   5.5095   0.0000  -0.0000
     9  21.6390   0.0000   0.0000
    10  23.8354   0.0000   0.0000
    11  27.8407   0.0000  -0.0000
    12  31.3383   0.0000  -0.0000
    13  33.5318   0.0000   0.0000
    14  37.2668   0.0000  -0.0000
    15  42.4252   0.0000   0.0000
    16  45.8780   0.0000  -0.0000
    17  46.8754   0.0000   0.0000
    18  49.3104   0.0000   0.0000
    19  50.3169   0.0000  -0.0000
    20  56.5127   0.0000  -0.0000
    21  58.6313   0.0000   0.0000
    22  59.3948   0.0000   0.0000
    23  64.4240   0.0000   0.0000
    24  69.0323   0.0000  -0.0000
    25  70.6398   0.0000   0.0000
    26  73.0530   0.0000   0.0000
    27  75.2197   0.0000   0.0000
    28  77.8494   0.0000  -0.0000
    29  80.2147   0.0000   0.0000
    30  80.8693   0.0000  -0.0000
    31  82.2959   0.0000   0.0000
    32  85.6822   0.0000  -0.0000
    33  86.6019   0.0000  -0.0000
    34  88.6363   0.0000  -0.0000
    35  89.5626   0.0000  -0.0000
    36  94.4629   0.0000   0.0000
    37  96.4039   0.0000   0.0000
    38  99.9001   0.0000  -0.0000
    39 101.1248   0.0000  -0.0000
    40 105.0209   0.0000   0.0000
    41 106.2259   0.0000  -0.0000
    42 106.8556   0.0000   0.0000
    43 109.1398   0.0000  -0.0000
    44 111.6061   0.0000   0.0000
    45 112.3076   0.0000   0.0000
    46 114.4663   0.0000   0.0000
    47 116.9666   0.0000   0.0000
    48 121.7144   0.0000  -0.0000
    49 122.2367   0.0000  -0.0000
    50 124.6620   0.0000   0.0000
    51 126.6993   0.0000  -0.0000
    52 128.2968   0.0000  -0.0000
    53 129.4862   0.0000   0.0000
    54 129.7670   0.0000   0.0000
    55 132.6684   0.0000   0.0000
    56 134.8643   0.0000  -0.0000
    57 137.2737   0.0000   0.0000
    58 139.9248   0.0000   0.0000
    59 140.7962   0.0000   0.0000
    60 143.8705   0.0000   0.0000
 -0.375000  0.250000  0.125000
  60
     1 -68.6303  -0.0000  -0.0000
     2 -33.9384  -0.0000   0.0000
     3 -33.7688  -0.0000   0.0000
     4 -33.7172  -0.0000   0.0000
     5 -10.8535   0.0000   0.0000
     6   1.1826   0.0000   0.0000
     7   4.0280   0.0000  -0.0000
     8   5.3346   0.0000  -0.0000
     9  21.5457   0.0000  -0.0000
    10  24.6906   0.0000   0.0000
    11  27.6295   0.0000  -0.0000
    12  31.1473   0.0000  -0.0000
    13  34.8738   0.0000   0.0000
    14  36.9972   0.0000  -0.0000
    15  42.3926   0.0000  -0.0000
    16  45.5501   0.0000   0.0000
    17  46.5733   0.0000   0.0000
    18  48.8370   0.0000  -0.0000
    19  53.3264   0.0000  -0.0000
    20  54.0035   0.0000  -0.0000
    21  62.6762   0.0000   0.0000
    22  62.8172   0.0000   0.0000
    23  65.3457   0.0000  -0.0000
    24  66.9023   0.0000   0.0000
    25  68.9652   0.0000   0.0000
    26  69.7348   0.0000  -0.0000
    27  73.4730   0.0000  -0.0000
    28  75.3477   0.0000  -0.0000
    29  78.0388   0.0000  -0.0000
    30  80.2744   0.0000   0.0000
    31  81.8998   0.0000   0.0000
    32  85.4870   0.0000   0.0000
    33  85.9790   0.0000  -0.0000
    34  88.0400   0.0000  -0.0000
    35  89.9423   0.0000  -0.0000
    36  93.1865   0.0000   0.0000
    37  97.8131   0.0000   0.0000
    38  98.6811   0.0000  -0.0000
    39 102.6961   0.0000  -0.0000
    40 103.3391   0.0000  -0.0000
    41 105.6543   0.0000   0.0000
    42 106.2594   0.0000  -0.0000
    43 111.5160   0.0000   0.0000
    44 113.1146   0.0000   0.0000
    45 116.4079   0.0000   0.0000
    46 119.0826   0.0000  -0.0000
    47 119.9088   0.0000   0.0000
    48 122.1071   0.0000   0.0000
    49 123.7161   0.0000  -0.0000
    50 125.1034   0.0000  -0.0000
    51 128.1724   0.0000  -0.0000
    52 128.1809   0.0000   0.0000
    53 130.2880   0.0000  -0.0000
    54 131.7949   0.0000   0.0000
    55 133.2013   0.0000   0.0000
    56 134.0192   0.0000   0.0000
    57 137.1413   0.0000  -0.0000
    58 137.2708   0.0000  -0.0000
    59 138.5455   0.0000   0.0000
    60 138.7352   0.0000   0.0000
  0.500000  0.375000  0.125000
  60
     1 -68.6304  -0.0000  -0.0000
     2 -33.8983  -0.0000   0.0000
     3 -33.7733  -0.0000   0.0000
     4 -33.7433  -0.0000   0.0000
     5 -11.0742   0.0000   0.0000
     6   1.7607   0.0000  -0.0000
     7   4.4204   0.0000  -0.0000
     8   5.0598   0.0000   0.0000
     9  20.6125   0.0000   0.0000
    10  23.9893   0.0000  -0.0000
    11  26.7150   0.0000   0.0000
    12  32.3584   0.0000   0.0000
    13  33.9494   0.0000  -0.0000
    14  39.4475   0.0000   0.0000
    15  44.7665   0.0000   0.0000
    16  45.3832   0.0000  -0.0000
    17  46.3148   0.0000  -0.0000
    18  50.3860   0.0000   0.0000
    19  51.1455   0.0000  -0.0000
    20  56.5676   0.0000  -0.0000
    21  56.8095   0.0000  -0.0000
    22  61.7264   0.0000   0.0000
    23  62.8852   0.0000  -0.0000
    24  64.4709   0.0000  -0.0000
    25  68.9530   0.0000  -0.0000
    26  71.1491   0.0000  -0.0000
    27  76.8554   0.0000   0.0000
    28  77.4804   0.0000  -0.0000
    29  78.8525   0.0000  -0.0000
    30  79.7382   0.0000  -0.0000
    31  83.8504   0.0000   0.0000
    32  84.4795   0.0000  -0.0000
    33  87.0114   0.0000  -0.0000
    34  87.5892   0.0000  -0.0000
    35  91.3551   0.0000   0.0000
    36  92.6713   0.0000   0.0000
    37 100.0940   0.0000  -0.0000
    38 100.4507   0.0000  -0.0000
    39 103.3409   0.0000   0.0000
    40 104.4421   0.0000   0.0000
    41 105.6921   0.0000  -0.0000
    42 105.8965   0.0000  -0.0000
    43 107.5413   0.0000   0.0000
    44 111.3892   0.0000  -0.0000
    45 113.2883   0.0000   0.0000
    46 115.8661   0.0000   0.0000
    47 118.5157   0.0000  -0.0000
    48 120.8967   0.0000  -0.0000
    49 123.2789   0.0000   0.0000
    50 123.5590   0.0000  -0.0000
    51 124.5696   0.0000   0.0000
    52 128.0293   0.0000   0.0000
    53 130.7670   0.0000   0.0000
    54 132.5403   0.0000   0.0000
    55 135.1639   0.0000   0.0000
    56 135.9244   0.0000   0.0000
    57 140.4973   0.0000   0.0000
    58 141.0850   0.0000  -0.0000
    59 142.5572   0.0000   0.0000
    60 143.3208   0.0000  -0.0000
 -0.375000  0.375000  0.125000
  60
     1 -68.6251  -0.0000  -0.0000
     2 -33.8899  -0.0000   0.0000
     3 -33.8162  -0.0000  -0.0000
     4 -33.7500  -0.0000   0.0000
     5 -10.7261   0.0000  -0.0000
     6   1.8664   0.0000  -0.0000
     7   3.2786   0.0000  -0.0000
     8   4.8516   0.0000  -0.0000
     9  21.7298   0.0000  -0.0000
    10  24.5821   0.0000   0.0000
    11  26.3563   0.0000   0.0000
    12  31.4979   0.0000   0.0000
    13  35.0421   0.0000  -0.0000
    14  38.3898   0.0000   0.0000
    15  43.9911   0.0000  -0.0000
    16  45.6910   0.0000  -0.0000
    17  46.5601   0.0000   0.0000
    18  50.3797   0.0000   0.0000
    19  54.4404   0.0000   0.0000
    20  57.4144   0.0000   0.0000
    21  59.2561   0.0000   0.0000
    22  61.0063   0.0000   0.0000
    23  63.7132   0.0000   0.0000
    24  66.2464   0.0000   0.0000
    25  66.8501   0.0000  -0.0000
    26  69.0510   0.0000   0.0000
    27  73.2582   0.0000   0.0000
    28  74.9952   0.0000  -0.0000
    29  79.1598   0.0000  -0.0000
    30  80.0436   0.0000   0.0000
    31  80.4338   0.0000  -0.0000
    32  83.3159   0.0000  -0.0000
    33  84.2225   0.0000   0.0000
    34  86.9651   0.0000   0.0000
    35  89.0944   0.0000  -0.0000
    36  93.0648   0.0000   0.0000
    37  98.7592   0.0000  -0.0000
    38 101.5597   0.0000  -0.0000
    39 103.7993   0.0000  -0.0000
    40 105.7047   0.0000  -0.0000
    41 108.1585   0.0000   0.0000
    42 112.2122   0.0000  -0.0000
    43 112.4009   0.0000  -0.0000
    44 113.5152   0.0000  -0.0000
    45 115.4454   0.0000  -0.0000
    46 116.2663   0.0000   0.0000
    47 120.0380   0.0000   0.0000
    48 120.6196   0.0000   0.0000
    49 122.5140   0.0000  -0.0000
    50 123.4746   0.0000  -0.0000
    51 127.1749   0.0000   0.0000
    52 127.3187   0.0000   0.0000
    53 130.1770   0.0000   0.0000
    54 131.9653   0.0000  -0.0000
    55 133.2080   0.0000   0.0000
    56 135.1468   0.0000  -0.0000
    57 137.4999   0.0000  -0.0000
    58 140.8561   0.0000   0.0000
    59 141.6329   0.0000   0.0000
    60 141.8353   0.0000  -0.0000
 -0.250000  0.375000  0.125000
  60
     1 -68.6272  -0.0000   0.0000
     2 -33.8847  -0.0000   0.0000
     3 -33.8273  -0.0000   0.0000
     4 -33.7312  -0.0000   0.0000
     5 -10.7866   0.0000   0.0000
     6   2.0775   0.0000  -0.0000
     7   2.9613   0.0000  -0.0000
     8   5.0797   0.0000   0.0000
     9  22.9122   0.0000   0.0000
    10  23.4864   0.0000   0.0000
    11  27.0556   0.0000  -0.0000
    12  31.3366   0.0000  -0.0000
    13  35.6604   0.0000   0.0000
    14  35.8465   0.0000  -0.0000
    15  44.7972   0.0000   0.0000
    16  45.3170   0.0000  -0.0000
    17  46.4321   0.0000  -0.0000
    18  51.1549   0.0000  -0.0000
    19  51.9636   0.0000  -0.0000
    20  58.5360   0.0000  -0.0000
    21  58.5506   0.0000   0.0000
    22  61.6724   0.0000  -0.0000
    23  63.0643   0.0000  -0.0000
    24  66.5412   0.0000  -0.0000
    25  68.8806   0.0000   0.0000
    26  72.1904   0.0000   0.0000
    27  73.7531   0.0000  -0.0000
    28  74.9120   0.0000  -0.0000
    29  75.1008   0.0000  -0.0000
    30  80.9237   0.0000   0.0000
    31  81.7455   0.0000  -0.0000
    32  84.2696   0.0000  -0.0000
    33  84.3780   0.0000  -0.0000
    34  85.9878   0.0000  -0.0000
    35  88.4574   0.0000   0.0000
    36  93.7254   0.0000  -0.0000
    37  97.8633   0.0000  -0.0000
    38 101.9855   0.0000   0.0000
    39 105.2001   0.0000  -0.0000
    40 105.9786   0.0000  -0.0000
    41 107.9023   0.0000   0.0000
    42 109.6943   0.0000  -0.0000
    43 111.3091   0.0000  -0.0000
    44 114.4693   0.0000   0.0000
    45 115.1371   0.0000   0.0000
    46 117.2555   0.0000   0.0000
    47 117.3394   0.0000  -0.0000
    48 121.2848   0.0000   0.0000
    49 122.3663   0.0000   0.0000
    50 123.1341   0.0000  -0.0000
    51 126.0239   0.0000   0.0000
    52 126.6412   0.0000   0.0000
    53 132.1579   0.0000  -0.0000
    54 133.6641   0.0000  -0.0000
    55 134.6031   0.0000  -0.0000
    56 136.6959   0.0000  -0.0000
    57 137.3466   0.0000  -0.0000
    58 139.0249   0.0000  -0.0000
    59 139.2597   0.0000   0.0000
    60 141.0711   0.0000  -0.0000
 -0.375000  0.500000  0.125000
  60
     1 -68.6230  -0.0000   0.0000
     2 -33.9047  -0.0000  -0.0000
     3 -33.7894  -0.0000   0.0000
     4 -33.7718  -0.0000   0.0000
     5 -10.7236   0.0000  -0.0000
     6   1.4636   0.0000   0.0000
     7   4.1354   0.0000  -0.0000
     8   4.6507   0.0000  -0.0000
     9  20.0787   0.0000  -0.0000
    10  24.8411   0.0000   0.0000
    11  25.9388   0.0000  -0.0000
    12  32.6473   0.0000   0.0000
    13  35.1666   0.0000  -0.0000
    14  41.5049   0.0000   0.0000
    15  42.7132   0.0000  -0.0000
    16  44.6811   0.0000   0.0000
    17  47.5267   0.0000   0.0000
    18  52.6702   0.0000   0.0000
    19  54.2899   0.0000   0.0000
    20  56.8764   0.0000   0.0000
    21  58.5497   0.0000   0.0000
    22  60.6135   0.0000   0.0000
    23  62.3774   0.0000   0.0000
    24  63.5998   0.0000   0.0000
    25  65.8501   0.0000  -0.0000
    26  68.9770   0.0000   0.0000
    27  69.9682   0.0000  -0.0000
    28  77.2971   0.0000  -0.0000
    29  80.9765   0.0000  -0.0000
    30  81.0841   0.0000   0.0000
    31  82.2995   0.0000  -0.0000
    32  82.9367   0.0000   0.0000
    33  86.5870   0.0000  -0.0000
    34  86.9775   0.0000   0.0000
    35  88.3706   0.0000   0.0000
    36  92.4042   0.0000  -0.0000
    37 100.3831   0.0000  -0.0000
    38 100.7561   0.0000  -0.0000
    39 102.1555   0.0000   0.0000
    40 104.1988   0.0000   0.0000
    41 106.4994   0.0000   0.0000
    42 107.6319   0.0000   0.0000
    43 108.2411   0.0000   0.0000
    44 117.5041   0.0000   0.0000
    45 117.5425   0.0000   0.0000
    46 120.2191   0.0000   0.0000
    47 120.5781   0.0000  -0.0000
    48 120.6899   0.0000   0.0000
    49 124.5744   0.0000  -0.0000
    50 124.7245   0.0000  -0.0000
    51 126.3423   0.0000   0.0000
    52 128.9317   0.0000   0.0000
    53 130.7286   0.0000  -0.0000
    54 132.2045   0.0000   0.0000
    55 134.9925   0.0000   0.0000
    56 136.4116   0.0000  -0.0000
    57 136.8931   0.0000   0.0000
    58 137.8136   0.0000   0.0000
    59 139.8279   0.0000  -0.0000
    60 141.3099   0.0000   0.0000
 -0.250000  0.500000  0.250000
  60
     1 -68.6229  -0.0000   0.0000
     2 -33.8467  -0.0000   0.0000
     3 -33.8467  -0.0000  -0.0000
     4 -33.7777  -0.0000   0.0000
     5 -10.6278   0.0000  -0.0000
     6   2.6069   0.0000   0.0000
     7   2.6069   0.0000   0.0000
     8   4.3356   0.0000  -0.0000
     9  23.3794   0.0000  -0.0000
    10  23.3794   0.0000   0.0000
    11  26.4467   0.0000  -0.0000
    12  30.4236   0.0000   0.0000
    13  37.0687   0.0000  -0.0000
    14  37.0687   0.0000   0.0000
    15  43.0522   0.0000  -0.0000
    16  46.2670   0.0000   0.0000
    17  48.5564   0.0000   0.0000
    18  50.6755   0.0000   0.0000
    19  56.1195   0.0000   0.0000
    20  56.1195   0.0000  -0.0000
    21  59.6586   0.0000  -0.0000
    22  60.5004   0.0000  -0.0000
    23  60.5004   0.0000  -0.0000
    24  66.9184   0.0000   0.0000
    25  71.3073   0.0000  -0.0000
    26  71.3073   0.0000   0.0000
    27  72.4808   0.0000  -0.0000
    28  72.7857   0.0000  -0.0000
    29  76.3815   0.0000  -0.0000
    30  76.3815   0.0000   0.0000
    31  80.3309   0.0000  -0.0000
    32  81.5168   0.0000   0.0000
    33  85.8677   0.0000  -0.0000
    34  86.2845   0.0000  -0.0000
    35  86.2845   0.0000  -0.0000
    36  94.0158   0.0000   0.0000
    37 102.7333   0.0000  -0.0000
    38 102.7333   0.0000  -0.0000
    39 103.3369   0.0000  -0.0000
    40 110.8671   0.0000   0.0000
    41 110.8671   0.0000  -0.0000
    42 112.6993   0.0000   0.0000
    43 114.2661   0.0000  -0.0000
    44 114.4307   0.0000  -0.0000
    45 115.0571   0.0000  -0.0000
    46 115.1405   0.0000   0.0000
    47 115.1405   0.0000   0.0000
    48 115.8500   0.0000  -0.0000
    49 124.0830   0.0000  -0.0000
    50 124.0830   0.0000  -0.0000
    51 126.4673   0.0000  -0.0000
    52 127.2822   0.0000   0.0000
    53 128.3719   0.0000  -0.0000
    54 134.8526   0.0000  -0.0000
    55 135.3782   0.0000  -0.0000
    56 135.3782   0.0000  -0.0000
    57 136.8614   0.0000  -0.0000
    58 138.1522   0.0000   0.0000
    59 138.1522   0.0000  -0.0000
    60 145.1311   0.0000   0.0000
