          29           1
  0.000000  0.000000  0.000000
  60
     1 -69.6064  -6.4410   0.0000
     2 -34.5122  -3.9389   0.0000
     3 -34.5122  -3.9389   0.0000
     4 -34.5122  -3.9389   0.0000
     5 -14.2682  -3.0584   0.0000
     6   5.9784  -1.5834   0.0000
     7   5.9784  -1.5834   0.0000
     8   5.9784  -1.5834   0.0000
     9  16.8271   0.9547   0.0000
    10  26.4595   1.5010   0.0000
    11  26.4595   1.5010   0.0000
    12  26.4595   1.5010   0.0000
    13  31.1503   1.4977   0.0000
    14  33.7561   1.7004   0.0000
    15  33.7561   1.7004   0.0000
    16  40.2168   2.2102   0.0000
    17  40.2168   2.2102   0.0000
    18  40.2168   2.2102   0.0000
    19  56.4885   2.2415   0.0000
    20  56.4885   2.2415   0.0000
    21  56.4885   2.2415   0.0000
    22  59.5184   2.1585   0.0000
    23  70.1113   2.2212   0.0000
    24  70.1113   2.2212   0.0000
    25  70.1113   2.2212   0.0000
    26  76.3975   2.1674   0.0000
    27  76.3975   2.1674   0.0000
    28  77.4307   2.3448   0.0000
    29  77.4307   2.3448   0.0000
    30  77.4307   2.3448   0.0000
    31  88.3184   2.4283   0.0000
    32  89.5286   2.4188   0.0000
    33  89.5286   2.4188   0.0000
    34  98.8313   2.2436   0.0000
    35  98.8313   2.2436   0.0000
    36  98.8313   2.2436   0.0000
    37  99.5002   2.5394   0.0000
    38  99.5002   2.5394   0.0000
    39  99.5002   2.5394   0.0000
    40 106.0691   2.5789   0.0000
    41 106.0691   2.5789   0.0000
    42 106.0691   2.5789   0.0000
    43 107.8397   2.4945   0.0000
    44 107.8397   2.4945   0.0000
    45 107.8397   2.4945   0.0000
    46 109.6386   2.4525   0.0000
    47 109.6386   2.4525   0.0000
    48 109.6386   2.4525   0.0000
    49 110.0024   2.2701   0.0000
    50 112.9085   2.1426   0.0000
    51 112.9085   2.1426   0.0000
    52 112.9085   2.1426   0.0000
    53 113.9030   2.0584   0.0000
    54 113.9030   2.0584   0.0000
    55 114.3719   2.2807   0.0000
    56 114.3719   2.2807   0.0000
    57 114.3719   2.2807   0.0000
    58 116.1222   2.4821   0.0000
    59 118.3790   2.2402   0.0000
    60 128.3169   2.8275   0.0000
  0.125000  0.000000  0.000000
  60
     1 -69.6012  -6.4416   0.0000
     2 -34.5540  -3.9359   0.0000
     3 -34.5151  -3.9383   0.0000
     4 -34.5151  -3.9383   0.0000
     5 -13.9799  -3.0591   0.0000
     6   4.9284  -1.5493   0.0000
     7   5.8063  -1.5816   0.0000
     8   5.8063  -1.5816   0.0000
     9  17.6512   0.9524   0.0000
    10  24.5298   1.4020   0.0000
    11  27.0147   1.5164   0.0000
    12  27.0147   1.5164   0.0000
    13  33.1672   1.7283   0.0000
    14  33.1672   1.7283   0.0000
    15  34.3260   1.6091   0.0000
    16  39.9656   2.1569   0.0000
    17  41.6969   2.2041   0.0000
    18  41.6969   2.2041   0.0000
    19  54.2228   2.1536   0.0000
    20  55.9524   2.1857   0.0000
    21  55.9524   2.1857   0.0000
    22  61.3298   2.1977   0.0000
    23  66.4774   2.2196   0.0000
    24  66.4774   2.2196   0.0000
    25  71.7434   2.3060   0.0000
    26  74.1589   2.2100   0.0000
    27  74.1589   2.2100   0.0000
    28  77.9165   2.3487   0.0000
    29  85.1422   2.3813   0.0000
    30  85.1422   2.3813   0.0000
    31  87.8668   2.4277   0.0000
    32  88.1408   2.3914   0.0000
    33  88.1408   2.3914   0.0000
    34  94.5335   2.2585   0.0000
    35  95.5402   2.2861   0.0000
    36  95.5402   2.2861   0.0000
    37  96.1881   2.3478   0.0000
    38  99.3432   2.4685   0.0000
    39  99.3432   2.4685   0.0000
    40 100.2470   2.4212   0.0000
    41 100.2470   2.4212   0.0000
    42 101.3824   2.4465   0.0000
    43 106.3424   2.4116   0.0000
    44 106.6104   2.1944   0.0000
    45 106.6104   2.1944   0.0000
    46 108.0329   2.3460   0.0000
    47 109.8263   2.4893   0.0000
    48 112.0936   2.4022   0.0000
    49 112.0936   2.4022   0.0000
    50 114.6215   2.4245   0.0000
    51 114.6215   2.4245   0.0000
    52 116.1332   2.4695   0.0000
    53 116.1332   2.4695   0.0000
    54 117.0274   2.5004   0.0000
    55 117.0677   2.5002   0.0000
    56 119.9901   2.2538   0.0000
    57 123.3115   2.4337   0.0000
    58 124.0726   2.1940   0.0000
    59 124.0726   2.1940   0.0000
    60 128.3829   2.6994   0.0000
  0.250000  0.000000  0.000000
  60
     1 -69.5884  -6.4432   0.0000
     2 -34.6531  -3.9289   0.0000
     3 -34.5221  -3.9368   0.0000
     4 -34.5221  -3.9368   0.0000
     5 -13.2178  -3.0666   0.0000
     6   2.6949  -1.5630   0.0000
     7   5.4115  -1.5807   0.0000
     8   5.4115  -1.5807   0.0000
     9  18.7770   1.0551   0.0000
    10  23.3346   1.2837   0.0000
    11  28.1171   1.5551   0.0000
    12  28.1171   1.5551   0.0000
    13  32.9008   1.7571   0.0000
    14  32.9008   1.7571   0.0000
    15  36.6499   1.9339   0.0000
    16  42.1557   1.8793   0.0000
    17  44.6913   2.2478   0.0000
    18  44.6913   2.2478   0.0000
    19  51.3982   2.0230   0.0000
    20  53.3640   2.0181   0.0000
    21  53.3640   2.0181   0.0000
    22  62.8474   2.2519   0.0000
    23  62.8474   2.2519   0.0000
    24  64.2500   2.2304   0.0000
    25  74.5863   2.4549   0.0000
    26  75.2115   2.2278   0.0000
    27  75.2115   2.2278   0.0000
    28  79.3703   2.3610   0.0000
    29  82.4390   2.3676   0.0000
    30  82.4390   2.3676   0.0000
    31  83.4353   2.2583   0.0000
    32  87.6498   2.2527   0.0000
    33  90.0983   2.2723   0.0000
    34  90.0983   2.2723   0.0000
    35  92.4517   2.3908   0.0000
    36  93.3391   2.4713   0.0000
    37  93.3391   2.4713   0.0000
    38  95.0813   2.4143   0.0000
    39  97.3282   2.3293   0.0000
    40  97.3282   2.3293   0.0000
    41  99.8621   2.3473   0.0000
    42  99.8621   2.3473   0.0000
    43 104.4850   2.2978   0.0000
    44 104.6944   2.2780   0.0000
    45 104.6944   2.2780   0.0000
    46 106.2614   2.4825   0.0000
    47 113.3307   2.5207   0.0000
    48 114.2840   2.5608   0.0000
    49 114.2840   2.5608   0.0000
    50 116.1838   2.6041   0.0000
    51 119.1109   2.4554   0.0000
    52 119.1109   2.4554   0.0000
    53 124.6275   2.4878   0.0000
    54 124.6275   2.4878   0.0000
    55 126.2868   2.5307   0.0000
    56 127.0413   2.4959   0.0000
    57 129.4329   2.4644   0.0000
    58 129.4328   2.4644   0.0000
    59 131.8249   2.2237   0.0000
    60 137.5310   2.5887   0.0000
  0.375000  0.000000  0.000000
  60
     1 -69.5757  -6.4449   0.0000
     2 -34.7501  -3.9220   0.0000
     3 -34.5291  -3.9352   0.0000
     4 -34.5291  -3.9352   0.0000
     5 -12.3231  -3.0925   0.0000
     6   0.6317  -1.5878   0.0000
     7   5.0421  -1.5832   0.0000
     8   5.0421  -1.5832   0.0000
     9  18.7123   1.1042   0.0000
    10  24.2570   1.2921   0.0000
    11  28.5272   1.5861   0.0000
    12  28.5272   1.5861   0.0000
    13  34.4753   1.8252   0.0000
    14  34.4753   1.8252   0.0000
    15  35.8500   1.9686   0.0000
    16  44.7585   1.8769   0.0000
    17  46.8120   2.1829   0.0000
    18  46.8120   2.1829   0.0000
    19  49.5439   2.0088   0.0000
    20  49.5439   2.0088   0.0000
    21  53.3766   1.9212   0.0000
    22  63.4102   2.2372   0.0000
    23  63.4102   2.2372   0.0000
    24  67.0644   2.1952   0.0000
    25  72.1414   2.2536   0.0000
    26  75.2560   2.3053   0.0000
    27  75.2560   2.3053   0.0000
    28  77.5601   2.2267   0.0000
    29  77.5601   2.2267   0.0000
    30  78.4177   2.5243   0.0000
    31  81.7699   2.3872   0.0000
    32  83.0209   2.2228   0.0000
    33  85.1643   2.2390   0.0000
    34  85.1643   2.2390   0.0000
    35  89.7651   2.3767   0.0000
    36  92.4544   2.5188   0.0000
    37  92.8809   2.4162   0.0000
    38  92.8809   2.4162   0.0000
    39  98.0957   2.3055   0.0000
    40  98.0957   2.3055   0.0000
    41 103.9569   2.3473   0.0000
    42 105.4373   2.4024   0.0000
    43 105.4373   2.4024   0.0000
    44 105.8939   2.3539   0.0000
    45 107.3727   2.4654   0.0000
    46 107.3727   2.4654   0.0000
    47 112.6695   2.6270   0.0000
    48 113.6168   2.5503   0.0000
    49 113.6168   2.5503   0.0000
    50 121.0866   2.5524   0.0000
    51 126.1664   2.5505   0.0000
    52 126.1664   2.5505   0.0000
    53 128.5544   2.4932   0.0000
    54 131.5238   2.5747   0.0000
    55 131.5238   2.5747   0.0000
    56 133.4272   2.4296   0.0000
    57 133.4272   2.4296   0.0000
    58 134.2508   2.4592   0.0000
    59 134.4488   2.4697   0.0000
    60 134.4488   2.4698   0.0000
  0.500000  0.000000  0.000000
  60
     1 -69.5704  -6.4455   0.0000
     2 -34.7896  -3.9192   0.0000
     3 -34.5320  -3.9346   0.0000
     4 -34.5320  -3.9346   0.0000
     5 -11.8947  -3.1160   0.0000
     6  -0.2239  -1.5867   0.0000
     7   4.8956  -1.5849   0.0000
     8   4.8956  -1.5849   0.0000
     9  18.5287   1.0988   0.0000
    10  24.9609   1.3333   0.0000
    11  28.5088   1.5924   0.0000
    12  28.5088   1.5924   0.0000
    13  35.4024   1.9611   0.0000
    14  35.9546   1.9042   0.0000
    15  35.9546   1.9042   0.0000
    16  44.4008   1.8455   0.0000
    17  45.6007   1.8204   0.0000
    18  45.6007   1.8204   0.0000
    19  49.3535   2.3164   0.0000
    20  49.3535   2.3164   0.0000
    21  60.3044   2.0132   0.0000
    22  62.2303   1.9373   0.0000
    23  65.6098   2.2340   0.0000
    24  65.6098   2.2340   0.0000
    25  70.8130   2.2357   0.0000
    26  70.8130   2.2357   0.0000
    27  71.9090   2.3257   0.0000
    28  75.5033   2.4971   0.0000
    29  79.8763   2.3293   0.0000
    30  79.8763   2.3293   0.0000
    31  81.8794   2.1501   0.0000
    32  81.8794   2.1501   0.0000
    33  82.7260   2.3742   0.0000
    34  84.4238   2.4841   0.0000
    35  86.1383   2.2760   0.0000
    36  92.4169   2.4063   0.0000
    37  92.4169   2.4063   0.0000
    38  92.6471   2.5552   0.0000
    39  97.8608   2.2808   0.0000
    40  97.8608   2.2808   0.0000
    41 104.1738   2.4167   0.0000
    42 105.5656   2.2785   0.0000
    43 106.8776   2.4758   0.0000
    44 106.8776   2.4758   0.0000
    45 109.2471   2.5469   0.0000
    46 109.2471   2.5469   0.0000
    47 112.5198   2.5813   0.0000
    48 120.7719   2.6277   0.0000
    49 120.7719   2.6277   0.0000
    50 121.3742   2.4589   0.0000
    51 121.3742   2.4589   0.0000
    52 124.6111   2.6581   0.0000
    53 128.5144   2.4957   0.0000
    54 130.3850   2.3579   0.0000
    55 132.2101   2.5458   0.0000
    56 132.2101   2.5458   0.0000
    57 136.8389   2.4189   0.0000
    58 136.8389   2.4189   0.0000
    59 140.4162   2.4909   0.0000
    60 140.4178   2.4905   0.0000
  0.125000  0.125000  0.000000
  60
     1 -69.5994  -6.4419   0.0000
     2 -34.5508  -3.9356   0.0000
     3 -34.5243  -3.9378   0.0000
     4 -34.5243  -3.9378   0.0000
     5 -13.8912  -3.0594   0.0000
     6   4.8332  -1.5490   0.0000
     7   5.6492  -1.5789   0.0000
     8   5.6492  -1.5789   0.0000
     9  17.9615   0.9518   0.0000
    10  23.6458   1.3918   0.0000
    11  27.4578   1.5252   0.0000
    12  27.4578   1.5252   0.0000
    13  31.6460   1.7226   0.0000
    14  34.3658   1.7172   0.0000
    15  35.2549   1.6057   0.0000
    16  40.8715   2.2126   0.0000
    17  40.8715   2.2126   0.0000
    18  42.2157   2.1714   0.0000
    19  54.3996   2.1303   0.0000
    20  55.2791   2.1645   0.0000
    21  55.2791   2.1645   0.0000
    22  62.1585   2.2193   0.0000
    23  67.2573   2.1736   0.0000
    24  67.5221   2.2677   0.0000
    25  67.5221   2.2677   0.0000
    26  70.6337   2.2300   0.0000
    27  77.2203   2.2401   0.0000
    28  82.6238   2.3925   0.0000
    29  82.6238   2.3925   0.0000
    30  86.8462   2.3909   0.0000
    31  87.6640   2.3930   0.0000
    32  88.8836   2.4732   0.0000
    33  88.9482   2.3453   0.0000
    34  91.0879   2.3349   0.0000
    35  91.0879   2.3349   0.0000
    36  95.5027   2.1282   0.0000
    37  97.3237   2.3917   0.0000
    38  97.3237   2.3917   0.0000
    39  99.4422   2.4348   0.0000
    40 100.1752   2.1632   0.0000
    41 103.8051   2.4305   0.0000
    42 103.8051   2.4305   0.0000
    43 105.0400   2.3609   0.0000
    44 105.0400   2.3609   0.0000
    45 105.4894   2.4142   0.0000
    46 106.7924   2.3279   0.0000
    47 109.9337   2.5115   0.0000
    48 110.1129   2.6328   0.0000
    49 113.8657   2.1431   0.0000
    50 114.5774   2.5759   0.0000
    51 114.5774   2.5759   0.0000
    52 115.6826   2.5034   0.0000
    53 116.7889   2.2704   0.0000
    54 116.7889   2.2704   0.0000
    55 118.0475   2.1852   0.0000
    56 122.7851   2.5251   0.0000
    57 122.7851   2.5251   0.0000
    58 125.7281   2.5108   0.0000
    59 129.0315   2.4475   0.0000
    60 129.3517   2.1124   0.0000
  0.250000  0.125000  0.000000
  60
     1 -69.5892  -6.4431   0.0000
     2 -34.6229  -3.9305   0.0000
     3 -34.5358  -3.9364   0.0000
     4 -34.5301  -3.9364   0.0000
     5 -13.3060  -3.0645   0.0000
     6   3.2345  -1.5628   0.0000
     7   5.2498  -1.5696   0.0000
     8   5.2778  -1.5796   0.0000
     9  19.2133   1.0256   0.0000
    10  22.2551   1.2991   0.0000
    11  28.2552   1.5711   0.0000
    12  28.5595   1.5665   0.0000
    13  30.6031   1.7013   0.0000
    14  34.6625   1.7644   0.0000
    15  38.3713   1.8707   0.0000
    16  41.9047   1.9736   0.0000
    17  42.9217   2.2102   0.0000
    18  44.5163   2.2320   0.0000
    19  51.5673   2.0216   0.0000
    20  52.8590   2.0325   0.0000
    21  55.5478   2.0915   0.0000
    22  62.3965   2.2239   0.0000
    23  62.3561   2.1821   0.0000
    24  65.8940   2.2853   0.0000
    25  68.7031   2.2520   0.0000
    26  73.1772   2.3586   0.0000
    27  77.0417   2.3282   0.0000
    28  82.0638   2.2893   0.0000
    29  84.2370   2.3461   0.0000
    30  85.0996   2.3987   0.0000
    31  85.7859   2.3636   0.0000
    32  87.4947   2.3819   0.0000
    33  87.5031   2.3565   0.0000
    34  90.0051   2.4144   0.0000
    35  90.9747   2.1977   0.0000
    36  92.6124   2.3090   0.0000
    37  94.5111   2.3695   0.0000
    38  94.7932   2.1920   0.0000
    39  97.2243   2.3618   0.0000
    40  97.8080   2.2964   0.0000
    41  99.6359   2.3814   0.0000
    42 101.8463   2.3996   0.0000
    43 102.6442   2.4668   0.0000
    44 104.2986   2.4712   0.0000
    45 107.7849   2.3237   0.0000
    46 110.9450   2.3450   0.0000
    47 112.0224   2.5629   0.0000
    48 112.8723   2.4062   0.0000
    49 112.9459   2.3751   0.0000
    50 115.1653   2.6158   0.0000
    51 115.4893   2.5124   0.0000
    52 117.7741   2.5023   0.0000
    53 117.8075   2.4923   0.0000
    54 124.9916   2.4335   0.0000
    55 126.4773   2.4322   0.0000
    56 129.7938   2.3025   0.0000
    57 130.5345   2.4742   0.0000
    58 130.9490   2.4482   0.0000
    59 131.2098   2.5742   0.0000
    60 134.5275   2.4984   0.0000
  0.375000  0.125000  0.000000
  60
     1 -69.5764  -6.4447   0.0000
     2 -34.7144  -3.9241   0.0000
     3 -34.5429  -3.9349   0.0000
     4 -34.5411  -3.9344   0.0000
     5 -12.4691  -3.0841   0.0000
     6   1.3233  -1.5856   0.0000
     7   4.6945  -1.5608   0.0000
     8   4.9236  -1.5841   0.0000
     9  19.5091   1.1104   0.0000
    10  23.0084   1.2431   0.0000
    11  27.7913   1.5981   0.0000
    12  29.1603   1.6063   0.0000
    13  32.0298   1.7370   0.0000
    14  35.7166   1.8435   0.0000
    15  38.1703   1.9990   0.0000
    16  45.2980   1.9866   0.0000
    17  45.8361   2.0969   0.0000
    18  46.2847   2.2374   0.0000
    19  48.2946   1.8952   0.0000
    20  51.6920   1.9705   0.0000
    21  55.0265   2.0355   0.0000
    22  60.4677   2.1461   0.0000
    23  61.9029   2.2268   0.0000
    24  68.4490   2.2806   0.0000
    25  70.6413   2.2701   0.0000
    26  72.8718   2.2736   0.0000
    27  75.6275   2.3558   0.0000
    28  77.7499   2.2908   0.0000
    29  77.9687   2.2923   0.0000
    30  79.3997   2.3758   0.0000
    31  82.9499   2.2994   0.0000
    32  84.7497   2.2572   0.0000
    33  86.5827   2.2578   0.0000
    34  87.4634   2.4286   0.0000
    35  89.5538   2.3406   0.0000
    36  92.1527   2.2838   0.0000
    37  92.7533   2.3018   0.0000
    38  95.0317   2.3354   0.0000
    39  95.5130   2.4974   0.0000
    40  98.3735   2.3904   0.0000
    41 101.6814   2.3928   0.0000
    42 103.6480   2.4672   0.0000
    43 105.1479   2.5208   0.0000
    44 106.3703   2.5430   0.0000
    45 109.5137   2.4058   0.0000
    46 109.9279   2.2633   0.0000
    47 112.2453   2.4718   0.0000
    48 115.0892   2.6421   0.0000
    49 115.3529   2.4467   0.0000
    50 118.6340   2.3033   0.0000
    51 121.5015   2.3719   0.0000
    52 122.2381   2.5943   0.0000
    53 125.5407   2.5952   0.0000
    54 126.1357   2.5354   0.0000
    55 131.2820   2.5631   0.0000
    56 132.0384   2.6356   0.0000
    57 132.1805   2.6289   0.0000
    58 136.5720   2.4933   0.0000
    59 138.0740   2.4659   0.0000
    60 138.1147   2.5045   0.0000
  0.500000  0.125000  0.000000
  60
     1 -69.5686  -6.4457   0.0000
     2 -34.7685  -3.9203   0.0000
     3 -34.5545  -3.9329   0.0000
     4 -34.5414  -3.9342   0.0000
     5 -11.8704  -3.1128   0.0000
     6   0.1503  -1.5835   0.0000
     7   4.2870  -1.5609   0.0000
     8   4.7745  -1.5869   0.0000
     9  19.3121   1.0979   0.0000
    10  24.3215   1.2978   0.0000
    11  27.3531   1.5918   0.0000
    12  29.1449   1.6202   0.0000
    13  34.1083   1.8238   0.0000
    14  36.4785   1.9046   0.0000
    15  37.7005   1.9887   0.0000
    16  44.9144   1.8964   0.0000
    17  45.1425   1.8729   0.0000
    18  46.0971   2.0260   0.0000
    19  49.5379   2.2386   0.0000
    20  51.2386   2.1461   0.0000
    21  58.8871   1.9602   0.0000
    22  63.4695   2.1269   0.0000
    23  64.3837   2.2192   0.0000
    24  64.8514   2.0469   0.0000
    25  68.5516   2.1856   0.0000
    26  71.2966   2.2378   0.0000
    27  73.2105   2.2819   0.0000
    28  73.3319   2.3707   0.0000
    29  76.9027   2.5221   0.0000
    30  78.5988   2.2321   0.0000
    31  79.2329   2.3750   0.0000
    32  82.9082   2.2410   0.0000
    33  84.2531   2.3379   0.0000
    34  87.8497   2.3009   0.0000
    35  89.3911   2.4803   0.0000
    36  92.4162   2.2927   0.0000
    37  92.5350   2.3607   0.0000
    38  93.4187   2.3128   0.0000
    39  96.4021   2.4937   0.0000
    40  96.8467   2.3774   0.0000
    41 100.3860   2.3933   0.0000
    42 104.4808   2.5426   0.0000
    43 109.1874   2.7008   0.0000
    44 109.4640   2.4218   0.0000
    45 110.4548   2.3226   0.0000
    46 113.2502   2.4562   0.0000
    47 114.6543   2.5234   0.0000
    48 118.5824   2.4064   0.0000
    49 121.3516   2.5677   0.0000
    50 121.8809   2.5098   0.0000
    51 121.9110   2.5211   0.0000
    52 123.5485   2.5108   0.0000
    53 127.9179   2.4629   0.0000
    54 129.4712   2.4662   0.0000
    55 130.3832   2.5250   0.0000
    56 130.2527   2.3756   0.0000
    57 134.0610   2.6227   0.0000
    58 135.1620   2.5592   0.0000
    59 136.4474   2.5162   0.0000
    60 138.5265   2.4279   0.0000
 -0.375000  0.125000  0.000000
  60
     1 -69.5704  -6.4455   0.0000
     2 -34.7562  -3.9212   0.0000
     3 -34.5616  -3.9328   0.0000
     4 -34.5323  -3.9347   0.0000
     5 -12.0019  -3.1052   0.0000
     6   0.4184  -1.5838   0.0000
     7   4.2287  -1.5589   0.0000
     8   4.9042  -1.5854   0.0000
     9  19.4404   1.0986   0.0000
    10  24.0737   1.2824   0.0000
    11  27.5005   1.5906   0.0000
    12  29.1608   1.6222   0.0000
    13  34.1146   1.7960   0.0000
    14  35.1039   1.8626   0.0000
    15  37.8711   1.9982   0.0000
    16  45.0875   1.9123   0.0000
    17  46.0430   2.1225   0.0000
    18  46.6700   1.9003   0.0000
    19  48.2965   2.1831   0.0000
    20  52.1591   2.1138   0.0000
    21  56.4678   1.9403   0.0000
    22  61.1201   2.1539   0.0000
    23  64.4697   2.1924   0.0000
    24  67.3872   2.0876   0.0000
    25  70.4201   2.2701   0.0000
    26  71.8979   2.2761   0.0000
    27  73.2271   2.3259   0.0000
    28  74.3776   2.2590   0.0000
    29  77.9883   2.4072   0.0000
    30  78.0818   2.2276   0.0000
    31  78.5846   2.4510   0.0000
    32  82.7772   2.2686   0.0000
    33  84.6697   2.3144   0.0000
    34  87.6913   2.3045   0.0000
    35  88.8515   2.4539   0.0000
    36  92.8188   2.3078   0.0000
    37  93.5379   2.3873   0.0000
    38  94.8068   2.3064   0.0000
    39  96.5876   2.4345   0.0000
    40  97.1154   2.4195   0.0000
    41  98.6782   2.3187   0.0000
    42 105.3691   2.6206   0.0000
    43 107.3340   2.6058   0.0000
    44 109.3249   2.4714   0.0000
    45 109.8618   2.4341   0.0000
    46 113.1364   2.4147   0.0000
    47 113.2077   2.3812   0.0000
    48 117.4589   2.4444   0.0000
    49 119.0631   2.4950   0.0000
    50 120.7566   2.4924   0.0000
    51 123.3864   2.6380   0.0000
    52 125.8295   2.5599   0.0000
    53 127.3604   2.4909   0.0000
    54 128.3674   2.4489   0.0000
    55 129.7641   2.5144   0.0000
    56 132.3450   2.5280   0.0000
    57 133.0590   2.4043   0.0000
    58 134.3069   2.4767   0.0000
    59 136.7870   2.4386   0.0000
    60 138.5965   2.5563   0.0000
 -0.250000  0.125000  0.000000
  60
     1 -69.5807  -6.4442   0.0000
     2 -34.6860  -3.9262   0.0000
     3 -34.5563  -3.9342   0.0000
     4 -34.5208  -3.9361   0.0000
     5 -12.7434  -3.0760   0.0000
     6   1.9443  -1.5782   0.0000
     7   4.5703  -1.5540   0.0000
     8   5.2538  -1.5826   0.0000
     9  19.6620   1.0854   0.0000
    10  22.7864   1.2422   0.0000
    11  27.9658   1.5828   0.0000
    12  29.0696   1.5938   0.0000
    13  31.5825   1.7270   0.0000
    14  34.3694   1.8128   0.0000
    15  38.4330   1.9947   0.0000
    16  43.6638   2.0593   0.0000
    17  45.8925   2.0260   0.0000
    18  46.1984   2.2792   0.0000
    19  48.3996   1.9017   0.0000
    20  52.8512   1.9989   0.0000
    21  55.3238   2.0298   0.0000
    22  59.3874   2.1783   0.0000
    23  61.7943   2.1776   0.0000
    24  67.4503   2.3064   0.0000
    25  71.3725   2.2882   0.0000
    26  75.1914   2.4543   0.0000
    27  76.0421   2.2780   0.0000
    28  78.3633   2.3162   0.0000
    29  80.5132   2.2878   0.0000
    30  81.2602   2.2854   0.0000
    31  82.4406   2.2503   0.0000
    32  85.3917   2.2943   0.0000
    33  86.6042   2.2703   0.0000
    34  87.0477   2.3960   0.0000
    35  89.3311   2.3459   0.0000
    36  93.4294   2.4927   0.0000
    37  94.0108   2.3901   0.0000
    38  96.3383   2.1425   0.0000
    39  97.3966   2.3499   0.0000
    40  98.1204   2.4270   0.0000
    41  99.0517   2.2437   0.0000
    42 101.6877   2.4126   0.0000
    43 103.4154   2.5400   0.0000
    44 105.5488   2.5057   0.0000
    45 107.3220   2.5344   0.0000
    46 111.0379   2.3422   0.0000
    47 112.2916   2.6128   0.0000
    48 115.6924   2.4019   0.0000
    49 116.6574   2.5255   0.0000
    50 116.8528   2.4362   0.0000
    51 118.2457   2.3756   0.0000
    52 123.8107   2.5446   0.0000
    53 124.0930   2.4210   0.0000
    54 126.7832   2.5600   0.0000
    55 127.9297   2.4147   0.0000
    56 128.5472   2.6038   0.0000
    57 132.3801   2.4675   0.0000
    58 133.6093   2.3808   0.0000
    59 136.4136   2.5624   0.0000
    60 136.6468   2.7351   0.0000
 -0.125000  0.125000  0.000000
  60
     1 -69.5934  -6.4426   0.0000
     2 -34.6017  -3.9323   0.0000
     3 -34.5375  -3.9365   0.0000
     4 -34.5137  -3.9376   0.0000
     5 -13.5400  -3.0620   0.0000
     6   3.7821  -1.5553   0.0000
     7   5.2361  -1.5629   0.0000
     8   5.6352  -1.5821   0.0000
     9  18.7202   0.9888   0.0000
    10  23.0847   1.3269   0.0000
    11  27.7849   1.5422   0.0000
    12  27.8755   1.5469   0.0000
    13  31.7306   1.7275   0.0000
    14  33.6032   1.7593   0.0000
    15  37.2548   1.7565   0.0000
    16  41.0927   2.1129   0.0000
    17  42.1050   2.1266   0.0000
    18  44.1546   2.2444   0.0000
    19  51.5473   2.0369   0.0000
    20  54.7256   2.1255   0.0000
    21  56.2794   2.1299   0.0000
    22  60.9770   2.1681   0.0000
    23  64.1454   2.1734   0.0000
    24  65.0919   2.2928   0.0000
    25  71.4649   2.2558   0.0000
    26  73.2883   2.3756   0.0000
    27  74.4425   2.2514   0.0000
    28  83.6510   2.4370   0.0000
    29  85.7155   2.3819   0.0000
    30  85.8119   2.4021   0.0000
    31  86.2897   2.3226   0.0000
    32  87.9226   2.4309   0.0000
    33  88.6557   2.2596   0.0000
    34  89.3250   2.2723   0.0000
    35  91.3536   2.3262   0.0000
    36  92.9305   2.3951   0.0000
    37  92.8860   2.2621   0.0000
    38  96.4803   2.3249   0.0000
    39  98.0540   2.4644   0.0000
    40  99.2498   2.0863   0.0000
    41  99.9636   2.3657   0.0000
    42 101.2435   2.5174   0.0000
    43 102.4048   2.1777   0.0000
    44 106.5293   2.3835   0.0000
    45 106.9557   2.3637   0.0000
    46 107.4543   2.5852   0.0000
    47 109.2194   2.5606   0.0000
    48 112.7384   2.7244   0.0000
    49 115.4560   2.3237   0.0000
    50 116.4948   2.4789   0.0000
    51 116.7729   2.2707   0.0000
    52 117.7034   2.2978   0.0000
    53 120.5824   2.4115   0.0000
    54 121.1429   2.4336   0.0000
    55 122.1715   2.3790   0.0000
    56 124.5070   2.7278   0.0000
    57 124.8540   2.6239   0.0000
    58 127.4743   2.5550   0.0000
    59 131.5074   2.2341   0.0000
    60 133.7799   2.2075   0.0000
  0.250000  0.250000  0.000000
  60
     1 -69.5824  -6.4439   0.0000
     2 -34.6348  -3.9282   0.0000
     3 -34.5537  -3.9351   0.0000
     4 -34.5537  -3.9351   0.0000
     5 -12.9694  -3.0689   0.0000
     6   2.6817  -1.5809   0.0000
     7   4.9512  -1.5831   0.0000
     8   4.9512  -1.5831   0.0000
     9  20.2587   1.0751   0.0000
    10  20.5277   1.2831   0.0000
    11  28.1864   1.6424   0.0000
    12  29.8160   1.6223   0.0000
    13  29.8160   1.6223   0.0000
    14  36.1446   1.7650   0.0000
    15  42.2504   1.7172   0.0000
    16  42.9253   2.2103   0.0000
    17  42.9253   2.2103   0.0000
    18  44.3222   2.1904   0.0000
    19  52.3358   1.9969   0.0000
    20  52.3358   1.9969   0.0000
    21  52.8049   2.0004   0.0000
    22  59.0212   2.0907   0.0000
    23  65.5829   2.3503   0.0000
    24  65.5829   2.3503   0.0000
    25  67.2270   2.2847   0.0000
    26  72.1023   2.2572   0.0000
    27  77.2967   2.4088   0.0000
    28  79.4655   2.3021   0.0000
    29  79.4655   2.3021   0.0000
    30  83.5809   2.0042   0.0000
    31  84.9927   2.2940   0.0000
    32  87.0794   2.3990   0.0000
    33  89.1878   2.5502   0.0000
    34  90.2816   2.4745   0.0000
    35  90.2816   2.4745   0.0000
    36  94.4906   2.2646   0.0000
    37  94.4906   2.2646   0.0000
    38  96.1575   2.2543   0.0000
    39  97.8414   2.3006   0.0000
    40  99.6499   2.3261   0.0000
    41 100.2083   2.3805   0.0000
    42 101.6063   2.3900   0.0000
    43 101.6063   2.3900   0.0000
    44 103.7308   2.2841   0.0000
    45 106.5379   2.5477   0.0000
    46 106.4730   2.3861   0.0000
    47 106.4730   2.3861   0.0000
    48 115.3525   2.5473   0.0000
    49 116.4126   2.8005   0.0000
    50 116.4126   2.8005   0.0000
    51 119.3885   2.6410   0.0000
    52 119.9045   2.1922   0.0000
    53 123.4014   2.3111   0.0000
    54 123.4014   2.3111   0.0000
    55 125.0038   2.2357   0.0000
    56 129.7608   2.5141   0.0000
    57 136.0080   2.6046   0.0000
    58 136.2716   2.6529   0.0000
    59 136.2716   2.6529   0.0000
    60 137.9121   2.5696   0.0000
  0.375000  0.250000  0.000000
  60
     1 -69.5722  -6.4451   0.0000
     2 -34.6888  -3.9243   0.0000
     3 -34.5715  -3.9329   0.0000
     4 -34.5655  -3.9337   0.0000
     5 -12.3551  -3.0838   0.0000
     6   1.5951  -1.6027   0.0000
     7   4.3055  -1.5652   0.0000
     8   4.6354  -1.5898   0.0000
     9  19.8573   1.2113   0.0000
    10  21.6367   1.1768   0.0000
    11  26.6421   1.5722   0.0000
    12  30.7136   1.6812   0.0000
    13  31.3254   1.7160   0.0000
    14  37.3700   1.8359   0.0000
    15  42.5204   2.0926   0.0000
    16  44.1740   2.1189   0.0000
    17  44.9675   2.1658   0.0000
    18  47.0844   1.8602   0.0000
    19  49.3192   1.9306   0.0000
    20  51.3216   1.9568   0.0000
    21  55.7004   2.0394   0.0000
    22  57.8381   2.0764   0.0000
    23  61.7149   2.2500   0.0000
    24  65.6820   2.3587   0.0000
    25  70.5841   2.2995   0.0000
    26  71.5869   2.2551   0.0000
    27  74.3440   2.2777   0.0000
    28  75.5652   2.3615   0.0000
    29  76.5846   2.3900   0.0000
    30  79.6296   2.0909   0.0000
    31  82.8099   2.2677   0.0000
    32  85.1085   2.3762   0.0000
    33  87.1274   2.3026   0.0000
    34  89.4278   2.5338   0.0000
    35  90.6615   2.2669   0.0000
    36  91.5082   2.2255   0.0000
    37  94.9317   2.3680   0.0000
    38  96.0091   2.4237   0.0000
    39  96.1316   2.5055   0.0000
    40  98.1136   2.4375   0.0000
    41 102.0110   2.3770   0.0000
    42 104.4546   2.4197   0.0000
    43 105.1014   2.3577   0.0000
    44 105.9935   2.4217   0.0000
    45 108.4065   2.5260   0.0000
    46 108.2655   2.3471   0.0000
    47 110.6954   2.3430   0.0000
    48 115.6565   2.6133   0.0000
    49 116.8258   2.7100   0.0000
    50 119.2922   2.4583   0.0000
    51 119.7974   2.3256   0.0000
    52 124.2234   2.4685   0.0000
    53 124.4246   2.5134   0.0000
    54 128.3648   2.6015   0.0000
    55 131.8205   2.6100   0.0000
    56 132.4041   2.6484   0.0000
    57 133.4682   2.3416   0.0000
    58 136.2238   2.5243   0.0000
    59 137.4089   2.3195   0.0000
    60 140.1078   2.6756   0.0000
  0.500000  0.250000  0.000000
  60
     1 -69.5644  -6.4461   0.0000
     2 -34.7252  -3.9221   0.0000
     3 -34.6008  -3.9300   0.0000
     4 -34.5641  -3.9331   0.0000
     5 -11.7960  -3.1079   0.0000
     6   0.8852  -1.5914   0.0000
     7   3.3209  -1.5501   0.0000
     8   4.4973  -1.5935   0.0000
     9  20.1041   1.1616   0.0000
    10  23.2411   1.2426   0.0000
    11  25.7409   1.5369   0.0000
    12  30.7282   1.7017   0.0000
    13  32.3196   1.7772   0.0000
    14  38.1143   1.9040   0.0000
    15  41.9065   2.0762   0.0000
    16  43.9873   2.0397   0.0000
    17  43.9382   1.9208   0.0000
    18  47.7327   1.9253   0.0000
    19  50.3486   2.1329   0.0000
    20  55.6702   2.1475   0.0000
    21  57.8118   1.9377   0.0000
    22  60.3884   2.1170   0.0000
    23  60.4782   2.0701   0.0000
    24  64.5788   2.1187   0.0000
    25  66.2289   2.3565   0.0000
    26  69.9336   2.2340   0.0000
    27  71.1955   2.1188   0.0000
    28  75.2695   2.3282   0.0000
    29  75.6800   2.3356   0.0000
    30  78.9384   2.4211   0.0000
    31  79.4000   2.3613   0.0000
    32  80.6191   2.3070   0.0000
    33  85.4571   2.2605   0.0000
    34  87.4436   2.5280   0.0000
    35  89.9910   2.4086   0.0000
    36  90.0003   2.2044   0.0000
    37  92.5493   2.3780   0.0000
    38  95.1010   2.3415   0.0000
    39  98.3859   2.5558   0.0000
    40  98.4218   2.4304   0.0000
    41 104.6569   2.5059   0.0000
    42 104.7907   2.3971   0.0000
    43 109.7767   2.3717   0.0000
    44 110.8507   2.7161   0.0000
    45 110.9421   2.5300   0.0000
    46 112.9298   2.3162   0.0000
    47 117.5341   2.4727   0.0000
    48 117.5408   2.3394   0.0000
    49 119.8229   2.4021   0.0000
    50 120.0303   2.3765   0.0000
    51 122.1769   2.4704   0.0000
    52 123.3687   2.4195   0.0000
    53 123.7369   2.5983   0.0000
    54 127.5710   2.5855   0.0000
    55 131.9264   2.5059   0.0000
    56 132.0245   2.5931   0.0000
    57 134.0416   2.6095   0.0000
    58 134.4963   2.5102   0.0000
    59 137.0242   2.4192   0.0000
    60 138.5034   2.6534   0.0000
 -0.375000  0.250000  0.000000
  60
     1 -69.5637  -6.4462   0.0000
     2 -34.7228  -3.9228   0.0000
     3 -34.6254  -3.9280   0.0000
     4 -34.5505  -3.9335   0.0000
     5 -11.6838  -3.1154   0.0000
     6   0.9404  -1.5690   0.0000
     7   2.7164  -1.5562   0.0000
     8   4.6056  -1.5912   0.0000
     9  20.7610   1.1533   0.0000
    10  23.4076   1.2452   0.0000
    11  26.0527   1.5439   0.0000
    12  30.5617   1.7084   0.0000
    13  33.0818   1.7872   0.0000
    14  35.1788   1.7667   0.0000
    15  41.5478   2.0910   0.0000
    16  44.3333   2.0544   0.0000
    17  44.8306   2.0896   0.0000
    18  48.3518   1.9371   0.0000
    19  51.0063   2.0436   0.0000
    20  54.0426   2.1131   0.0000
    21  58.2169   2.0723   0.0000
    22  61.0449   1.9417   0.0000
    23  63.7769   2.2214   0.0000
    24  65.7093   2.1411   0.0000
    25  66.4344   2.0591   0.0000
    26  68.6445   2.2206   0.0000
    27  69.0799   2.2754   0.0000
    28  73.9673   2.2861   0.0000
    29  76.3546   2.2626   0.0000
    30  77.6085   2.3634   0.0000
    31  79.7137   2.5223   0.0000
    32  80.2269   2.3158   0.0000
    33  83.3527   2.2565   0.0000
    34  84.8730   2.5333   0.0000
    35  90.6340   2.2551   0.0000
    36  92.2238   2.3893   0.0000
    37  92.5897   2.5277   0.0000
    38  93.3631   2.2613   0.0000
    39  99.7058   2.3385   0.0000
    40 101.2103   2.6009   0.0000
    41 102.7954   2.4377   0.0000
    42 104.3552   2.5275   0.0000
    43 109.7845   2.5362   0.0000
    44 112.5268   2.5197   0.0000
    45 112.7865   2.4979   0.0000
    46 114.4675   2.4135   0.0000
    47 117.6687   2.3106   0.0000
    48 118.5989   2.5488   0.0000
    49 119.6441   2.3595   0.0000
    50 120.9696   2.3801   0.0000
    51 123.2553   2.5586   0.0000
    52 123.2724   2.5261   0.0000
    53 126.6061   2.3810   0.0000
    54 128.0772   2.4393   0.0000
    55 129.4641   2.5238   0.0000
    56 130.4510   2.4073   0.0000
    57 131.4452   2.4490   0.0000
    58 133.6926   2.5914   0.0000
    59 134.7391   2.6043   0.0000
    60 139.2713   2.6454   0.0000
 -0.250000  0.250000  0.000000
  60
     1 -69.5704  -6.4454   0.0000
     2 -34.7055  -3.9244   0.0000
     3 -34.6084  -3.9299   0.0000
     4 -34.5326  -3.9348   0.0000
     5 -12.1058  -3.0959   0.0000
     6   1.4106  -1.5799   0.0000
     7   3.2155  -1.5414   0.0000
     8   4.9129  -1.5860   0.0000
     9  21.1159   1.1404   0.0000
    10  22.3591   1.2023   0.0000
    11  26.8623   1.5755   0.0000
    12  30.6316   1.7214   0.0000
    13  31.7381   1.6511   0.0000
    14  34.4551   1.8337   0.0000
    15  41.0952   2.0963   0.0000
    16  43.8230   2.0442   0.0000
    17  46.2006   2.2286   0.0000
    18  46.7801   1.9088   0.0000
    19  49.8290   1.9977   0.0000
    20  55.1347   1.9201   0.0000
    21  56.3761   2.1054   0.0000
    22  57.9762   2.1034   0.0000
    23  59.5025   2.1043   0.0000
    24  69.4190   2.3501   0.0000
    25  70.2042   2.2899   0.0000
    26  73.1455   2.3008   0.0000
    27  73.4825   2.1419   0.0000
    28  75.7593   2.2877   0.0000
    29  76.4855   2.2757   0.0000
    30  77.4797   2.2982   0.0000
    31  80.3158   2.3595   0.0000
    32  82.5431   2.3825   0.0000
    33  83.4821   2.3354   0.0000
    34  84.3916   2.3048   0.0000
    35  91.6474   2.5626   0.0000
    36  92.8959   2.0999   0.0000
    37  93.8989   2.5304   0.0000
    38  94.2393   2.2330   0.0000
    39  99.1073   2.4981   0.0000
    40 100.3971   2.2600   0.0000
    41 101.4831   2.4824   0.0000
    42 103.4154   2.4834   0.0000
    43 103.9423   2.6273   0.0000
    44 109.9415   2.3922   0.0000
    45 111.0214   2.5800   0.0000
    46 111.3287   2.3923   0.0000
    47 115.7278   2.6033   0.0000
    48 117.4337   2.4801   0.0000
    49 119.3289   2.3236   0.0000
    50 119.8161   2.3202   0.0000
    51 119.9568   2.3910   0.0000
    52 124.1325   2.6079   0.0000
    53 124.8463   2.5863   0.0000
    54 129.6056   2.3610   0.0000
    55 129.8748   2.5253   0.0000
    56 131.7017   2.5696   0.0000
    57 131.6825   2.4413   0.0000
    58 134.7380   2.4055   0.0000
    59 135.6156   2.4100   0.0000
    60 136.1059   2.6976   0.0000
  0.375000  0.375000  0.000000
  60
     1 -69.5654  -6.4458   0.0000
     2 -34.7068  -3.9216   0.0000
     3 -34.5836  -3.9325   0.0000
     4 -34.5836  -3.9325   0.0000
     5 -12.0369  -3.0927   0.0000
     6   1.0416  -1.6251   0.0000
     7   4.3585  -1.5977   0.0000
     8   4.3585  -1.5977   0.0000
     9  18.5791   1.2107   0.0000
    10  22.1642   1.3075   0.0000
    11  25.7332   1.4724   0.0000
    12  32.1522   1.7745   0.0000
    13  32.1522   1.7745   0.0000
    14  38.8047   1.8359   0.0000
    15  42.8399   2.0495   0.0000
    16  45.4844   2.1403   0.0000
    17  45.4844   2.1403   0.0000
    18  50.6703   1.8104   0.0000
    19  50.7796   1.8958   0.0000
    20  50.7796   1.8958   0.0000
    21  52.4837   2.0021   0.0000
    22  55.2068   2.1217   0.0000
    23  63.5287   2.3561   0.0000
    24  63.5287   2.3561   0.0000
    25  71.0401   2.3214   0.0000
    26  71.0401   2.3214   0.0000
    27  71.3433   2.0014   0.0000
    28  73.8704   2.3527   0.0000
    29  74.1916   2.2385   0.0000
    30  74.6215   2.3738   0.0000
    31  85.8333   2.3812   0.0000
    32  86.3339   2.4218   0.0000
    33  88.8229   2.5706   0.0000
    34  88.9839   2.1539   0.0000
    35  88.9839   2.1539   0.0000
    36  91.6134   2.3235   0.0000
    37  94.8068   2.1605   0.0000
    38  95.2209   2.3333   0.0000
    39  99.8016   2.3718   0.0000
    40  99.8016   2.3718   0.0000
    41 100.1958   2.7273   0.0000
    42 100.1958   2.7273   0.0000
    43 101.8346   2.2678   0.0000
    44 103.3027   2.3447   0.0000
    45 111.2290   2.4183   0.0000
    46 111.2290   2.4183   0.0000
    47 113.6939   2.4448   0.0000
    48 119.2050   2.6955   0.0000
    49 119.2050   2.6955   0.0000
    50 121.3545   2.4755   0.0000
    51 123.0007   2.5813   0.0000
    52 127.8122   2.2240   0.0000
    53 130.4143   2.6277   0.0000
    54 130.4143   2.6277   0.0000
    55 131.0966   2.6209   0.0000
    56 132.0202   2.3374   0.0000
    57 132.0202   2.3374   0.0000
    58 133.3896   2.2633   0.0000
    59 138.8266   2.7621   0.0000
    60 140.8270   2.6198   0.0000
  0.500000  0.375000  0.000000
  60
     1 -69.5602  -6.4465   0.0000
     2 -34.7196  -3.9205   0.0000
     3 -34.6089  -3.9305   0.0000
     4 -34.5868  -3.9320   0.0000
     5 -11.6987  -3.1072   0.0000
     6   0.7614  -1.6255   0.0000
     7   3.6336  -1.5682   0.0000
     8   4.2393  -1.6015   0.0000
     9  18.7832   1.1730   0.0000
    10  22.9783   1.4166   0.0000
    11  25.0797   1.3690   0.0000
    12  32.4020   1.8059   0.0000
    13  32.5600   1.8136   0.0000
    14  40.3655   1.9062   0.0000
    15  42.3893   2.0116   0.0000
    16  43.3718   1.9239   0.0000
    17  45.0649   2.0784   0.0000
    18  50.7359   1.8842   0.0000
    19  51.6214   2.0999   0.0000
    20  54.3599   1.9082   0.0000
    21  57.1684   1.8834   0.0000
    22  57.9108   2.1766   0.0000
    23  59.1756   2.2430   0.0000
    24  61.7608   2.3268   0.0000
    25  65.2185   2.1535   0.0000
    26  69.0936   2.3526   0.0000
    27  69.0266   2.0815   0.0000
    28  74.3228   2.3934   0.0000
    29  76.5521   2.3738   0.0000
    30  77.5533   2.3006   0.0000
    31  80.6169   2.2581   0.0000
    32  84.3160   2.3704   0.0000
    33  86.8982   2.7254   0.0000
    34  88.5593   2.4075   0.0000
    35  88.4425   2.1096   0.0000
    36  90.3591   2.2079   0.0000
    37  90.8498   2.2353   0.0000
    38  93.8641   2.3163   0.0000
    39  98.6776   2.3073   0.0000
    40 102.0149   2.8239   0.0000
    41 102.0138   2.6014   0.0000
    42 104.1751   2.3511   0.0000
    43 105.4993   2.4391   0.0000
    44 109.3917   2.3491   0.0000
    45 113.1454   2.4106   0.0000
    46 114.5007   2.4529   0.0000
    47 117.0561   2.6242   0.0000
    48 118.9312   2.4515   0.0000
    49 120.4409   2.4903   0.0000
    50 123.3592   2.5247   0.0000
    51 124.3363   2.5323   0.0000
    52 126.2070   2.5601   0.0000
    53 127.2304   2.3686   0.0000
    54 128.5929   2.3331   0.0000
    55 132.1695   2.6265   0.0000
    56 132.1347   2.5789   0.0000
    57 133.0388   2.5634   0.0000
    58 136.8862   2.5657   0.0000
    59 137.2247   2.6877   0.0000
    60 138.8333   2.3796   0.0000
 -0.375000  0.375000  0.000000
  60
     1 -69.5594  -6.4466   0.0000
     2 -34.6937  -3.9224   0.0000
     3 -34.6588  -3.9272   0.0000
     4 -34.5731  -3.9324   0.0000
     5 -11.5529  -3.1169   0.0000
     6   1.2347  -1.6001   0.0000
     7   2.3230  -1.5446   0.0000
     8   4.3360  -1.5984   0.0000
     9  20.0616   1.1795   0.0000
    10  24.1400   1.2675   0.0000
    11  24.5424   1.4873   0.0000
    12  31.7291   1.7793   0.0000
    13  32.1158   1.7775   0.0000
    14  38.2364   1.7988   0.0000
    15  43.0912   2.0204   0.0000
    16  43.2035   2.0542   0.0000
    17  43.9683   2.1124   0.0000
    18  51.0974   1.8796   0.0000
    19  53.4104   2.0890   0.0000
    20  54.1213   2.0733   0.0000
    21  59.1371   2.0975   0.0000
    22  59.5335   1.9883   0.0000
    23  61.3491   2.3223   0.0000
    24  61.2858   2.1122   0.0000
    25  66.7551   2.0475   0.0000
    26  67.6344   2.0302   0.0000
    27  68.1071   2.3299   0.0000
    28  70.8630   2.1241   0.0000
    29  76.2053   2.4289   0.0000
    30  78.4198   2.4788   0.0000
    31  80.1430   2.3076   0.0000
    32  80.9952   2.3745   0.0000
    33  84.9423   2.8021   0.0000
    34  85.5271   2.2040   0.0000
    35  89.0642   2.0951   0.0000
    36  90.5167   2.2108   0.0000
    37  91.0327   2.4825   0.0000
    38  91.8384   2.4298   0.0000
    39 102.8399   2.7894   0.0000
    40 102.8529   2.5846   0.0000
    41 102.9424   2.3309   0.0000
    42 109.7452   2.2293   0.0000
    43 111.3514   2.4472   0.0000
    44 112.3014   2.4316   0.0000
    45 113.4085   2.5978   0.0000
    46 115.9951   2.4540   0.0000
    47 116.3061   2.4268   0.0000
    48 117.2549   2.4127   0.0000
    49 118.6774   2.5422   0.0000
    50 119.3343   2.3620   0.0000
    51 122.5531   2.5378   0.0000
    52 126.0251   2.4883   0.0000
    53 126.3632   2.5138   0.0000
    54 127.0828   2.3555   0.0000
    55 127.6945   2.3174   0.0000
    56 132.0856   2.6065   0.0000
    57 134.0249   2.6018   0.0000
    58 135.4442   2.5826   0.0000
    59 137.0340   2.6892   0.0000
    60 137.0403   2.5532   0.0000
  0.500000  0.500000  0.000000
  60
     1 -69.5584  -6.4466   0.0000
     2 -34.7333  -3.9191   0.0000
     3 -34.5961  -3.9315   0.0000
     4 -34.5961  -3.9315   0.0000
     5 -11.6513  -3.1082   0.0000
     6   0.4703  -1.6392   0.0000
     7   4.1375  -1.6051   0.0000
     8   4.1375  -1.6051   0.0000
     9  17.9227   1.1853   0.0000
    10  22.5118   1.4675   0.0000
    11  25.3330   1.3450   0.0000
    12  33.1477   1.8578   0.0000
    13  33.1477   1.8578   0.0000
    14  40.6720   1.8910   0.0000
    15  41.5901   1.9732   0.0000
    16  45.6561   1.9890   0.0000
    17  45.6561   1.9890   0.0000
    18  49.3239   1.9418   0.0000
    19  53.1126   1.9208   0.0000
    20  53.1126   1.9208   0.0000
    21  57.0593   2.2186   0.0000
    22  59.7648   2.3348   0.0000
    23  59.7648   2.3348   0.0000
    24  60.0232   1.8354   0.0000
    25  60.7837   1.9497   0.0000
    26  69.0009   2.3968   0.0000
    27  69.0009   2.3968   0.0000
    28  72.8533   2.3500   0.0000
    29  75.2685   2.3028   0.0000
    30  80.0036   2.2877   0.0000
    31  85.8356   2.8554   0.0000
    32  85.3777   2.3753   0.0000
    33  87.7761   2.0934   0.0000
    34  87.7761   2.0934   0.0000
    35  88.0588   2.3596   0.0000
    36  89.2451   2.2908   0.0000
    37  89.4725   2.1702   0.0000
    38  94.1780   2.1565   0.0000
    39  99.1749   2.3557   0.0000
    40  99.1749   2.3557   0.0000
    41 101.1979   2.2632   0.0000
    42 102.7404   2.9062   0.0000
    43 102.7404   2.9062   0.0000
    44 106.4912   2.3888   0.0000
    45 117.3263   2.3605   0.0000
    46 117.6488   2.5000   0.0000
    47 117.6488   2.5000   0.0000
    48 121.1710   2.4628   0.0000
    49 121.1710   2.4628   0.0000
    50 125.0043   2.5128   0.0000
    51 125.0043   2.5128   0.0000
    52 127.8088   2.4563   0.0000
    53 128.6583   2.6322   0.0000
    54 131.7921   2.4735   0.0000
    55 132.4513   2.5562   0.0000
    56 133.2917   2.6945   0.0000
    57 133.8684   2.8156   0.0000
    58 133.8684   2.8156   0.0000
    59 135.9509   2.1109   0.0000
    60 138.6415   2.4509   0.0000
  0.375000  0.250000  0.125000
  60
     1 -69.5789  -6.4444   0.0000
     2 -34.6699  -3.9266   0.0000
     3 -34.5696  -3.9335   0.0000
     4 -34.5350  -3.9353   0.0000
     5 -12.6991  -3.0756   0.0000
     6   2.1613  -1.5853   0.0000
     7   4.3720  -1.5522   0.0000
     8   5.0292  -1.5805   0.0000
     9  20.5533   1.0905   0.0000
    10  21.3366   1.2385   0.0000
    11  27.6557   1.5991   0.0000
    12  30.0653   1.6223   0.0000
    13  30.3600   1.6870   0.0000
    14  35.5622   1.8190   0.0000
    15  40.7916   2.0198   0.0000
    16  42.9151   2.1073   0.0000
    17  45.3357   2.1996   0.0000
    18  46.2337   1.9651   0.0000
    19  48.6722   1.9574   0.0000
    20  52.8424   1.9816   0.0000
    21  55.3000   2.0413   0.0000
    22  59.7378   2.1761   0.0000
    23  61.9928   2.1986   0.0000
    24  65.5247   2.1969   0.0000
    25  69.4335   2.3711   0.0000
    26  74.3997   2.3976   0.0000
    27  76.4678   2.3651   0.0000
    28  77.8714   2.2645   0.0000
    29  78.7404   2.3144   0.0000
    30  82.7779   2.3291   0.0000
    31  85.2566   2.1991   0.0000
    32  86.3428   2.3853   0.0000
    33  86.6755   2.1600   0.0000
    34  86.9827   2.3805   0.0000
    35  88.4080   2.1772   0.0000
    36  91.3365   2.4371   0.0000
    37  93.2428   2.4274   0.0000
    38  93.5487   2.4955   0.0000
    39  99.4085   2.2892   0.0000
    40 100.7220   2.3885   0.0000
    41 102.3039   2.4925   0.0000
    42 103.5913   2.5395   0.0000
    43 104.3250   2.3532   0.0000
    44 105.3960   2.4059   0.0000
    45 105.3825   2.2928   0.0000
    46 109.6200   2.4634   0.0000
    47 110.7152   2.3479   0.0000
    48 114.3127   2.5091   0.0000
    49 116.2858   2.6182   0.0000
    50 116.4731   2.6311   0.0000
    51 117.2835   2.4124   0.0000
    52 123.5804   2.5423   0.0000
    53 124.2564   2.2773   0.0000
    54 126.7419   2.4041   0.0000
    55 129.0450   2.4461   0.0000
    56 130.4120   2.5290   0.0000
    57 131.9683   2.6251   0.0000
    58 135.8519   2.6208   0.0000
    59 136.0868   2.7233   0.0000
    60 138.4970   2.4666   0.0000
  0.500000  0.250000  0.125000
  60
     1 -69.5686  -6.4456   0.0000
     2 -34.7195  -3.9231   0.0000
     3 -34.5928  -3.9309   0.0000
     4 -34.5470  -3.9339   0.0000
     5 -12.0148  -3.0995   0.0000
     6   1.0884  -1.5856   0.0000
     7   3.5757  -1.5487   0.0000
     8   4.6630  -1.5821   0.0000
     9  20.6046   1.1376   0.0000
    10  22.6696   1.2192   0.0000
    11  26.5733   1.5747   0.0000
    12  30.0963   1.6787   0.0000
    13  32.3768   1.7295   0.0000
    14  36.0045   1.8691   0.0000
    15  40.9909   2.0540   0.0000
    16  44.4520   1.9891   0.0000
    17  45.1552   2.1383   0.0000
    18  47.7412   1.9533   0.0000
    19  48.7064   2.0395   0.0000
    20  54.8953   1.9962   0.0000
    21  56.8956   2.0592   0.0000
    22  57.5660   2.0940   0.0000
    23  62.5181   2.1813   0.0000
    24  67.0444   2.2468   0.0000
    25  68.6071   2.1628   0.0000
    26  70.8989   2.2466   0.0000
    27  73.0096   2.2486   0.0000
    28  75.4943   2.3456   0.0000
    29  77.9450   2.3182   0.0000
    30  78.4938   2.3864   0.0000
    31  79.6848   2.4148   0.0000
    32  83.1783   2.2226   0.0000
    33  84.0672   2.2651   0.0000
    34  86.0639   2.3374   0.0000
    35  86.9660   2.2853   0.0000
    36  91.5625   2.4720   0.0000
    37  93.5225   2.4842   0.0000
    38  97.0471   2.3403   0.0000
    39  98.1809   2.4899   0.0000
    40 102.0238   2.4577   0.0000
    41 103.2461   2.4002   0.0000
    42 103.8041   2.3617   0.0000
    43 106.0231   2.4534   0.0000
    44 108.3262   2.5110   0.0000
    45 109.1606   2.4377   0.0000
    46 111.2370   2.4242   0.0000
    47 113.6334   2.4729   0.0000
    48 118.2379   2.4912   0.0000
    49 118.7886   2.4803   0.0000
    50 121.1796   2.5357   0.0000
    51 123.1287   2.3542   0.0000
    52 124.7697   2.4095   0.0000
    53 125.7839   2.5964   0.0000
    54 126.1326   2.4964   0.0000
    55 128.8823   2.4752   0.0000
    56 131.0533   2.5506   0.0000
    57 133.4024   2.5855   0.0000
    58 135.9900   2.4967   0.0000
    59 136.8074   2.5606   0.0000
    60 139.8798   2.4228   0.0000
 -0.375000  0.250000  0.125000
  60
     1 -69.5644  -6.4461   0.0000
     2 -34.7410  -3.9217   0.0000
     3 -34.5983  -3.9298   0.0000
     4 -34.5548  -3.9333   0.0000
     5 -11.7011  -3.1163   0.0000
     6   0.6024  -1.5746   0.0000
     7   3.2890  -1.5548   0.0000
     8   4.4999  -1.5836   0.0000
     9  20.4925   1.1209   0.0000
    10  23.5734   1.2682   0.0000
    11  26.2699   1.5596   0.0000
    12  29.8887   1.6751   0.0000
    13  33.6747   1.7666   0.0000
    14  35.7110   1.8870   0.0000
    15  40.9938   2.0465   0.0000
    16  44.0429   1.9835   0.0000
    17  45.0031   2.0392   0.0000
    18  47.2017   1.9307   0.0000
    19  51.6865   2.1566   0.0000
    20  52.3414   2.0990   0.0000
    21  60.8808   2.1295   0.0000
    22  61.0203   1.9488   0.0000
    23  63.4583   2.0419   0.0000
    24  64.9318   2.1169   0.0000
    25  66.9747   2.3083   0.0000
    26  67.7310   2.2030   0.0000
    27  71.3920   2.1786   0.0000
    28  73.2021   2.1805   0.0000
    29  75.6807   2.3810   0.0000
    30  77.8329   2.4907   0.0000
    31  79.3423   2.4666   0.0000
    32  82.9038   2.3286   0.0000
    33  83.4162   2.2565   0.0000
    34  85.4774   2.3298   0.0000
    35  87.2852   2.3431   0.0000
    36  90.3623   2.4289   0.0000
    37  94.8812   2.5252   0.0000
    38  95.8241   2.3598   0.0000
    39  99.7415   2.4830   0.0000
    40 100.3902   2.4675   0.0000
    41 102.6933   2.3352   0.0000
    42 103.2799   2.2983   0.0000
    43 108.1960   2.5450   0.0000
    44 109.8613   2.5393   0.0000
    45 113.0138   2.5186   0.0000
    46 115.6443   2.5555   0.0000
    47 116.4542   2.5749   0.0000
    48 118.6717   2.3901   0.0000
    49 120.2255   2.3591   0.0000
    50 121.5874   2.4043   0.0000
    51 124.6557   2.5121   0.0000
    52 124.6591   2.3066   0.0000
    53 126.6520   2.4693   0.0000
    54 128.0966   2.5330   0.0000
    55 129.4946   2.5064   0.0000
    56 130.1819   2.4984   0.0000
    57 133.3445   2.5277   0.0000
    58 133.4482   2.6066   0.0000
    59 134.7800   2.4261   0.0000
    60 134.9425   2.4825   0.0000
  0.500000  0.375000  0.125000
  60
     1 -69.5644  -6.4460   0.0000
     2 -34.7072  -3.9224   0.0000
     3 -34.6023  -3.9307   0.0000
     4 -34.5768  -3.9325   0.0000
     5 -11.8885  -3.1005   0.0000
     6   1.1252  -1.6089   0.0000
     7   3.6474  -1.5593   0.0000
     8   4.2333  -1.5812   0.0000
     9  19.8905   1.1756   0.0000
    10  22.6058   1.2533   0.0000
    11  25.4800   1.5037   0.0000
    12  30.9734   1.7325   0.0000
    13  32.6090   1.7782   0.0000
    14  38.1895   1.8795   0.0000
    15  43.3992   1.9799   0.0000
    16  43.6526   2.0885   0.0000
    17  44.9221   2.1369   0.0000
    18  48.8854   1.8239   0.0000
    19  49.5493   2.0284   0.0000
    20  55.0650   2.0899   0.0000
    21  54.9818   1.9103   0.0000
    22  59.9124   2.0884   0.0000
    23  60.9936   2.2369   0.0000
    24  62.5078   2.2895   0.0000
    25  66.9673   2.1900   0.0000
    26  69.0436   2.2147   0.0000
    27  74.5289   2.3271   0.0000
    28  75.3519   2.0462   0.0000
    29  76.3458   2.4599   0.0000
    30  77.3212   2.4591   0.0000
    31  81.5349   2.1846   0.0000
    32  81.8938   2.3402   0.0000
    33  84.4235   2.3592   0.0000
    34  85.1769   2.2146   0.0000
    35  88.5179   2.4414   0.0000
    36  89.7205   2.5395   0.0000
    37  97.0947   2.5328   0.0000
    38  97.6467   2.3442   0.0000
    39 100.4469   2.4215   0.0000
    40 101.5652   2.2404   0.0000
    41 102.6779   2.4699   0.0000
    42 102.9491   2.4007   0.0000
    43 104.3905   2.4690   0.0000
    44 108.1642   2.4228   0.0000
    45 110.0774   2.3690   0.0000
    46 112.4741   2.6799   0.0000
    47 115.3111   2.3230   0.0000
    48 117.5347   2.4862   0.0000
    49 119.7240   2.5249   0.0000
    50 120.0830   2.4602   0.0000
    51 120.9707   2.5102   0.0000
    52 124.3725   2.4854   0.0000
    53 126.9748   2.5921   0.0000
    54 128.6905   2.5746   0.0000
    55 131.2833   2.6293   0.0000
    56 132.2338   2.2445   0.0000
    57 136.6345   2.6384   0.0000
    58 137.1486   2.5199   0.0000
    59 138.7005   2.3898   0.0000
    60 139.2682   2.5360   0.0000
 -0.375000  0.375000  0.125000
  60
     1 -69.5602  -6.4465   0.0000
     2 -34.7003  -3.9230   0.0000
     3 -34.6383  -3.9274   0.0000
     4 -34.5825  -3.9319   0.0000
     5 -11.5788  -3.1160   0.0000
     6   1.2443  -1.5873   0.0000
     7   2.5833  -1.5552   0.0000
     8   4.0427  -1.5775   0.0000
     9  20.8411   1.1688   0.0000
    10  23.3658   1.2373   0.0000
    11  25.0293   1.5126   0.0000
    12  30.1165   1.7056   0.0000
    13  33.6862   1.8226   0.0000
    14  37.1350   1.8697   0.0000
    15  42.4838   1.9812   0.0000
    16  44.0912   2.0908   0.0000
    17  45.1365   2.1037   0.0000
    18  48.8644   1.8289   0.0000
    19  52.8162   2.1031   0.0000
    20  55.6904   2.1189   0.0000
    21  57.5023   2.0558   0.0000
    22  59.2391   2.0627   0.0000
    23  61.7968   2.2622   0.0000
    24  64.3340   2.0934   0.0000
    25  64.9651   2.0998   0.0000
    26  66.9838   2.1932   0.0000
    27  71.2096   2.1146   0.0000
    28  72.9072   2.0847   0.0000
    29  76.8689   2.3171   0.0000
    30  77.5660   2.4304   0.0000
    31  78.0696   2.3512   0.0000
    32  80.7045   2.4852   0.0000
    33  81.7386   2.2725   0.0000
    34  84.3330   2.4256   0.0000
    35  86.2766   2.5980   0.0000
    36  90.1641   2.4463   0.0000
    37  95.9251   2.3485   0.0000
    38  98.6289   2.3541   0.0000
    39 100.9082   2.2963   0.0000
    40 102.6038   2.5879   0.0000
    41 104.9561   2.5423   0.0000
    42 109.0744   2.4481   0.0000
    43 109.1809   2.4339   0.0000
    44 110.3257   2.4027   0.0000
    45 112.2130   2.3514   0.0000
    46 112.9228   2.5161   0.0000
    47 116.5881   2.4850   0.0000
    48 117.2178   2.4076   0.0000
    49 118.9833   2.5317   0.0000
    50 119.9851   2.4354   0.0000
    51 123.6045   2.4816   0.0000
    52 123.8556   2.3700   0.0000
    53 126.5293   2.4957   0.0000
    54 128.2513   2.4923   0.0000
    55 129.4991   2.5197   0.0000
    56 131.3010   2.5972   0.0000
    57 133.6358   2.5899   0.0000
    58 136.9202   2.5476   0.0000
    59 137.7612   2.6284   0.0000
    60 137.7328   2.5781   0.0000
 -0.250000  0.375000  0.125000
  60
     1 -69.5619  -6.4464   0.0000
     2 -34.6958  -3.9243   0.0000
     3 -34.6477  -3.9265   0.0000
     4 -34.5666  -3.9326   0.0000
     5 -11.6357  -3.1148   0.0000
     6   1.4426  -1.5681   0.0000
     7   2.2870  -1.5618   0.0000
     8   4.2609  -1.5787   0.0000
     9  21.8251   1.1879   0.0000
    10  22.4465   1.1969   0.0000
    11  25.6812   1.5373   0.0000
    12  29.9909   1.6998   0.0000
    13  34.5439   1.8275   0.0000
    14  34.5010   1.7799   0.0000
    15  43.2491   2.0296   0.0000
    16  43.8593   2.1151   0.0000
    17  44.7879   2.1128   0.0000
    18  49.6451   1.8680   0.0000
    19  50.3503   2.0357   0.0000
    20  56.7283   2.0980   0.0000
    21  56.8336   2.1291   0.0000
    22  59.9672   1.9438   0.0000
    23  61.1923   2.2372   0.0000
    24  64.6496   2.1209   0.0000
    25  66.8157   2.2637   0.0000
    26  70.1331   2.0816   0.0000
    27  71.6840   2.1863   0.0000
    28  72.8494   2.1425   0.0000
    29  72.9112   2.1781   0.0000
    30  78.4662   2.4631   0.0000
    31  79.1230   2.5286   0.0000
    32  81.6860   2.3532   0.0000
    33  82.0547   2.2299   0.0000
    34  83.2549   2.5299   0.0000
    35  85.7818   2.4064   0.0000
    36  90.8168   2.5132   0.0000
    37  94.9222   2.4398   0.0000
    38  99.1158   2.2796   0.0000
    39 102.3023   2.2052   0.0000
    40 102.8406   2.6038   0.0000
    41 104.6897   2.5678   0.0000
    42 106.5749   2.6154   0.0000
    43 108.1169   2.4126   0.0000
    44 111.2400   2.3989   0.0000
    45 111.9128   2.3672   0.0000
    46 113.9453   2.4062   0.0000
    47 114.0924   2.4182   0.0000
    48 117.8595   2.4444   0.0000
    49 118.9255   2.4470   0.0000
    50 119.5242   2.4884   0.0000
    51 122.4477   2.4933   0.0000
    52 123.0720   2.5439   0.0000
    53 128.4248   2.5858   0.0000
    54 129.9442   2.4664   0.0000
    55 130.8637   2.5062   0.0000
    56 132.9673   2.4086   0.0000
    57 133.5746   2.4268   0.0000
    58 135.1745   2.5245   0.0000
    59 135.2879   2.5742   0.0000
    60 137.0663   2.6380   0.0000
 -0.375000  0.500000  0.125000
  60
     1 -69.5584  -6.4467   0.0000
     2 -34.7130  -3.9208   0.0000
     3 -34.6159  -3.9296   0.0000
     4 -34.6009  -3.9313   0.0000
     5 -11.5712  -3.1134   0.0000
     6   0.8584  -1.6185   0.0000
     7   3.3785  -1.5646   0.0000
     8   3.8462  -1.5792   0.0000
     9  19.3719   1.1525   0.0000
    10  23.5453   1.4809   0.0000
    11  24.6090   1.2973   0.0000
    12  31.1912   1.7574   0.0000
    13  33.6715   1.8674   0.0000
    14  40.2525   1.9038   0.0000
    15  41.2782   1.9309   0.0000
    16  43.0401   2.0438   0.0000
    17  46.2023   2.0323   0.0000
    18  51.1762   1.8412   0.0000
    19  52.7118   2.1044   0.0000
    20  55.2194   1.9762   0.0000
    21  56.8130   2.1107   0.0000
    22  58.7221   2.2743   0.0000
    23  60.5209   2.1316   0.0000
    24  61.7327   2.1511   0.0000
    25  64.0741   2.0024   0.0000
    26  66.8248   2.2811   0.0000
    27  67.9090   2.1459   0.0000
    28  74.7544   2.4222   0.0000
    29  78.4866   2.5011   0.0000
    30  78.8867   2.1295   0.0000
    31  80.0400   2.1024   0.0000
    32  80.4755   2.3542   0.0000
    33  83.9876   2.3793   0.0000
    34  84.5750   2.2137   0.0000
    35  85.4176   2.8399   0.0000
    36  89.4505   2.4123   0.0000
    37  97.5877   2.2573   0.0000
    38  97.9530   2.1876   0.0000
    39  99.3894   2.2485   0.0000
    40 101.1423   2.6584   0.0000
    41 103.4377   2.4760   0.0000
    42 104.3739   2.8087   0.0000
    43 105.1011   2.3076   0.0000
    44 114.0414   2.4982   0.0000
    45 114.2753   2.4551   0.0000
    46 116.8257   2.6151   0.0000
    47 117.1097   2.3567   0.0000
    48 117.1780   2.4017   0.0000
    49 121.1714   2.5104   0.0000
    50 121.0841   2.4204   0.0000
    51 122.7920   2.4610   0.0000
    52 125.2758   2.5613   0.0000
    53 127.1870   2.2648   0.0000
    54 128.6164   2.4636   0.0000
    55 131.1815   2.4948   0.0000
    56 132.4626   2.6529   0.0000
    57 133.1457   2.6774   0.0000
    58 133.8772   2.7738   0.0000
    59 135.9386   2.5097   0.0000
    60 137.2506   2.6085   0.0000
 -0.250000  0.500000  0.250000
  60
     1 -69.5584  -6.4467   0.0000
     2 -34.6641  -3.9251   0.0000
     3 -34.6641  -3.9251   0.0000
     4 -34.6057  -3.9311   0.0000
     5 -11.4895  -3.1192   0.0000
     6   1.9494  -1.5735   0.0000
     7   1.9494  -1.5735   0.0000
     8   3.5620  -1.5575   0.0000
     9  22.3449   1.1943   0.0000
    10  22.3449   1.1943   0.0000
    11  25.0835   1.5172   0.0000
    12  29.0483   1.6659   0.0000
    13  35.7144   1.8846   0.0000
    14  35.7144   1.8846   0.0000
    15  41.5390   1.9463   0.0000
    16  44.6232   2.1223   0.0000
    17  47.1878   2.1741   0.0000
    18  49.2586   1.6797   0.0000
    19  54.4406   2.0999   0.0000
    20  54.4406   2.0999   0.0000
    21  57.8017   2.2255   0.0000
    22  58.6905   2.1313   0.0000
    23  58.6905   2.1313   0.0000
    24  64.8401   2.1832   0.0000
    25  69.3362   2.0413   0.0000
    26  69.3362   2.0413   0.0000
    27  70.5009   2.0791   0.0000
    28  70.8301   2.0613   0.0000
    29  74.2296   2.2022   0.0000
    30  74.2296   2.2022   0.0000
    31  77.7662   2.5830   0.0000
    32  79.0008   2.2996   0.0000
    33  83.4900   2.6962   0.0000
    34  83.4900   2.6962   0.0000
    35  83.2457   2.3857   0.0000
    36  91.0934   2.4696   0.0000
    37  99.8010   2.2902   0.0000
    38  99.8010   2.2902   0.0000
    39 100.2256   2.5735   0.0000
    40 107.7501   2.4596   0.0000
    41 107.7501   2.4596   0.0000
    42 109.5454   2.3767   0.0000
    43 111.1407   2.2264   0.0000
    44 111.3321   2.3581   0.0000
    45 111.6025   2.5559   0.0000
    46 111.8101   2.4967   0.0000
    47 111.8101   2.4967   0.0000
    48 112.5444   2.4867   0.0000
    49 120.5877   2.4446   0.0000
    50 120.5877   2.4446   0.0000
    51 122.9540   2.4783   0.0000
    52 123.6366   2.4836   0.0000
    53 124.7742   2.5198   0.0000
    54 131.0289   2.4834   0.0000
    55 131.7156   2.4077   0.0000
    56 131.7156   2.4077   0.0000
    57 132.8471   2.7687   0.0000
    58 134.2466   2.6955   0.0000
    59 134.2466   2.6955   0.0000
    60 140.9754   2.6261   0.0000
