          29           1
  0.000000  0.000000  0.000000
  60
     1 -63.1865  -6.4110   0.0000
     2 -27.8974  -3.9309   0.0000
     3 -27.8974  -3.9309   0.0000
     4 -27.8974  -3.9309   0.0000
     5 -11.3424  -3.2798   0.0000
     6  12.3296  -1.7108   0.0000
     7  12.3296  -1.7108   0.0000
     8  12.3296  -1.7108   0.0000
     9  31.1470   1.2564   0.0000
    10  35.2533   1.6868   0.0000
    11  35.2533   1.6868   0.0000
    12  35.2533   1.6868   0.0000
    13  41.4583   1.8135   0.0000
    14  44.9958   1.8944   0.0000
    15  44.9958   1.8944   0.0000
    16  58.9205   2.6059   0.0000
    17  58.9206   2.6060   0.0000
    18  58.9205   2.6059   0.0000
    19  79.0680   2.7500   0.0000
    20  79.0680   2.7500   0.0000
    21  79.0680   2.7500   0.0000
    22  86.3533   2.5568   0.0000
    23  93.7425   2.4941   0.0000
    24  93.7425   2.4941   0.0000
    25  93.7425   2.4942   0.0000
    26 101.7446   2.5904   0.0000
    27 101.7446   2.5904   0.0000
    28 102.8325   2.8184   0.0000
    29 102.8325   2.8184   0.0000
    30 102.8325   2.8184   0.0000
    31 120.1864   2.6933   0.0000
    32 120.1864   2.6933   0.0000
    33 128.2194   2.9579   0.0000
    34 132.3108   2.5882   0.0000
    35 132.3108   2.5882   0.0000
    36 132.3108   2.5882   0.0000
    37 136.3726   3.0004   0.0000
    38 136.3727   3.0004   0.0000
    39 136.3726   3.0004   0.0000
    40 141.0153   3.0404   0.0000
    41 141.0153   3.0404   0.0000
    42 141.0153   3.0404   0.0000
    43 143.1802   2.9882   0.0000
    44 143.1802   2.9882   0.0000
    45 143.1802   2.9882   0.0000
    46 145.4707   3.0055   0.0000
    47 145.4707   3.0055   0.0000
    48 145.4707   3.0055   0.0000
    49 146.3142   2.7044   0.0000
    50 150.1069   2.6453   0.0000
    51 150.1069   2.6453   0.0000
    52 150.1069   2.6453   0.0000
    53 151.2058   2.5765   0.0000
    54 151.2058   2.5765   0.0000
    55 152.1052   2.7836   0.0000
    56 152.1052   2.7836   0.0000
    57 152.1052   2.7836   0.0000
    58 154.0493   2.9433   0.0000
    59 160.5449   2.8427   0.0000
    60 175.1328   3.4293   0.0000
  0.125000  0.000000  0.000000
  60
     1 -63.1538  -6.4142   0.0000
     2 -28.0971  -3.9228   0.0000
     3 -27.9069  -3.9294   0.0000
     4 -27.9069  -3.9294   0.0000
     5 -10.7880  -3.2688   0.0000
     6  10.9624  -1.7251   0.0000
     7  11.9742  -1.7077   0.0000
     8  11.9742  -1.7077   0.0000
     9  31.5798   1.3460   0.0000
    10  33.3237   1.5262   0.0000
    11  36.1364   1.7076   0.0000
    12  36.1364   1.7076   0.0000
    13  45.0494   1.9143   0.0000
    14  45.0494   1.9143   0.0000
    15  45.9613   1.9141   0.0000
    16  58.1934   2.5528   0.0000
    17  60.1267   2.6051   0.0000
    18  60.1267   2.6051   0.0000
    19  76.3255   2.6342   0.0000
    20  77.7202   2.6607   0.0000
    21  77.7202   2.6607   0.0000
    22  87.9159   2.5838   0.0000
    23  89.0447   2.5849   0.0000
    24  89.0447   2.5849   0.0000
    25  96.7899   2.6288   0.0000
    26  98.8742   2.5879   0.0000
    27  98.8742   2.5879   0.0000
    28 103.4786   2.8235   0.0000
    29 113.5592   2.8083   0.0000
    30 113.5592   2.8083   0.0000
    31 118.2469   2.7320   0.0000
    32 118.2469   2.7320   0.0000
    33 125.0445   2.8016   0.0000
    34 126.6180   2.7036   0.0000
    35 127.6224   2.6737   0.0000
    36 127.6224   2.6737   0.0000
    37 132.0623   2.8925   0.0000
    38 133.2618   2.8935   0.0000
    39 133.2618   2.8935   0.0000
    40 134.5679   2.9568   0.0000
    41 135.6222   2.9022   0.0000
    42 135.6222   2.9022   0.0000
    43 141.5085   2.7918   0.0000
    44 141.7469   2.6751   0.0000
    45 141.7469   2.6751   0.0000
    46 144.7114   2.8942   0.0000
    47 146.8040   2.9409   0.0000
    48 149.1229   2.8855   0.0000
    49 149.1229   2.8855   0.0000
    50 153.4514   2.9181   0.0000
    51 153.4514   2.9181   0.0000
    52 154.1828   2.9956   0.0000
    53 154.1828   2.9956   0.0000
    54 155.3706   3.0363   0.0000
    55 158.9204   3.0403   0.0000
    56 159.8824   2.7269   0.0000
    57 164.6921   2.7222   0.0000
    58 164.6921   2.7222   0.0000
    59 164.9709   2.9910   0.0000
    60 173.7836   3.2628   0.0000
  0.250000  0.000000  0.000000
  60
     1 -63.0745  -6.4220   0.0000
     2 -28.5522  -3.9047   0.0000
     3 -27.9295  -3.9259   0.0000
     4 -27.9295  -3.9259   0.0000
     5  -9.3217  -3.2426   0.0000
     6   7.8302  -1.7969   0.0000
     7  11.1785  -1.7089   0.0000
     8  11.1785  -1.7089   0.0000
     9  29.9547   1.3768   0.0000
    10  34.7416   1.4727   0.0000
    11  38.2398   1.7545   0.0000
    12  38.2398   1.7545   0.0000
    13  45.6208   1.9796   0.0000
    14  45.6208   1.9796   0.0000
    15  52.2944   2.1571   0.0000
    16  58.0654   2.3600   0.0000
    17  63.1809   2.6201   0.0000
    18  63.1809   2.6201   0.0000
    19  72.3633   2.4143   0.0000
    20  72.3633   2.4143   0.0000
    21  72.5951   2.4775   0.0000
    22  85.3406   2.6838   0.0000
    23  85.3406   2.6838   0.0000
    24  90.4879   2.5856   0.0000
    25 100.3747   2.5831   0.0000
    26 100.3747   2.5831   0.0000
    27 102.2871   2.8472   0.0000
    28 105.4145   2.8395   0.0000
    29 110.6534   2.7553   0.0000
    30 110.6534   2.7553   0.0000
    31 113.9316   2.6549   0.0000
    32 117.7164   2.6462   0.0000
    33 120.1654   2.6720   0.0000
    34 120.1654   2.6720   0.0000
    35 125.6871   2.9400   0.0000
    36 125.6871   2.9400   0.0000
    37 126.1982   2.9165   0.0000
    38 129.6215   2.9889   0.0000
    39 129.7972   2.7782   0.0000
    40 129.7972   2.7782   0.0000
    41 134.6577   2.7572   0.0000
    42 134.6577   2.7572   0.0000
    43 138.9550   2.7587   0.0000
    44 139.2881   2.7714   0.0000
    45 139.2881   2.7714   0.0000
    46 144.2546   2.9654   0.0000
    47 151.9067   2.9498   0.0000
    48 154.3892   3.0561   0.0000
    49 154.3892   3.0561   0.0000
    50 157.8620   3.1628   0.0000
    51 158.6972   2.9293   0.0000
    52 158.6972   2.9293   0.0000
    53 165.5276   3.0147   0.0000
    54 165.5276   3.0147   0.0000
    55 167.6045   3.0739   0.0000
    56 171.0320   3.0464   0.0000
    57 172.7959   2.9713   0.0000
    58 172.7959   2.9713   0.0000
    59 175.5429   2.7028   0.0000
    60 182.2605   2.8305   0.0000
  0.375000  0.000000  0.000000
  60
     1 -62.9945  -6.4300   0.0000
     2 -28.9756  -3.8876   0.0000
     3 -27.9518  -3.9224   0.0000
     4 -27.9518  -3.9224   0.0000
     5  -7.5082  -3.2362   0.0000
     6   4.6385  -1.8710   0.0000
     7  10.4544  -1.7175   0.0000
     8  10.4544  -1.7175   0.0000
     9  28.8918   1.2902   0.0000
    10  36.7170   1.6065   0.0000
    11  40.0568   1.7797   0.0000
    12  40.0568   1.7797   0.0000
    13  47.5775   2.1158   0.0000
    14  47.5775   2.1158   0.0000
    15  52.7597   2.3127   0.0000
    16  62.6376   2.2890   0.0000
    17  65.3103   2.3680   0.0000
    18  65.3103   2.3680   0.0000
    19  66.5573   2.4997   0.0000
    20  66.5573   2.4997   0.0000
    21  73.0585   2.3240   0.0000
    22  86.1320   2.6921   0.0000
    23  86.1320   2.6921   0.0000
    24  91.7235   2.4732   0.0000
    25  99.0778   2.6988   0.0000
    26 101.1605   2.7081   0.0000
    27 101.1605   2.7081   0.0000
    28 103.4853   2.5978   0.0000
    29 103.4853   2.5978   0.0000
    30 107.9390   2.8882   0.0000
    31 108.6231   2.8724   0.0000
    32 113.4702   2.6402   0.0000
    33 113.4702   2.6402   0.0000
    34 113.7250   2.7838   0.0000
    35 119.1194   2.8688   0.0000
    36 125.7984   2.8472   0.0000
    37 125.7984   2.8472   0.0000
    38 128.5101   3.0046   0.0000
    39 132.1402   2.7479   0.0000
    40 132.1402   2.7479   0.0000
    41 138.4898   2.8499   0.0000
    42 140.6531   2.9024   0.0000
    43 140.6531   2.9024   0.0000
    44 142.7861   2.8696   0.0000
    45 143.4099   2.9429   0.0000
    46 143.4099   2.9429   0.0000
    47 152.9552   3.0255   0.0000
    48 152.9552   3.0255   0.0000
    49 154.2705   3.0952   0.0000
    50 162.7012   2.9973   0.0000
    51 168.6630   2.9956   0.0000
    52 168.6630   2.9956   0.0000
    53 173.8558   2.9833   0.0000
    54 175.9392   3.0840   0.0000
    55 175.9392   3.0840   0.0000
    56 178.4809   3.0129   0.0000
    57 178.4809   3.0129   0.0000
    58 178.7123   2.9061   0.0000
    59 178.7123   2.9061   0.0000
    60 181.1504   3.0542   0.0000
  0.500000  0.000000  0.000000
  60
     1 -62.9612  -6.4334   0.0000
     2 -29.1431  -3.8808   0.0000
     3 -27.9610  -3.9210   0.0000
     4 -27.9610  -3.9210   0.0000
     5  -6.5387  -3.2679   0.0000
     6   3.1593  -1.8699   0.0000
     7  10.1718  -1.7223   0.0000
     8  10.1718  -1.7223   0.0000
     9  28.6132   1.2576   0.0000
    10  37.5029   1.6707   0.0000
    11  40.6189   1.7840   0.0000
    12  40.6189   1.7840   0.0000
    13  49.4340   2.2361   0.0000
    14  49.4340   2.2361   0.0000
    15  52.3643   2.3177   0.0000
    16  61.7085   2.1129   0.0000
    17  61.7085   2.1129   0.0000
    18  63.4438   2.2771   0.0000
    19  67.9557   2.6479   0.0000
    20  67.9557   2.6479   0.0000
    21  80.9733   2.4104   0.0000
    22  83.5756   2.2915   0.0000
    23  88.5719   2.7051   0.0000
    24  88.5719   2.7051   0.0000
    25  95.4829   2.6510   0.0000
    26  95.4829   2.6510   0.0000
    27  99.2018   2.6437   0.0000
    28 104.1159   2.8646   0.0000
    29 107.1475   2.6849   0.0000
    30 107.1475   2.6849   0.0000
    31 108.5581   2.5551   0.0000
    32 108.5581   2.5551   0.0000
    33 112.3743   3.0183   0.0000
    34 114.0773   2.7179   0.0000
    35 115.4681   3.0153   0.0000
    36 125.2886   2.8411   0.0000
    37 125.2886   2.8411   0.0000
    38 127.9032   2.9911   0.0000
    39 131.7228   2.7181   0.0000
    40 131.7228   2.7181   0.0000
    41 139.0415   2.9485   0.0000
    42 141.4070   2.7880   0.0000
    43 142.8899   3.0152   0.0000
    44 142.8899   3.0152   0.0000
    45 147.2332   3.0003   0.0000
    46 147.2332   3.0003   0.0000
    47 154.7289   3.0185   0.0000
    48 160.9240   3.1261   0.0000
    49 160.9240   3.1261   0.0000
    50 162.3076   2.8971   0.0000
    51 162.3076   2.8971   0.0000
    52 168.7276   3.0985   0.0000
    53 173.1632   3.0073   0.0000
    54 175.0265   2.7965   0.0000
    55 177.5008   3.0474   0.0000
    56 177.5008   3.0474   0.0000
    57 182.8910   2.8840   0.0000
    58 182.8910   2.8840   0.0000
    59 187.0651   2.9711   0.0000
    60 187.0649   2.9708   0.0000
  0.125000  0.125000  0.000000
  60
     1 -63.1430  -6.4152   0.0000
     2 -28.0863  -3.9230   0.0000
     3 -27.9459  -3.9274   0.0000
     4 -27.9459  -3.9274   0.0000
     5 -10.6260  -3.2662   0.0000
     6  10.7349  -1.7364   0.0000
     7  11.8062  -1.7078   0.0000
     8  11.8062  -1.7078   0.0000
     9  31.5035   1.5697   0.0000
    10  32.1498   1.2971   0.0000
    11  37.0999   1.7196   0.0000
    12  37.0999   1.7196   0.0000
    13  44.1370   1.9107   0.0000
    14  45.8095   1.9160   0.0000
    15  46.9211   1.9285   0.0000
    16  59.2969   2.6013   0.0000
    17  59.2969   2.6013   0.0000
    18  60.4543   2.5588   0.0000
    19  76.4966   2.6163   0.0000
    20  76.7902   2.6241   0.0000
    21  76.7902   2.6241   0.0000
    22  88.7966   2.6187   0.0000
    23  89.4488   2.6017   0.0000
    24  90.8268   2.6374   0.0000
    25  90.8268   2.6374   0.0000
    26  94.4541   2.5015   0.0000
    27 103.4303   2.6593   0.0000
    28 110.1566   2.8226   0.0000
    29 110.1566   2.8226   0.0000
    30 116.8620   2.7978   0.0000
    31 117.9581   2.7557   0.0000
    32 119.0477   2.6909   0.0000
    33 121.4052   2.7723   0.0000
    34 121.4052   2.7723   0.0000
    35 126.4803   2.9350   0.0000
    36 127.4428   2.5113   0.0000
    37 131.9249   2.8245   0.0000
    38 131.9249   2.8245   0.0000
    39 133.3528   2.6233   0.0000
    40 137.2894   2.9347   0.0000
    41 138.3075   2.8943   0.0000
    42 138.3075   2.8943   0.0000
    43 139.8036   2.8088   0.0000
    44 139.8036   2.8088   0.0000
    45 140.2464   2.8912   0.0000
    46 141.7189   2.8667   0.0000
    47 146.0508   2.9982   0.0000
    48 146.5356   3.1113   0.0000
    49 151.4232   2.5832   0.0000
    50 154.3259   2.9105   0.0000
    51 154.3259   2.9105   0.0000
    52 155.9255   2.9491   0.0000
    53 155.9255   2.9491   0.0000
    54 156.8226   3.0594   0.0000
    55 156.6794   2.7183   0.0000
    56 163.1126   3.0475   0.0000
    57 163.1126   3.0475   0.0000
    58 167.2695   3.0111   0.0000
    59 171.6265   2.6174   0.0000
    60 174.1418   2.9597   0.0000
  0.250000  0.125000  0.000000
  60
     1 -63.0795  -6.4215   0.0000
     2 -28.4149  -3.9090   0.0000
     3 -27.9900  -3.9236   0.0000
     4 -27.9663  -3.9242   0.0000
     5  -9.5268  -3.2471   0.0000
     6   8.5533  -1.7926   0.0000
     7  11.0202  -1.6983   0.0000
     8  11.1681  -1.7143   0.0000
     9  29.7808   1.4519   0.0000
    10  33.2878   1.3833   0.0000
    11  39.0142   1.7672   0.0000
    12  39.2457   1.7729   0.0000
    13  43.5690   1.9269   0.0000
    14  46.8148   1.9718   0.0000
    15  52.5581   2.0698   0.0000
    16  58.8438   2.4817   0.0000
    17  60.8447   2.5826   0.0000
    18  63.3095   2.6132   0.0000
    19  72.2428   2.4536   0.0000
    20  72.3839   2.4503   0.0000
    21  76.3690   2.5382   0.0000
    22  84.3024   2.6539   0.0000
    23  84.7561   2.5447   0.0000
    24  91.9684   2.6549   0.0000
    25  92.1191   2.6569   0.0000
    26  99.1360   2.7050   0.0000
    27 103.8228   2.7274   0.0000
    28 110.2194   2.7136   0.0000
    29 112.3919   2.7333   0.0000
    30 113.5287   2.8366   0.0000
    31 116.5863   2.7922   0.0000
    32 117.4123   2.7469   0.0000
    33 118.5849   2.7136   0.0000
    34 121.0186   2.8213   0.0000
    35 121.6164   2.5862   0.0000
    36 126.0278   2.6765   0.0000
    37 126.9752   2.8798   0.0000
    38 127.5356   2.8901   0.0000
    39 129.5135   2.8314   0.0000
    40 130.3614   2.7166   0.0000
    41 135.7622   2.8479   0.0000
    42 136.5590   2.9385   0.0000
    43 137.7881   2.8637   0.0000
    44 140.4133   2.9553   0.0000
    45 143.5632   2.7768   0.0000
    46 147.9044   2.7802   0.0000
    47 149.4875   2.7983   0.0000
    48 150.0166   2.8878   0.0000
    49 152.5529   3.0492   0.0000
    50 155.3053   3.0672   0.0000
    51 155.3419   3.0287   0.0000
    52 157.6760   3.0116   0.0000
    53 158.2385   3.1583   0.0000
    54 166.6078   2.8276   0.0000
    55 169.9658   3.0851   0.0000
    56 172.2947   2.8306   0.0000
    57 173.5882   2.9996   0.0000
    58 174.4182   3.0963   0.0000
    59 175.4225   2.9444   0.0000
    60 180.6079   3.0263   0.0000
  0.375000  0.125000  0.000000
  60
     1 -62.9998  -6.4295   0.0000
     2 -28.8153  -3.8922   0.0000
     3 -28.0131  -3.9203   0.0000
     4 -28.0069  -3.9193   0.0000
     5  -7.9016  -3.2330   0.0000
     6   5.7232  -1.8555   0.0000
     7  10.0048  -1.7039   0.0000
     8  10.4777  -1.7258   0.0000
     9  29.2785   1.3324   0.0000
    10  34.7879   1.5074   0.0000
    11  40.4063   1.7966   0.0000
    12  41.0385   1.8132   0.0000
    13  44.7840   2.0156   0.0000
    14  48.8142   2.1158   0.0000
    15  54.8671   2.3430   0.0000
    16  62.3101   2.2747   0.0000
    17  62.9443   2.3814   0.0000
    18  64.9310   2.5765   0.0000
    19  66.5833   2.4587   0.0000
    20  70.5651   2.3712   0.0000
    21  74.3220   2.3919   0.0000
    22  82.3795   2.5394   0.0000
    23  84.1683   2.6663   0.0000
    24  94.1437   2.6097   0.0000
    25  94.6145   2.6760   0.0000
    26  98.5064   2.6440   0.0000
    27 102.7737   2.7778   0.0000
    28 103.6495   2.6848   0.0000
    29 104.9728   2.7037   0.0000
    30 109.1515   2.8530   0.0000
    31 111.1775   2.7281   0.0000
    32 114.0481   2.6751   0.0000
    33 115.8134   2.6515   0.0000
    34 116.6830   2.8776   0.0000
    35 121.2685   2.6517   0.0000
    36 124.4574   2.7500   0.0000
    37 125.2572   2.9211   0.0000
    38 127.4443   2.7831   0.0000
    39 130.7738   3.0347   0.0000
    40 131.0777   2.8257   0.0000
    41 136.7469   2.9035   0.0000
    42 138.8788   2.9334   0.0000
    43 142.1107   2.9577   0.0000
    44 142.5038   3.0174   0.0000
    45 146.2106   2.7522   0.0000
    46 146.9725   2.7735   0.0000
    47 152.1316   2.9959   0.0000
    48 153.9160   2.8940   0.0000
    49 156.1817   3.1656   0.0000
    50 158.6492   2.8140   0.0000
    51 161.5907   2.8986   0.0000
    52 164.4510   3.1578   0.0000
    53 167.4853   3.0697   0.0000
    54 168.7003   3.0184   0.0000
    55 177.0979   3.0171   0.0000
    56 177.6269   3.1400   0.0000
    57 179.1824   3.1218   0.0000
    58 182.4969   2.8988   0.0000
    59 184.2618   2.9306   0.0000
    60 185.9092   2.9971   0.0000
  0.500000  0.125000  0.000000
  60
     1 -62.9509  -6.4344   0.0000
     2 -29.0451  -3.8825   0.0000
     3 -28.0609  -3.9149   0.0000
     4 -28.0018  -3.9193   0.0000
     5  -6.6213  -3.2578   0.0000
     6   3.7648  -1.8637   0.0000
     7   9.3805  -1.7210   0.0000
     8  10.0996  -1.7312   0.0000
     9  29.3956   1.2755   0.0000
    10  35.7296   1.5932   0.0000
    11  40.8485   1.8113   0.0000
    12  41.6118   1.8239   0.0000
    13  47.6618   2.1433   0.0000
    14  50.0473   2.2404   0.0000
    15  54.4171   2.3569   0.0000
    16  60.8650   2.1345   0.0000
    17  62.2704   2.2350   0.0000
    18  64.7325   2.3934   0.0000
    19  68.2126   2.6034   0.0000
    20  69.8054   2.5090   0.0000
    21  79.0361   2.3368   0.0000
    22  85.3676   2.4551   0.0000
    23  87.1397   2.6774   0.0000
    24  87.3571   2.5128   0.0000
    25  92.6797   2.6227   0.0000
    26  95.1879   2.5936   0.0000
    27  98.0839   2.7283   0.0000
    28 100.6737   2.7248   0.0000
    29 105.0380   2.6781   0.0000
    30 105.4502   2.8035   0.0000
    31 107.5189   2.7753   0.0000
    32 111.3507   2.6680   0.0000
    33 115.4928   2.9559   0.0000
    34 119.0178   2.6738   0.0000
    35 119.8276   2.9609   0.0000
    36 123.3543   2.7301   0.0000
    37 124.9105   2.7187   0.0000
    38 125.4166   2.8840   0.0000
    39 130.1874   2.8534   0.0000
    40 131.7799   3.0077   0.0000
    41 134.2400   2.9198   0.0000
    42 141.1112   2.9423   0.0000
    43 146.9186   2.8018   0.0000
    44 148.4022   3.2135   0.0000
    45 148.2299   2.8761   0.0000
    46 152.7898   2.9572   0.0000
    47 153.5834   2.9626   0.0000
    48 159.1346   2.9305   0.0000
    49 162.2089   3.1109   0.0000
    50 162.6956   2.9120   0.0000
    51 163.3485   2.9651   0.0000
    52 166.5227   2.9889   0.0000
    53 171.3647   2.9244   0.0000
    54 173.7200   2.9945   0.0000
    55 173.7068   2.8862   0.0000
    56 175.4897   3.0203   0.0000
    57 178.9722   3.1396   0.0000
    58 180.3332   3.0212   0.0000
    59 181.9040   2.9945   0.0000
    60 184.5482   2.9073   0.0000
 -0.375000  0.125000  0.000000
  60
     1 -62.9619  -6.4333   0.0000
     2 -28.9943  -3.8851   0.0000
     3 -28.0930  -3.9138   0.0000
     4 -27.9629  -3.9213   0.0000
     5  -6.9021  -3.2474   0.0000
     6   4.2149  -1.8647   0.0000
     7   9.3823  -1.7194   0.0000
     8  10.2159  -1.7254   0.0000
     9  29.6930   1.2833   0.0000
    10  35.5197   1.5722   0.0000
    11  40.8593   1.8087   0.0000
    12  41.1828   1.8211   0.0000
    13  47.0960   2.1061   0.0000
    14  48.9348   2.1942   0.0000
    15  54.6787   2.3587   0.0000
    16  61.3796   2.1723   0.0000
    17  63.9909   2.4165   0.0000
    18  64.7716   2.3425   0.0000
    19  67.0657   2.5454   0.0000
    20  70.1875   2.4720   0.0000
    21  76.1064   2.3186   0.0000
    22  83.2583   2.5746   0.0000
    23  86.5967   2.6090   0.0000
    24  90.8455   2.4629   0.0000
    25  94.7583   2.6765   0.0000
    26  97.2192   2.6278   0.0000
    27  99.5929   2.7114   0.0000
    28 100.4096   2.7794   0.0000
    29 104.1353   2.6616   0.0000
    30 105.0754   2.6879   0.0000
    31 107.5603   2.8297   0.0000
    32 112.4318   2.7298   0.0000
    33 115.0192   2.8948   0.0000
    34 118.5701   2.6888   0.0000
    35 118.8468   2.9100   0.0000
    36 124.4840   2.7445   0.0000
    37 126.1544   2.7181   0.0000
    38 127.4048   2.8422   0.0000
    39 130.9006   2.8769   0.0000
    40 131.2642   2.9501   0.0000
    41 131.9859   2.9334   0.0000
    42 142.7374   3.0607   0.0000
    43 144.8823   3.0488   0.0000
    44 146.4224   2.9068   0.0000
    45 148.9322   2.9561   0.0000
    46 150.9214   2.8961   0.0000
    47 151.7669   2.8366   0.0000
    48 157.9383   2.9468   0.0000
    49 159.3945   2.9695   0.0000
    50 161.9327   2.9950   0.0000
    51 166.5804   3.1194   0.0000
    52 167.6233   3.0260   0.0000
    53 171.2543   2.9356   0.0000
    54 171.4267   2.9368   0.0000
    55 173.6209   3.0089   0.0000
    56 177.5796   3.0367   0.0000
    57 178.1184   2.8188   0.0000
    58 179.8698   3.0415   0.0000
    59 181.8234   2.9675   0.0000
    60 185.2952   3.0787   0.0000
 -0.250000  0.125000  0.000000
  60
     1 -63.0263  -6.4268   0.0000
     2 -28.6957  -3.8983   0.0000
     3 -28.0758  -3.9169   0.0000
     4 -27.9190  -3.9251   0.0000
     5  -8.4245  -3.2341   0.0000
     6   6.6816  -1.8362   0.0000
     7  10.0159  -1.6961   0.0000
     8  10.7882  -1.7137   0.0000
     9  30.2553   1.3544   0.0000
    10  34.1431   1.4599   0.0000
    11  39.3082   1.8010   0.0000
    12  40.3305   1.7873   0.0000
    13  44.8405   1.9773   0.0000
    14  47.2498   2.0780   0.0000
    15  54.9211   2.2959   0.0000
    16  60.1217   2.3290   0.0000
    17  63.2085   2.4892   0.0000
    18  65.4070   2.6653   0.0000
    19  66.6621   2.3188   0.0000
    20  73.0805   2.4355   0.0000
    21  74.0020   2.3806   0.0000
    22  81.6532   2.6065   0.0000
    23  83.1520   2.5498   0.0000
    24  93.8605   2.6639   0.0000
    25  95.6854   2.7199   0.0000
    26 102.0755   2.6583   0.0000
    27 102.9483   2.8077   0.0000
    28 105.1724   2.7348   0.0000
    29 107.9342   2.7390   0.0000
    30 109.8645   2.6934   0.0000
    31 110.9800   2.7140   0.0000
    32 114.5261   2.6476   0.0000
    33 116.0699   2.8511   0.0000
    34 116.3693   2.6896   0.0000
    35 120.8608   2.7567   0.0000
    36 125.8612   2.9357   0.0000
    37 128.3240   2.6224   0.0000
    38 129.8850   2.8112   0.0000
    39 130.6740   2.9005   0.0000
    40 130.9457   2.8655   0.0000
    41 132.3336   2.8157   0.0000
    42 136.9640   2.8781   0.0000
    43 138.8650   3.0232   0.0000
    44 141.6476   2.9507   0.0000
    45 145.0316   2.9572   0.0000
    46 148.5604   2.8193   0.0000
    47 153.5656   3.0984   0.0000
    48 154.6056   2.9483   0.0000
    49 155.1679   2.9572   0.0000
    50 155.7795   2.8658   0.0000
    51 159.0469   2.9463   0.0000
    52 165.2945   2.9092   0.0000
    53 165.7352   2.9718   0.0000
    54 169.9527   2.9337   0.0000
    55 170.7845   3.1898   0.0000
    56 171.5012   3.0780   0.0000
    57 177.0432   2.8338   0.0000
    58 180.0816   3.0552   0.0000
    59 182.9766   3.1189   0.0000
    60 183.3370   3.0033   0.0000
 -0.125000  0.125000  0.000000
  60
     1 -63.1057  -6.4189   0.0000
     2 -28.3209  -3.9140   0.0000
     3 -28.0000  -3.9233   0.0000
     4 -27.8958  -3.9284   0.0000
     5  -9.9531  -3.2535   0.0000
     6   9.3829  -1.7735   0.0000
     7  11.1249  -1.6872   0.0000
     8  11.5295  -1.7075   0.0000
     9  31.4226   1.4894   0.0000
    10  32.5364   1.3391   0.0000
    11  37.0178   1.7440   0.0000
    12  38.5688   1.7437   0.0000
    13  44.5479   1.9304   0.0000
    14  45.7948   1.9599   0.0000
    15  50.5377   2.0160   0.0000
    16  58.6394   2.4859   0.0000
    17  59.9551   2.5834   0.0000
    18  62.7955   2.6307   0.0000
    19  72.0584   2.4663   0.0000
    20  75.8833   2.5839   0.0000
    21  77.3444   2.5941   0.0000
    22  83.7668   2.5942   0.0000
    23  85.5804   2.4895   0.0000
    24  91.2682   2.6872   0.0000
    25  95.5067   2.7019   0.0000
    26  99.2962   2.7077   0.0000
    27  99.7840   2.6199   0.0000
    28 112.5395   2.8127   0.0000
    29 114.2409   2.8335   0.0000
    30 115.0100   2.7950   0.0000
    31 116.7507   2.7264   0.0000
    32 118.2103   2.6938   0.0000
    33 118.8612   2.7076   0.0000
    34 120.5635   2.6940   0.0000
    35 123.2385   2.8162   0.0000
    36 124.4762   2.7107   0.0000
    37 125.0714   2.8783   0.0000
    38 131.2842   2.9372   0.0000
    39 132.2313   2.5295   0.0000
    40 132.9712   2.9272   0.0000
    41 133.1524   2.8020   0.0000
    42 136.3318   2.6519   0.0000
    43 138.0670   2.9324   0.0000
    44 141.7720   2.8621   0.0000
    45 142.2021   2.8608   0.0000
    46 145.1410   3.0510   0.0000
    47 145.5605   3.0406   0.0000
    48 153.3104   3.0703   0.0000
    49 153.8026   2.8150   0.0000
    50 155.4755   2.7348   0.0000
    51 156.8311   3.0958   0.0000
    52 157.7781   2.8307   0.0000
    53 160.1300   2.9258   0.0000
    54 160.8731   2.9338   0.0000
    55 162.4500   2.9043   0.0000
    56 167.5293   3.1624   0.0000
    57 168.4806   3.3140   0.0000
    58 169.3748   3.0545   0.0000
    59 174.7547   2.7417   0.0000
    60 177.5660   2.7411   0.0000
  0.250000  0.250000  0.000000
  60
     1 -63.0382  -6.4255   0.0000
     2 -28.4632  -3.9027   0.0000
     3 -28.0647  -3.9195   0.0000
     4 -28.0647  -3.9195   0.0000
     5  -8.9685  -3.2410   0.0000
     6   7.6366  -1.8273   0.0000
     7  10.7860  -1.7287   0.0000
     8  10.7860  -1.7287   0.0000
     9  27.3556   1.4284   0.0000
    10  34.2474   1.4219   0.0000
    11  41.5579   1.8703   0.0000
    12  41.6584   1.8516   0.0000
    13  41.6584   1.8516   0.0000
    14  48.1855   1.9755   0.0000
    15  56.2159   2.0726   0.0000
    16  60.4718   2.5712   0.0000
    17  60.4718   2.5712   0.0000
    18  63.5489   2.5698   0.0000
    19  71.8606   2.4165   0.0000
    20  71.8606   2.4165   0.0000
    21  73.5494   2.4086   0.0000
    22  78.4886   2.4979   0.0000
    23  89.2883   2.7718   0.0000
    24  89.2883   2.7718   0.0000
    25  93.7509   2.6715   0.0000
    26  96.4700   2.5218   0.0000
    27 105.5440   2.8288   0.0000
    28 106.0682   2.7483   0.0000
    29 106.0682   2.7483   0.0000
    30 111.1259   2.4582   0.0000
    31 116.6702   2.7442   0.0000
    32 116.7793   2.6813   0.0000
    33 121.5380   2.9590   0.0000
    34 121.5380   2.9590   0.0000
    35 124.0279   2.9610   0.0000
    36 126.2336   2.6550   0.0000
    37 126.2336   2.6550   0.0000
    38 128.5007   2.6436   0.0000
    39 129.8712   2.7650   0.0000
    40 133.2137   2.8773   0.0000
    41 134.9558   2.8687   0.0000
    42 134.9558   2.8687   0.0000
    43 137.7090   2.9435   0.0000
    44 137.6655   2.8164   0.0000
    45 142.7631   2.8294   0.0000
    46 142.7631   2.8294   0.0000
    47 143.7010   3.0069   0.0000
    48 153.3762   3.0287   0.0000
    49 159.6154   3.3447   0.0000
    50 159.6154   3.3447   0.0000
    51 159.6295   3.1281   0.0000
    52 159.5764   2.6336   0.0000
    53 163.9223   2.8360   0.0000
    54 163.9223   2.8360   0.0000
    55 165.8977   2.7777   0.0000
    56 175.5010   2.9399   0.0000
    57 183.4862   3.0747   0.0000
    58 183.6914   3.1437   0.0000
    59 183.6913   3.1436   0.0000
    60 186.4921   3.0340   0.0000
  0.375000  0.250000  0.000000
  60
     1 -62.9746  -6.4319   0.0000
     2 -28.6878  -3.8904   0.0000
     3 -28.1380  -3.9135   0.0000
     4 -28.1099  -3.9160   0.0000
     5  -7.8750  -3.2323   0.0000
     6   6.0961  -1.8741   0.0000
     7   9.7243  -1.7149   0.0000
     8  10.2852  -1.7447   0.0000
     9  26.9566   1.3470   0.0000
    10  35.1777   1.4885   0.0000
    11  39.9921   1.8081   0.0000
    12  43.7184   1.9235   0.0000
    13  44.5952   1.9898   0.0000
    14  50.3398   2.0824   0.0000
    15  59.1002   2.4209   0.0000
    16  61.1440   2.4197   0.0000
    17  63.2311   2.3398   0.0000
    18  63.6967   2.4001   0.0000
    19  67.7417   2.4064   0.0000
    20  70.2891   2.3639   0.0000
    21  76.2595   2.4369   0.0000
    22  77.4808   2.4719   0.0000
    23  83.8797   2.6201   0.0000
    24  89.4486   2.7894   0.0000
    25  95.6846   2.6581   0.0000
    26  97.2749   2.6313   0.0000
    27  99.3347   2.7203   0.0000
    28 102.2605   2.7255   0.0000
    29 104.8866   2.7351   0.0000
    30 106.6799   2.6642   0.0000
    31 112.1187   2.6833   0.0000
    32 114.3243   2.7158   0.0000
    33 118.3130   2.7710   0.0000
    34 121.5917   2.7036   0.0000
    35 121.7891   2.6940   0.0000
    36 123.4053   2.9110   0.0000
    37 126.3689   2.8246   0.0000
    38 128.4877   2.8757   0.0000
    39 130.4379   3.0346   0.0000
    40 131.6776   2.9474   0.0000
    41 137.9155   2.8407   0.0000
    42 140.0351   2.8279   0.0000
    43 141.1225   2.8439   0.0000
    44 141.8849   2.8698   0.0000
    45 144.7556   3.0198   0.0000
    46 145.2263   2.8248   0.0000
    47 146.9490   2.8618   0.0000
    48 155.6986   2.9978   0.0000
    49 158.7990   2.9284   0.0000
    50 160.7214   3.1249   0.0000
    51 160.8592   3.0843   0.0000
    52 165.5686   3.0157   0.0000
    53 167.8742   3.0810   0.0000
    54 172.6213   3.0006   0.0000
    55 176.6119   2.8949   0.0000
    56 178.2514   3.1260   0.0000
    57 179.5815   2.9928   0.0000
    58 182.4091   2.8616   0.0000
    59 183.3958   3.0519   0.0000
    60 189.6360   3.1935   0.0000
  0.500000  0.250000  0.000000
  60
     1 -62.9258  -6.4369   0.0000
     2 -28.8366  -3.8839   0.0000
     3 -28.2656  -3.9046   0.0000
     4 -28.0996  -3.9152   0.0000
     5  -6.7773  -3.2416   0.0000
     6   4.9741  -1.8659   0.0000
     7   8.1851  -1.7346   0.0000
     8   9.9374  -1.7519   0.0000
     9  28.5320   1.3213   0.0000
    10  35.2744   1.5208   0.0000
    11  39.6101   1.7822   0.0000
    12  44.2536   1.9414   0.0000
    13  46.7240   2.0974   0.0000
    14  51.9288   2.2427   0.0000
    15  58.6935   2.4498   0.0000
    16  58.9392   2.1558   0.0000
    17  62.1546   2.3278   0.0000
    18  65.7999   2.3485   0.0000
    19  68.8903   2.5162   0.0000
    20  75.4578   2.4957   0.0000
    21  77.3689   2.3055   0.0000
    22  80.9501   2.4707   0.0000
    23  82.0479   2.5129   0.0000
    24  87.3814   2.5518   0.0000
    25  89.7323   2.7693   0.0000
    26  93.6291   2.6852   0.0000
    27  95.4664   2.5461   0.0000
    28 101.8295   2.6034   0.0000
    29 102.6853   2.6833   0.0000
    30 107.2927   2.8007   0.0000
    31 108.2606   2.7228   0.0000
    32 109.9033   2.9697   0.0000
    33 114.7565   2.6625   0.0000
    34 120.0161   2.9788   0.0000
    35 120.3117   2.6326   0.0000
    36 122.3123   2.8976   0.0000
    37 124.1857   2.8586   0.0000
    38 126.9168   2.8578   0.0000
    39 132.1410   2.9691   0.0000
    40 134.2853   2.9362   0.0000
    41 139.5349   2.8468   0.0000
    42 142.1142   2.9571   0.0000
    43 147.2436   2.7581   0.0000
    44 149.0539   3.0388   0.0000
    45 150.5659   3.2405   0.0000
    46 150.6454   2.7687   0.0000
    47 156.7307   2.8585   0.0000
    48 158.7808   2.9170   0.0000
    49 159.4446   2.8989   0.0000
    50 161.1852   2.9799   0.0000
    51 163.6030   2.9139   0.0000
    52 165.2052   3.1062   0.0000
    53 166.3132   2.8795   0.0000
    54 172.7226   3.0811   0.0000
    55 176.2681   3.0092   0.0000
    56 177.5601   3.1119   0.0000
    57 178.4602   3.1115   0.0000
    58 179.5094   3.0476   0.0000
    59 182.5871   2.8878   0.0000
    60 185.4383   3.0892   0.0000
 -0.375000  0.250000  0.000000
  60
     1 -62.9209  -6.4374   0.0000
     2 -28.8308  -3.8873   0.0000
     3 -28.3731  -3.8977   0.0000
     4 -28.0396  -3.9175   0.0000
     5  -6.4651  -3.2522   0.0000
     6   4.9095  -1.8287   0.0000
     7   7.3824  -1.7677   0.0000
     8   9.9204  -1.7450   0.0000
     9  30.7460   1.3542   0.0000
    10  33.9765   1.4818   0.0000
    11  40.3999   1.8069   0.0000
    12  44.0991   1.9387   0.0000
    13  47.6424   2.0839   0.0000
    14  47.7420   2.1296   0.0000
    15  58.7532   2.4712   0.0000
    16  61.2822   2.3301   0.0000
    17  61.9519   2.3904   0.0000
    18  66.4577   2.3352   0.0000
    19  69.8355   2.4045   0.0000
    20  72.5793   2.4385   0.0000
    21  79.4953   2.4548   0.0000
    22  81.3795   2.3199   0.0000
    23  85.1395   2.5837   0.0000
    24  87.8212   2.5379   0.0000
    25  89.4092   2.4657   0.0000
    26  92.7420   2.6840   0.0000
    27  93.4049   2.7884   0.0000
    28 100.0388   2.6248   0.0000
    29 102.5675   2.7014   0.0000
    30 105.7816   2.7108   0.0000
    31 107.6437   2.6485   0.0000
    32 110.1818   2.9641   0.0000
    33 113.2924   2.8009   0.0000
    34 116.5639   3.0311   0.0000
    35 121.0350   2.5937   0.0000
    36 124.0509   2.7192   0.0000
    37 124.6756   2.9935   0.0000
    38 126.6221   3.0250   0.0000
    39 134.4762   2.8122   0.0000
    40 136.3863   3.0003   0.0000
    41 136.9213   2.8722   0.0000
    42 142.6783   3.0232   0.0000
    43 147.4579   2.9817   0.0000
    44 150.5429   3.0448   0.0000
    45 152.8462   2.9019   0.0000
    46 153.7997   2.8737   0.0000
    47 156.7323   2.7988   0.0000
    48 160.0829   2.9444   0.0000
    49 160.7664   2.8955   0.0000
    50 161.7543   2.8685   0.0000
    51 164.2989   3.0761   0.0000
    52 165.3927   3.0345   0.0000
    53 168.9112   2.8776   0.0000
    54 171.6529   2.9803   0.0000
    55 173.0534   3.0208   0.0000
    56 173.4740   2.9308   0.0000
    57 175.2836   2.9404   0.0000
    58 178.9827   3.0650   0.0000
    59 181.2793   3.1725   0.0000
    60 186.7829   2.9573   0.0000
 -0.250000  0.250000  0.000000
  60
     1 -62.9626  -6.4332   0.0000
     2 -28.7725  -3.8937   0.0000
     3 -28.2980  -3.9024   0.0000
     4 -27.9648  -3.9216   0.0000
     5  -7.2319  -3.2370   0.0000
     6   5.7300  -1.8487   0.0000
     7   8.1019  -1.7210   0.0000
     8  10.2602  -1.7285   0.0000
     9  31.8585   1.3842   0.0000
    10  32.9128   1.4169   0.0000
    11  40.6943   1.8083   0.0000
    12  42.2780   1.8913   0.0000
    13  44.6977   1.9854   0.0000
    14  48.4121   2.1645   0.0000
    15  58.3989   2.4543   0.0000
    16  60.0910   2.3024   0.0000
    17  64.9811   2.5875   0.0000
    18  64.9671   2.3212   0.0000
    19  67.3448   2.3840   0.0000
    20  74.3669   2.3198   0.0000
    21  77.3279   2.4077   0.0000
    22  78.2452   2.5203   0.0000
    23  79.2202   2.4743   0.0000
    24  94.0205   2.8145   0.0000
    25  96.3012   2.6121   0.0000
    26  97.6575   2.5781   0.0000
    27  98.7642   2.6661   0.0000
    28 101.8834   2.7274   0.0000
    29 103.8123   2.6858   0.0000
    30 104.0496   2.7423   0.0000
    31 110.7631   2.8300   0.0000
    32 111.7201   2.6417   0.0000
    33 111.9336   2.8489   0.0000
    34 114.3112   2.7841   0.0000
    35 124.2200   3.0753   0.0000
    36 123.7448   2.5391   0.0000
    37 125.1907   2.7004   0.0000
    38 130.0750   3.1039   0.0000
    39 132.0659   2.9361   0.0000
    40 134.3269   2.7268   0.0000
    41 135.8450   2.8914   0.0000
    42 139.8069   2.9411   0.0000
    43 142.1421   3.1101   0.0000
    44 146.3394   2.8684   0.0000
    45 149.5140   2.8821   0.0000
    46 150.7304   3.0122   0.0000
    47 154.4598   3.1032   0.0000
    48 157.2085   2.8825   0.0000
    49 159.5469   2.8249   0.0000
    50 159.7015   2.8616   0.0000
    51 160.1760   2.8330   0.0000
    52 167.0071   3.0906   0.0000
    53 169.1574   3.1128   0.0000
    54 173.4068   2.9772   0.0000
    55 173.4354   2.8023   0.0000
    56 176.5031   2.9733   0.0000
    57 176.8103   3.1408   0.0000
    58 179.0160   2.9260   0.0000
    59 180.0127   2.9299   0.0000
    60 185.0893   3.1397   0.0000
  0.375000  0.375000  0.000000
  60
     1 -62.9334  -6.4361   0.0000
     2 -28.7466  -3.8800   0.0000
     3 -28.1855  -3.9122   0.0000
     4 -28.1855  -3.9122   0.0000
     5  -7.4624  -3.2293   0.0000
     6   5.3196  -1.9128   0.0000
     7  10.0060  -1.7631   0.0000
     8  10.0060  -1.7631   0.0000
     9  24.7649   1.3313   0.0000
    10  36.1275   1.5774   0.0000
    11  38.9502   1.7673   0.0000
    12  46.6951   2.0776   0.0000
    13  46.6951   2.0776   0.0000
    14  51.7502   2.0539   0.0000
    15  61.5227   2.4253   0.0000
    16  61.5227   2.4253   0.0000
    17  62.2585   2.4137   0.0000
    18  67.4004   2.1972   0.0000
    19  69.1526   2.2999   0.0000
    20  69.1526   2.2999   0.0000
    21  69.7720   2.3976   0.0000
    22  76.6756   2.5420   0.0000
    23  86.7817   2.7803   0.0000
    24  86.7817   2.7803   0.0000
    25  94.9228   2.4020   0.0000
    26  95.8362   2.8092   0.0000
    27  95.8362   2.8092   0.0000
    28  99.2639   2.5314   0.0000
    29 100.5590   2.6642   0.0000
    30 103.8459   2.8377   0.0000
    31 115.0411   2.6707   0.0000
    32 118.8616   2.5983   0.0000
    33 118.8616   2.5983   0.0000
    34 119.9008   2.8368   0.0000
    35 121.7921   2.7911   0.0000
    36 122.7910   3.0227   0.0000
    37 126.3829   2.5493   0.0000
    38 127.2920   2.9123   0.0000
    39 132.5350   2.8460   0.0000
    40 132.5350   2.8460   0.0000
    41 135.1528   2.7970   0.0000
    42 136.1209   3.1762   0.0000
    43 136.1209   3.1762   0.0000
    44 141.3516   2.8476   0.0000
    45 149.1708   2.8966   0.0000
    46 149.1708   2.8966   0.0000
    47 151.1995   2.9537   0.0000
    48 162.5367   3.2063   0.0000
    49 162.5367   3.2063   0.0000
    50 163.5969   3.0692   0.0000
    51 165.5131   2.9918   0.0000
    52 170.1779   2.6716   0.0000
    53 174.4386   2.9794   0.0000
    54 174.4386   2.9794   0.0000
    55 176.3627   2.9814   0.0000
    56 176.3627   2.9814   0.0000
    57 176.6574   3.1389   0.0000
    58 177.0165   2.8122   0.0000
    59 188.3177   3.1081   0.0000
    60 188.3243   3.1094   0.0000
  0.500000  0.375000  0.000000
  60
     1 -62.9006  -6.4394   0.0000
     2 -28.7874  -3.8749   0.0000
     3 -28.2990  -3.9066   0.0000
     4 -28.1964  -3.9111   0.0000
     5  -6.8856  -3.2306   0.0000
     6   4.9304  -1.9199   0.0000
     7   8.8771  -1.7369   0.0000
     8   9.7911  -1.7710   0.0000
     9  25.4118   1.2815   0.0000
    10  36.8123   1.6327   0.0000
    11  37.9674   1.7041   0.0000
    12  47.4279   2.1165   0.0000
    13  48.0816   2.1658   0.0000
    14  54.4602   2.1905   0.0000
    15  57.8497   2.1880   0.0000
    16  60.8759   2.3405   0.0000
    17  61.6368   2.4031   0.0000
    18  68.2505   2.2227   0.0000
    19  69.6247   2.4730   0.0000
    20  72.2258   2.2576   0.0000
    21  76.0983   2.2619   0.0000
    22  79.8974   2.6163   0.0000
    23  80.8311   2.6627   0.0000
    24  84.3565   2.7711   0.0000
    25  87.8088   2.5442   0.0000
    26  92.6164   2.5675   0.0000
    27  93.7318   2.8339   0.0000
    28 102.9709   2.6688   0.0000
    29 103.3773   2.7008   0.0000
    30 104.8362   2.7676   0.0000
    31 108.5893   2.6997   0.0000
    32 113.2270   2.7075   0.0000
    33 117.8596   2.5519   0.0000
    34 120.2171   2.7697   0.0000
    35 120.7324   2.8894   0.0000
    36 121.2614   2.9431   0.0000
    37 122.1822   2.8768   0.0000
    38 124.8636   2.7946   0.0000
    39 131.8337   2.7074   0.0000
    40 137.8535   2.9066   0.0000
    41 139.5000   3.2955   0.0000
    42 140.1467   2.9758   0.0000
    43 143.1777   3.0176   0.0000
    44 145.2538   2.8605   0.0000
    45 151.1852   2.8811   0.0000
    46 154.0555   2.9129   0.0000
    47 157.7440   3.1389   0.0000
    48 161.5993   2.9601   0.0000
    49 163.1133   2.8894   0.0000
    50 164.9509   2.9568   0.0000
    51 166.0270   3.0412   0.0000
    52 169.3929   3.0437   0.0000
    53 169.4314   2.8445   0.0000
    54 171.3517   2.8277   0.0000
    55 176.1272   3.0028   0.0000
    56 177.7300   3.2224   0.0000
    57 179.3652   3.2029   0.0000
    58 182.5441   2.9815   0.0000
    59 184.6295   3.0631   0.0000
    60 185.1025   3.0024   0.0000
 -0.375000  0.375000  0.000000
  60
     1 -62.8954  -6.4400   0.0000
     2 -28.6670  -3.8794   0.0000
     3 -28.5349  -3.8985   0.0000
     4 -28.1362  -3.9134   0.0000
     5  -6.4675  -3.2416   0.0000
     6   5.5047  -1.8718   0.0000
     7   6.8675  -1.7536   0.0000
     8   9.7513  -1.7640   0.0000
     9  28.1170   1.3179   0.0000
    10  35.8244   1.5452   0.0000
    11  38.7259   1.7506   0.0000
    12  46.5433   2.0841   0.0000
    13  47.6320   2.1296   0.0000
    14  50.9322   2.0815   0.0000
    15  58.9880   2.3088   0.0000
    16  61.0177   2.4911   0.0000
    17  61.3873   2.3854   0.0000
    18  68.2600   2.1758   0.0000
    19  72.2258   2.3642   0.0000
    20  73.2140   2.4708   0.0000
    21  79.0499   2.3984   0.0000
    22  80.5126   2.4844   0.0000
    23  83.1571   2.4996   0.0000
    24  83.4211   2.7451   0.0000
    25  88.8640   2.4775   0.0000
    26  91.2122   2.4716   0.0000
    27  92.3941   2.8027   0.0000
    28  94.7240   2.6045   0.0000
    29 105.2828   2.8128   0.0000
    30 106.5172   2.7279   0.0000
    31 107.6459   2.7215   0.0000
    32 110.5964   2.8386   0.0000
    33 114.7480   2.6811   0.0000
    34 118.0503   3.2326   0.0000
    35 118.5932   2.5372   0.0000
    36 120.6893   2.7328   0.0000
    37 123.4011   2.8905   0.0000
    38 124.3798   2.9595   0.0000
    39 138.4246   2.8086   0.0000
    40 140.3621   3.2535   0.0000
    41 140.9189   3.0660   0.0000
    42 146.1734   2.6855   0.0000
    43 149.2742   2.9053   0.0000
    44 150.0629   2.8890   0.0000
    45 151.8079   3.0391   0.0000
    46 154.5302   2.9004   0.0000
    47 156.7360   2.8458   0.0000
    48 158.5416   2.8903   0.0000
    49 158.7118   2.9931   0.0000
    50 160.3983   2.9558   0.0000
    51 164.2167   3.0295   0.0000
    52 168.4094   3.0371   0.0000
    53 169.0322   3.0248   0.0000
    54 169.8878   2.8388   0.0000
    55 170.3659   2.8176   0.0000
    56 176.3857   3.1433   0.0000
    57 181.2853   3.1799   0.0000
    58 181.2915   3.0642   0.0000
    59 182.5680   3.0320   0.0000
    60 185.0164   3.1882   0.0000
  0.500000  0.500000  0.000000
  60
     1 -62.8901  -6.4405   0.0000
     2 -28.8402  -3.8698   0.0000
     3 -28.2362  -3.9094   0.0000
     4 -28.2362  -3.9094   0.0000
     5  -6.9190  -3.2265   0.0000
     6   4.5819  -1.9466   0.0000
     7   9.7346  -1.7785   0.0000
     8   9.7346  -1.7785   0.0000
     9  23.8924   1.2970   0.0000
    10  36.3955   1.6803   0.0000
    11  38.4450   1.6894   0.0000
    12  49.1111   2.2344   0.0000
    13  49.1111   2.2344   0.0000
    14  54.2763   2.0993   0.0000
    15  60.7168   2.3165   0.0000
    16  60.9688   2.2573   0.0000
    17  60.9688   2.2573   0.0000
    18  65.5289   2.3458   0.0000
    19  70.6564   2.2329   0.0000
    20  70.6564   2.2329   0.0000
    21  79.4056   2.6801   0.0000
    22  79.8924   2.2180   0.0000
    23  80.7663   2.3923   0.0000
    24  82.2355   2.8023   0.0000
    25  82.2355   2.8023   0.0000
    26  94.0535   2.8897   0.0000
    27  94.0535   2.8897   0.0000
    28 100.8500   2.5485   0.0000
    29 102.3231   2.7840   0.0000
    30 107.0459   2.6060   0.0000
    31 114.4118   2.6664   0.0000
    32 116.8707   2.5343   0.0000
    33 116.8707   2.5343   0.0000
    34 117.4575   2.8905   0.0000
    35 118.4980   2.7729   0.0000
    36 122.1930   3.1088   0.0000
    37 122.1833   2.8378   0.0000
    38 125.5860   2.5432   0.0000
    39 131.7118   2.8382   0.0000
    40 131.7118   2.8382   0.0000
    41 134.3090   2.7915   0.0000
    42 141.5051   3.4321   0.0000
    43 141.5051   3.4321   0.0000
    44 144.1215   2.8948   0.0000
    45 158.3682   2.9498   0.0000
    46 158.3682   2.9498   0.0000
    47 160.4601   2.8309   0.0000
    48 162.2315   2.9254   0.0000
    49 162.2315   2.9254   0.0000
    50 167.2147   2.9308   0.0000
    51 167.2147   2.9308   0.0000
    52 170.3745   2.9995   0.0000
    53 171.0669   3.1186   0.0000
    54 175.3384   2.9875   0.0000
    55 177.0117   3.1747   0.0000
    56 180.5959   3.3534   0.0000
    57 180.5959   3.3534   0.0000
    58 181.0644   3.1396   0.0000
    59 181.3545   2.5622   0.0000
    60 184.2556   2.8997   0.0000
  0.375000  0.250000  0.125000
  60
     1 -63.0159  -6.4278   0.0000
     2 -28.6199  -3.8990   0.0000
     3 -28.1324  -3.9142   0.0000
     4 -27.9814  -3.9220   0.0000
     5  -8.4104  -3.2349   0.0000
     6   6.9655  -1.8450   0.0000
     7   9.8224  -1.6920   0.0000
     8  10.6066  -1.7217   0.0000
     9  29.1942   1.3855   0.0000
    10  33.9057   1.4201   0.0000
    11  40.6105   1.8025   0.0000
    12  41.1076   1.8455   0.0000
    13  43.5327   1.9463   0.0000
    14  48.4058   2.0650   0.0000
    15  56.9454   2.2802   0.0000
    16  59.7287   2.4269   0.0000
    17  62.7078   2.4277   0.0000
    18  64.5271   2.5632   0.0000
    19  67.4927   2.4001   0.0000
    20  72.3821   2.4017   0.0000
    21  75.4294   2.4296   0.0000
    22  81.2436   2.6013   0.0000
    23  83.2992   2.5398   0.0000
    24  88.6079   2.5935   0.0000
    25  96.2328   2.7869   0.0000
    26 100.7549   2.7179   0.0000
    27 103.4126   2.7600   0.0000
    28 104.4193   2.7489   0.0000
    29 106.0804   2.7466   0.0000
    30 113.1911   2.7227   0.0000
    31 113.6928   2.6106   0.0000
    32 115.3943   2.6041   0.0000
    33 116.6703   2.7236   0.0000
    34 117.2904   2.8096   0.0000
    35 117.5427   2.6628   0.0000
    36 123.1447   2.9079   0.0000
    37 125.0682   2.9234   0.0000
    38 128.8126   2.9721   0.0000
    39 132.7046   2.7354   0.0000
    40 136.1592   2.9319   0.0000
    41 138.5981   3.0054   0.0000
    42 139.0633   2.8864   0.0000
    43 139.2872   2.7767   0.0000
    44 140.3805   2.9208   0.0000
    45 141.1052   2.7381   0.0000
    46 147.0508   2.9121   0.0000
    47 147.3184   2.8569   0.0000
    48 153.3416   2.9749   0.0000
    49 155.4974   2.8813   0.0000
    50 157.8371   3.1846   0.0000
    51 158.9251   3.1831   0.0000
    52 165.0195   3.0023   0.0000
    53 165.3792   2.7704   0.0000
    54 169.9720   2.9079   0.0000
    55 171.8238   2.9550   0.0000
    56 175.0304   3.0870   0.0000
    57 179.2428   3.1386   0.0000
    58 181.9215   3.1387   0.0000
    59 183.4868   3.0464   0.0000
    60 184.8638   2.8526   0.0000
  0.500000  0.250000  0.125000
  60
     1 -62.9519  -6.4343   0.0000
     2 -28.8256  -3.8888   0.0000
     3 -28.2293  -3.9064   0.0000
     4 -28.0285  -3.9186   0.0000
     5  -7.0964  -3.2385   0.0000
     6   5.2681  -1.8578   0.0000
     7   8.5748  -1.7214   0.0000
     8  10.0103  -1.7347   0.0000
     9  30.0013   1.3375   0.0000
    10  34.1419   1.4779   0.0000
    11  40.3759   1.8013   0.0000
    12  43.0944   1.8992   0.0000
    13  45.2855   2.0305   0.0000
    14  49.9725   2.1908   0.0000
    15  57.7969   2.4207   0.0000
    16  60.2908   2.2385   0.0000
    17  63.7418   2.4603   0.0000
    18  65.5661   2.3438   0.0000
    19  67.0776   2.4731   0.0000
    20  73.7123   2.3674   0.0000
    21  76.4697   2.4030   0.0000
    22  78.7927   2.5001   0.0000
    23  84.2235   2.5823   0.0000
    24  90.3621   2.6402   0.0000
    25  92.2592   2.5757   0.0000
    26  95.7535   2.6271   0.0000
    27  98.3012   2.6514   0.0000
    28 102.9064   2.7975   0.0000
    29 104.4805   2.6572   0.0000
    30 106.5279   2.8129   0.0000
    31 109.6567   2.8447   0.0000
    32 111.8625   2.6678   0.0000
    33 113.4831   2.6978   0.0000
    34 115.7816   2.7848   0.0000
    35 116.6211   2.7558   0.0000
    36 124.6480   2.9640   0.0000
    37 127.0432   2.9575   0.0000
    38 130.3138   2.8295   0.0000
    39 132.8379   2.9915   0.0000
    40 136.3835   2.8547   0.0000
    41 138.2575   2.8048   0.0000
    42 139.3424   2.8229   0.0000
    43 142.4250   2.9005   0.0000
    44 145.9783   2.9289   0.0000
    45 146.8030   3.0504   0.0000
    46 149.3502   2.8921   0.0000
    47 152.4095   2.9503   0.0000
    48 159.1778   2.9961   0.0000
    49 159.7115   2.9517   0.0000
    50 162.1927   3.0203   0.0000
    51 165.0634   2.8521   0.0000
    52 166.7190   2.9309   0.0000
    53 168.1423   2.9696   0.0000
    54 169.4652   3.1318   0.0000
    55 173.1895   2.9447   0.0000
    56 175.4291   3.0368   0.0000
    57 178.8779   3.0358   0.0000
    58 182.1332   2.9384   0.0000
    59 183.7902   3.1678   0.0000
    60 186.5073   2.9116   0.0000
 -0.375000  0.250000  0.125000
  60
     1 -62.9252  -6.4370   0.0000
     2 -28.9122  -3.8843   0.0000
     3 -28.2521  -3.9037   0.0000
     4 -28.0604  -3.9169   0.0000
     5  -6.4528  -3.2555   0.0000
     6   4.4265  -1.8426   0.0000
     7   8.1221  -1.7473   0.0000
     8   9.7708  -1.7413   0.0000
     9  30.6487   1.3140   0.0000
    10  33.9507   1.5208   0.0000
    11  40.5307   1.8098   0.0000
    12  43.3814   1.9094   0.0000
    13  47.3662   2.0983   0.0000
    14  49.6504   2.2070   0.0000
    15  57.6159   2.4232   0.0000
    16  60.5139   2.2219   0.0000
    17  61.9436   2.3400   0.0000
    18  65.5372   2.3626   0.0000
    19  70.3832   2.5099   0.0000
    20  71.4155   2.4556   0.0000
    21  81.6003   2.2897   0.0000
    22  81.9336   2.4927   0.0000
    23  85.5240   2.4940   0.0000
    24  87.7325   2.5773   0.0000
    25  90.2014   2.6881   0.0000
    26  90.6068   2.6194   0.0000
    27  95.7023   2.6005   0.0000
    28  98.1697   2.6156   0.0000
    29 102.9721   2.7446   0.0000
    30 106.2389   2.8281   0.0000
    31 108.8350   2.7986   0.0000
    32 112.7618   2.6284   0.0000
    33 113.2157   2.9122   0.0000
    34 114.9059   2.7916   0.0000
    35 118.0195   2.8861   0.0000
    36 122.5397   2.9167   0.0000
    37 128.7396   3.0650   0.0000
    38 129.0341   2.8141   0.0000
    39 134.2006   2.8848   0.0000
    40 134.4505   2.9008   0.0000
    41 137.1729   2.7902   0.0000
    42 138.1467   2.7133   0.0000
    43 147.4216   3.0869   0.0000
    44 148.3052   3.0874   0.0000
    45 152.9552   2.9275   0.0000
    46 155.2324   3.0480   0.0000
    47 156.4547   3.0685   0.0000
    48 159.1450   2.8456   0.0000
    49 161.3183   2.7717   0.0000
    50 162.5682   2.8771   0.0000
    51 166.1261   3.0007   0.0000
    52 166.2793   2.8279   0.0000
    53 169.4039   2.9965   0.0000
    54 171.5361   3.0325   0.0000
    55 173.2087   3.0241   0.0000
    56 175.3809   2.9962   0.0000
    57 177.6150   3.0018   0.0000
    58 178.3219   3.1296   0.0000
    59 179.3967   2.9451   0.0000
    60 179.7725   3.0200   0.0000
  0.500000  0.375000  0.125000
  60
     1 -62.9264  -6.4368   0.0000
     2 -28.7514  -3.8832   0.0000
     3 -28.2671  -3.9059   0.0000
     4 -28.1600  -3.9135   0.0000
     5  -7.0793  -3.2333   0.0000
     6   5.3875  -1.8896   0.0000
     7   8.8339  -1.7194   0.0000
     8   9.6232  -1.7519   0.0000
     9  27.1982   1.3026   0.0000
    10  35.7056   1.5279   0.0000
    11  38.8681   1.7668   0.0000
    12  45.3958   2.0250   0.0000
    13  46.6185   2.0644   0.0000
    14  52.2214   2.1850   0.0000
    15  58.7456   2.2494   0.0000
    16  61.3005   2.4655   0.0000
    17  62.5513   2.4271   0.0000
    18  65.9456   2.1962   0.0000
    19  67.8720   2.4380   0.0000
    20  73.4804   2.2874   0.0000
    21  75.0652   2.4720   0.0000
    22  80.9173   2.5029   0.0000
    23  82.5590   2.6078   0.0000
    24  85.3535   2.7021   0.0000
    25  90.0472   2.6235   0.0000
    26  92.9962   2.6552   0.0000
    27 100.3017   2.4966   0.0000
    28 101.3059   2.6733   0.0000
    29 104.9976   2.8226   0.0000
    30 105.7350   2.9079   0.0000
    31 108.7810   2.6044   0.0000
    32 111.8006   2.7663   0.0000
    33 113.2573   2.6856   0.0000
    34 113.7059   2.7157   0.0000
    35 120.4926   2.8560   0.0000
    36 123.6671   3.1096   0.0000
    37 130.5290   2.7472   0.0000
    38 132.1365   3.0015   0.0000
    39 134.3153   2.8307   0.0000
    40 135.4411   2.7109   0.0000
    41 137.3000   2.8608   0.0000
    42 138.2042   3.0217   0.0000
    43 141.5480   2.9191   0.0000
    44 145.1554   2.9107   0.0000
    45 147.1164   2.8183   0.0000
    46 152.3540   3.2337   0.0000
    47 153.2694   2.8239   0.0000
    48 157.0159   2.8770   0.0000
    49 160.9906   2.9361   0.0000
    50 162.2673   3.1560   0.0000
    51 163.3749   3.0254   0.0000
    52 167.4817   2.8910   0.0000
    53 170.6940   3.1088   0.0000
    54 172.9135   3.0406   0.0000
    55 176.0714   2.7329   0.0000
    56 176.6508   3.1631   0.0000
    57 182.1507   3.0286   0.0000
    58 183.4934   3.1621   0.0000
    59 184.4306   2.9314   0.0000
    60 186.6124   2.9838   0.0000
 -0.375000  0.375000  0.125000
  60
     1 -62.8998  -6.4395   0.0000
     2 -28.7100  -3.8841   0.0000
     3 -28.4285  -3.8963   0.0000
     4 -28.1851  -3.9126   0.0000
     5  -6.4741  -3.2428   0.0000
     6   5.4700  -1.8506   0.0000
     7   7.2508  -1.7613   0.0000
     8   9.2827  -1.7534   0.0000
     9  29.4062   1.3337   0.0000
    10  34.5211   1.4950   0.0000
    11  39.1800   1.7678   0.0000
    12  44.9551   2.0133   0.0000
    13  48.3210   2.1342   0.0000
    14  51.2308   2.1994   0.0000
    15  58.7172   2.2403   0.0000
    16  61.3172   2.4564   0.0000
    17  62.0368   2.4267   0.0000
    18  65.9203   2.1610   0.0000
    19  71.5155   2.4465   0.0000
    20  75.5342   2.4784   0.0000
    21  77.8129   2.4531   0.0000
    22  79.8344   2.4453   0.0000
    23  84.0549   2.6672   0.0000
    24  86.5217   2.5163   0.0000
    25  87.1142   2.5145   0.0000
    26  90.3738   2.6424   0.0000
    27  95.2572   2.5870   0.0000
    28  97.3035   2.4761   0.0000
    29 103.2538   2.6466   0.0000
    30 105.2404   2.6725   0.0000
    31 106.9311   2.9559   0.0000
    32 109.6825   2.7146   0.0000
    33 111.7502   2.9020   0.0000
    34 114.0848   2.8393   0.0000
    35 118.7435   3.1293   0.0000
    36 122.6466   2.9001   0.0000
    37 128.8294   2.8190   0.0000
    38 132.5973   2.7500   0.0000
    39 135.2465   2.7907   0.0000
    40 138.9378   3.0787   0.0000
    41 142.6005   3.0197   0.0000
    42 145.7149   2.8813   0.0000
    43 146.4081   2.8038   0.0000
    44 147.6422   2.8967   0.0000
    45 150.0883   2.8706   0.0000
    46 152.1798   3.0587   0.0000
    47 156.8578   2.9897   0.0000
    48 157.3630   2.8716   0.0000
    49 159.5418   3.0162   0.0000
    50 161.2395   2.8880   0.0000
    51 164.6967   2.8726   0.0000
    52 165.8543   3.0161   0.0000
    53 169.6317   2.9890   0.0000
    54 171.6953   3.0268   0.0000
    55 173.2244   2.9897   0.0000
    56 176.0472   3.0987   0.0000
    57 179.2229   3.0941   0.0000
    58 183.4726   3.0429   0.0000
    59 184.3137   3.0233   0.0000
    60 185.2603   3.1486   0.0000
 -0.250000  0.375000  0.125000
  60
     1 -62.9104  -6.4385   0.0000
     2 -28.7061  -3.8907   0.0000
     3 -28.4660  -3.8918   0.0000
     4 -28.1136  -3.9149   0.0000
     5  -6.4790  -3.2466   0.0000
     6   5.6499  -1.8192   0.0000
     7   6.8631  -1.7818   0.0000
     8   9.4833  -1.7469   0.0000
     9  32.1215   1.4137   0.0000
    10  32.1765   1.4044   0.0000
    11  39.9946   1.7942   0.0000
    12  44.6140   2.0037   0.0000
    13  47.3081   2.0487   0.0000
    14  49.1901   2.1606   0.0000
    15  60.0207   2.3135   0.0000
    16  60.8671   2.5076   0.0000
    17  62.3473   2.4421   0.0000
    18  66.6770   2.1892   0.0000
    19  69.0524   2.4114   0.0000
    20  76.2399   2.4502   0.0000
    21  77.8743   2.5120   0.0000
    22  79.8893   2.3067   0.0000
    23  82.8782   2.6235   0.0000
    24  86.6947   2.5639   0.0000
    25  90.4831   2.7162   0.0000
    26  93.8596   2.4388   0.0000
    27  96.0372   2.5825   0.0000
    28  97.1868   2.6090   0.0000
    29  98.3245   2.6180   0.0000
    30 107.2779   2.8664   0.0000
    31 109.2179   2.9390   0.0000
    32 109.3502   2.5748   0.0000
    33 111.4706   2.7588   0.0000
    34 114.4566   3.0882   0.0000
    35 116.0509   2.8574   0.0000
    36 123.6663   2.9650   0.0000
    37 129.0122   2.9837   0.0000
    38 132.5552   2.7283   0.0000
    39 136.3134   2.6680   0.0000
    40 139.5716   3.0612   0.0000
    41 142.5107   2.9941   0.0000
    42 143.0667   3.0762   0.0000
    43 144.5970   2.8879   0.0000
    44 149.0363   2.8415   0.0000
    45 149.5915   2.8091   0.0000
    46 152.1180   2.8961   0.0000
    47 153.0915   2.9325   0.0000
    48 157.9816   2.9043   0.0000
    49 159.5838   2.8183   0.0000
    50 161.6030   3.0413   0.0000
    51 164.5814   3.0972   0.0000
    52 165.1940   3.0552   0.0000
    53 172.0177   3.0363   0.0000
    54 173.7364   2.9825   0.0000
    55 174.9113   2.9831   0.0000
    56 177.0633   2.9298   0.0000
    57 178.1072   2.9342   0.0000
    58 180.1632   3.0547   0.0000
    59 182.2880   3.0345   0.0000
    60 184.0239   3.1358   0.0000
 -0.375000  0.500000  0.125000
  60
     1 -62.8895  -6.4405   0.0000
     2 -28.7508  -3.8747   0.0000
     3 -28.3235  -3.9026   0.0000
     4 -28.2697  -3.9111   0.0000
     5  -6.6435  -3.2331   0.0000
     6   5.0474  -1.9076   0.0000
     7   8.4882  -1.7320   0.0000
     8   9.1552  -1.7646   0.0000
     9  26.4872   1.2708   0.0000
    10  36.7813   1.5987   0.0000
    11  37.5998   1.7151   0.0000
    12  46.5536   2.0877   0.0000
    13  49.3273   2.2322   0.0000
    14  54.6189   2.2230   0.0000
    15  56.5676   2.1919   0.0000
    16  61.3279   2.3786   0.0000
    17  61.7509   2.2991   0.0000
    18  67.9963   2.1700   0.0000
    19  71.0788   2.4887   0.0000
    20  73.8662   2.2809   0.0000
    21  77.2152   2.4845   0.0000
    22  80.8490   2.7144   0.0000
    23  82.4478   2.5910   0.0000
    24  83.4418   2.5568   0.0000
    25  85.1722   2.4337   0.0000
    26  91.0539   2.7466   0.0000
    27  91.2583   2.6093   0.0000
    28 104.2348   2.8434   0.0000
    29 104.8939   2.5766   0.0000
    30 106.5824   2.5604   0.0000
    31 106.9271   2.8322   0.0000
    32 108.5728   2.7096   0.0000
    33 112.4696   2.6838   0.0000
    34 113.4106   2.7178   0.0000
    35 119.3789   3.3300   0.0000
    36 122.8930   2.8897   0.0000
    37 130.1737   2.6959   0.0000
    38 130.9196   2.6290   0.0000
    39 132.1621   2.7222   0.0000
    40 136.2002   2.9412   0.0000
    41 140.5527   3.1755   0.0000
    42 141.2451   2.8045   0.0000
    43 142.8790   3.3232   0.0000
    44 152.2674   2.9285   0.0000
    45 153.9118   2.9465   0.0000
    46 157.2409   3.0614   0.0000
    47 157.0541   2.8406   0.0000
    48 158.7531   2.9114   0.0000
    49 161.6458   3.0097   0.0000
    50 162.7775   2.8131   0.0000
    51 163.2186   2.9430   0.0000
    52 168.7049   3.1003   0.0000
    53 169.1942   2.7748   0.0000
    54 170.9661   2.9970   0.0000
    55 175.5140   2.9783   0.0000
    56 177.9516   3.1150   0.0000
    57 179.1963   3.1804   0.0000
    58 180.3563   3.2889   0.0000
    59 180.9654   3.0260   0.0000
    60 185.0606   3.1247   0.0000
 -0.250000  0.500000  0.250000
  60
     1 -62.8890  -6.4406   0.0000
     2 -28.5361  -3.8878   0.0000
     3 -28.5361  -3.8878   0.0000
     4 -28.3029  -3.9127   0.0000
     5  -6.3542  -3.2424   0.0000
     6   6.4385  -1.8076   0.0000
     7   6.4385  -1.8076   0.0000
     8   8.5765  -1.7512   0.0000
     9  31.9776   1.4051   0.0000
    10  31.9776   1.4051   0.0000
    11  39.3003   1.7748   0.0000
    12  44.1640   1.9802   0.0000
    13  50.5549   2.2282   0.0000
    14  50.5549   2.2282   0.0000
    15  58.1871   2.2149   0.0000
    16  62.0586   2.4580   0.0000
    17  63.4115   2.5071   0.0000
    18  65.0843   1.9470   0.0000
    19  74.0285   2.5005   0.0000
    20  74.0285   2.5005   0.0000
    21  79.3281   2.4966   0.0000
    22  79.3281   2.4966   0.0000
    23  79.5761   2.6416   0.0000
    24  88.4485   2.6360   0.0000
    25  92.3171   2.4075   0.0000
    26  92.3171   2.4075   0.0000
    27  93.7452   2.5495   0.0000
    28  94.1622   2.4610   0.0000
    29  99.5308   2.6951   0.0000
    30  99.5308   2.6951   0.0000
    31 107.1064   2.6487   0.0000
    32 107.8140   3.0595   0.0000
    33 113.4964   2.7201   0.0000
    34 115.3015   3.1438   0.0000
    35 115.3015   3.1438   0.0000
    36 123.7411   2.9370   0.0000
    37 133.6402   2.7504   0.0000
    38 133.6402   2.7504   0.0000
    39 137.2670   3.0923   0.0000
    40 144.7120   2.7564   0.0000
    41 144.7120   2.7564   0.0000
    42 146.4967   2.8825   0.0000
    43 147.9159   2.8603   0.0000
    44 148.1775   2.6706   0.0000
    45 150.5947   3.1324   0.0000
    46 150.5947   3.1324   0.0000
    47 151.0124   3.0304   0.0000
    48 151.2328   2.9276   0.0000
    49 161.1940   2.9497   0.0000
    50 161.1940   2.9497   0.0000
    51 164.9660   2.9085   0.0000
    52 165.7487   3.0313   0.0000
    53 167.0720   3.0156   0.0000
    54 175.1324   2.9029   0.0000
    55 175.1324   2.9029   0.0000
    56 176.1947   2.9844   0.0000
    57 180.0202   3.2744   0.0000
    58 180.3930   3.1958   0.0000
    59 180.3930   3.1958   0.0000
    60 189.0238   3.0934   0.0000
