          29           1
  0.000000  0.000000  0.000000
  60
     1 -65.0120  -0.0000  -0.0000
     2 -29.9156  -0.0000   0.0000
     3 -29.9155  -0.0000  -0.0000
     4 -29.9155  -0.0000  -0.0000
     5 -12.1843   0.0000   0.0000
     6  10.4015   0.0000  -0.0000
     7  10.4018   0.0000  -0.0000
     8  10.4018   0.0000   0.0000
     9  26.1417   0.0000   0.0000
    10  32.1919   0.0000   0.0000
    11  32.1919   0.0000  -0.0000
    12  32.1919   0.0000  -0.0000
    13  37.8102   0.0000   0.0000
    14  41.0888   0.0000  -0.0000
    15  41.0888   0.0000   0.0000
    16  52.2785   0.0000  -0.0000
    17  52.2794   0.0000   0.0000
    18  52.2794   0.0000   0.0000
    19  71.1388   0.0000   0.0000
    20  71.1390   0.0000   0.0000
    21  71.1390   0.0000   0.0000
    22  76.6896   0.0000   0.0000
    23  85.4244   0.0000  -0.0000
    24  85.4244   0.0000   0.0000
    25  85.4244   0.0000  -0.0000
    26  92.7778   0.0000   0.0000
    27  92.7778   0.0000   0.0000
    28  93.8433   0.0000   0.0000
    29  93.8433   0.0000   0.0000
    30  93.8433   0.0000  -0.0000
    31 109.4197   0.0000   0.0000
    32 109.4197   0.0000  -0.0000
    33 113.9466   0.0000   0.0000
    34 120.4795   0.0000  -0.0000
    35 120.4795   0.0000  -0.0000
    36 120.4795   0.0000   0.0000
    37 123.3004   0.0000  -0.0000
    38 123.3088   0.0000  -0.0000
    39 123.3088   0.0000  -0.0000
    40 128.6372   0.0000  -0.0000
    41 128.6376   0.0000  -0.0000
    42 128.6377   0.0000  -0.0000
    43 130.6526   0.0000  -0.0000
    44 130.6526   0.0000  -0.0000
    45 130.6526   0.0000   0.0000
    46 132.7605   0.0000  -0.0000
    47 132.7605   0.0000   0.0000
    48 132.7605   0.0000   0.0000
    49 133.3826   0.0000  -0.0000
    50 136.8838   0.0000   0.0000
    51 136.8838   0.0000  -0.0000
    52 136.8838   0.0000   0.0000
    53 137.9212   0.0000   0.0000
    54 137.9212   0.0000   0.0000
    55 138.6990   0.0000  -0.0000
    56 138.6990   0.0000  -0.0000
    57 138.6990   0.0000   0.0000
    58 140.6356   0.0000   0.0000
    59 145.5381   0.0000   0.0000
    60 158.3878   0.0000   0.0000
  0.125000  0.000000  0.000000
  60
     1 -64.9930  -0.0000   0.0000
     2 -30.0404  -0.0000   0.0000
     3 -29.9224  -0.0000   0.0000
     4 -29.9224  -0.0000  -0.0000
     5 -11.7292   0.0000   0.0000
     6   9.1129   0.0000  -0.0000
     7  10.1114   0.0000   0.0000
     8  10.1116   0.0000  -0.0000
     9  26.8277   0.0000  -0.0000
    10  30.1851   0.0000   0.0000
    11  32.9646   0.0000  -0.0000
    12  32.9646   0.0000   0.0000
    13  40.9295   0.0000  -0.0000
    14  40.9296   0.0000  -0.0000
    15  41.8690   0.0000   0.0000
    16  51.6936   0.0000   0.0000
    17  53.5739   0.0000  -0.0000
    18  53.5743   0.0000  -0.0000
    19  68.5549   0.0000  -0.0000
    20  70.0847   0.0000   0.0000
    21  70.0849   0.0000  -0.0000
    22  78.3704   0.0000  -0.0000
    23  81.0799   0.0000  -0.0000
    24  81.0799   0.0000  -0.0000
    25  87.9490   0.0000  -0.0000
    26  90.1438   0.0000  -0.0000
    27  90.1438   0.0000  -0.0000
    28  94.4321   0.0000   0.0000
    29 103.5051   0.0000  -0.0000
    30 103.5051   0.0000  -0.0000
    31 107.6575   0.0000  -0.0000
    32 107.6578   0.0000   0.0000
    33 112.1674   0.0000   0.0000
    34 115.1774   0.0000  -0.0000
    35 116.2872   0.0000   0.0000
    36 116.2873   0.0000   0.0000
    37 119.0612   0.0000  -0.0000
    38 121.5457   0.0000   0.0000
    39 121.5461   0.0000  -0.0000
    40 122.7849   0.0000  -0.0000
    41 122.7901   0.0000   0.0000
    42 122.8056   0.0000   0.0000
    43 129.0119   0.0000  -0.0000
    44 129.2630   0.0000  -0.0000
    45 129.2630   0.0000   0.0000
    46 131.7258   0.0000   0.0000
    47 133.6608   0.0000   0.0000
    48 135.9844   0.0000  -0.0000
    49 135.9844   0.0000   0.0000
    50 139.6582   0.0000  -0.0000
    51 139.6615   0.0000  -0.0000
    52 140.6809   0.0000   0.0000
    53 140.6810   0.0000   0.0000
    54 141.7827   0.0000   0.0000
    55 144.0385   0.0000   0.0000
    56 145.6577   0.0000  -0.0000
    57 150.1881   0.0000  -0.0000
    58 150.2445   0.0000  -0.0000
    59 150.2446   0.0000   0.0000
    60 157.6071   0.0000  -0.0000
  0.250000  0.000000  0.000000
  60
     1 -64.9468  -0.0000   0.0000
     2 -30.3300  -0.0000   0.0000
     3 -29.9388  -0.0000  -0.0000
     4 -29.9388  -0.0000   0.0000
     5 -10.5151   0.0000  -0.0000
     6   6.2352   0.0000   0.0000
     7   9.4584   0.0000   0.0000
     8   9.4584   0.0000   0.0000
     9  26.4158   0.0000  -0.0000
    10  30.5295   0.0000  -0.0000
    11  34.7336   0.0000   0.0000
    12  34.7336   0.0000   0.0000
    13  41.1615   0.0000   0.0000
    14  41.1615   0.0000  -0.0000
    15  46.8807   0.0000   0.0000
    16  52.2687   0.0000  -0.0000
    17  56.6735   0.0000   0.0000
    18  56.6735   0.0000  -0.0000
    19  65.0849   0.0000   0.0000
    20  65.6731   0.0000   0.0000
    21  65.6731   0.0000  -0.0000
    22  77.4030   0.0000  -0.0000
    23  77.4030   0.0000  -0.0000
    24  81.1343   0.0000  -0.0000
    25  91.4891   0.0000   0.0000
    26  91.4891   0.0000   0.0000
    27  92.4893   0.0000  -0.0000
    28  96.1957   0.0000  -0.0000
    29 100.7020   0.0000   0.0000
    30 100.7020   0.0000  -0.0000
    31 103.2348   0.0000  -0.0000
    32 107.1053   0.0000  -0.0000
    33 109.5424   0.0000   0.0000
    34 109.5424   0.0000  -0.0000
    35 114.2269   0.0000  -0.0000
    36 114.2270   0.0000  -0.0000
    37 115.1738   0.0000   0.0000
    38 116.2390   0.0000   0.0000
    39 118.3386   0.0000  -0.0000
    40 118.3386   0.0000  -0.0000
    41 122.2958   0.0000  -0.0000
    42 122.2958   0.0000   0.0000
    43 126.7137   0.0000   0.0000
    44 127.0210   0.0000   0.0000
    45 127.0210   0.0000  -0.0000
    46 130.7693   0.0000  -0.0000
    47 138.3091   0.0000   0.0000
    48 140.1039   0.0000   0.0000
    49 140.1040   0.0000  -0.0000
    50 142.9307   0.0000   0.0000
    51 144.6616   0.0000  -0.0000
    52 144.6627   0.0000  -0.0000
    53 151.0084   0.0000  -0.0000
    54 151.0116   0.0000  -0.0000
    55 152.9421   0.0000   0.0000
    56 155.3776   0.0000  -0.0000
    57 157.4116   0.0000  -0.0000
    58 157.4117   0.0000  -0.0000
    59 160.0049   0.0000   0.0000
    60 166.2738   0.0000  -0.0000
  0.375000  0.000000  0.000000
  60
     1 -64.9005  -0.0000   0.0000
     2 -30.6048  -0.0000   0.0000
     3 -29.9551  -0.0000  -0.0000
     4 -29.9551  -0.0000  -0.0000
     5  -9.0220   0.0000  -0.0000
     6   3.3901   0.0000  -0.0000
     7   8.8603   0.0000  -0.0000
     8   8.8603   0.0000   0.0000
     9  25.4423   0.0000  -0.0000
    10  32.5040   0.0000   0.0000
    11  36.0410   0.0000   0.0000
    12  36.0410   0.0000  -0.0000
    13  42.9762   0.0000   0.0000
    14  42.9762   0.0000   0.0000
    15  46.6807   0.0000  -0.0000
    16  56.3353   0.0000  -0.0000
    17  58.9348   0.0000  -0.0000
    18  58.9348   0.0000  -0.0000
    19  60.4612   0.0000  -0.0000
    20  60.4612   0.0000  -0.0000
    21  66.0077   0.0000  -0.0000
    22  78.1154   0.0000  -0.0000
    23  78.1154   0.0000   0.0000
    24  83.0657   0.0000   0.0000
    25  89.4621   0.0000   0.0000
    26  92.0020   0.0000   0.0000
    27  92.0020   0.0000  -0.0000
    28  94.3322   0.0000   0.0000
    29  94.3322   0.0000  -0.0000
    30  97.4788   0.0000  -0.0000
    31  99.1145   0.0000  -0.0000
    32 102.8330   0.0000   0.0000
    33 103.4759   0.0000   0.0000
    34 103.4759   0.0000  -0.0000
    35 108.7248   0.0000   0.0000
    36 114.1333   0.0000  -0.0000
    37 114.1333   0.0000  -0.0000
    38 115.6850   0.0000  -0.0000
    39 120.0671   0.0000   0.0000
    40 120.0671   0.0000  -0.0000
    41 126.2329   0.0000  -0.0000
    42 128.1772   0.0000   0.0000
    43 128.1772   0.0000  -0.0000
    44 129.7271   0.0000  -0.0000
    45 130.6595   0.0000  -0.0000
    46 130.6595   0.0000   0.0000
    47 138.9623   0.0000   0.0000
    48 138.9623   0.0000   0.0000
    49 139.4669   0.0000  -0.0000
    50 147.8760   0.0000  -0.0000
    51 153.5822   0.0000   0.0000
    52 153.5822   0.0000  -0.0000
    53 157.7953   0.0000  -0.0000
    54 160.2455   0.0000   0.0000
    55 160.2455   0.0000  -0.0000
    56 162.4632   0.0000   0.0000
    57 162.4632   0.0000   0.0000
    58 162.9858   0.0000  -0.0000
    59 162.9858   0.0000  -0.0000
    60 164.4737   0.0000   0.0000
  0.500000  0.000000  0.000000
  60
     1 -64.8812  -0.0000   0.0000
     2 -30.7148  -0.0000  -0.0000
     3 -29.9618  -0.0000  -0.0000
     4 -29.9618  -0.0000   0.0000
     5  -8.2467   0.0000   0.0000
     6   2.1178   0.0000  -0.0000
     7   8.6260   0.0000   0.0000
     8   8.6260   0.0000  -0.0000
     9  25.1372   0.0000  -0.0000
    10  33.3783   0.0000  -0.0000
    11  36.3641   0.0000  -0.0000
    12  36.3641   0.0000  -0.0000
    13  44.7517   0.0000  -0.0000
    14  44.7517   0.0000   0.0000
    15  46.2270   0.0000  -0.0000
    16  56.0456   0.0000   0.0000
    17  56.0456   0.0000   0.0000
    18  56.6414   0.0000   0.0000
    19  61.4328   0.0000  -0.0000
    20  61.4328   0.0000   0.0000
    21  73.6374   0.0000   0.0000
    22  76.0696   0.0000  -0.0000
    23  80.4468   0.0000   0.0000
    24  80.4468   0.0000   0.0000
    25  86.7676   0.0000  -0.0000
    26  86.7676   0.0000   0.0000
    27  89.4721   0.0000   0.0000
    28  93.9880   0.0000  -0.0000
    29  97.4516   0.0000   0.0000
    30  97.4516   0.0000  -0.0000
    31  99.2026   0.0000  -0.0000
    32  99.2026   0.0000  -0.0000
    33 102.4639   0.0000  -0.0000
    34 103.7859   0.0000   0.0000
    35 104.1978   0.0000   0.0000
    36 113.6397   0.0000   0.0000
    37 113.6397   0.0000   0.0000
    38 115.4599   0.0000  -0.0000
    39 119.7133   0.0000   0.0000
    40 119.7133   0.0000  -0.0000
    41 126.6644   0.0000   0.0000
    42 128.7335   0.0000   0.0000
    43 130.1346   0.0000  -0.0000
    44 130.1346   0.0000  -0.0000
    45 133.7394   0.0000   0.0000
    46 133.7394   0.0000  -0.0000
    47 139.6574   0.0000   0.0000
    48 146.7297   0.0000  -0.0000
    49 146.7297   0.0000   0.0000
    50 147.7835   0.0000  -0.0000
    51 147.7835   0.0000   0.0000
    52 153.1900   0.0000   0.0000
    53 157.1942   0.0000   0.0000
    54 159.1230   0.0000  -0.0000
    55 161.3934   0.0000  -0.0000
    56 161.3934   0.0000  -0.0000
    57 166.5491   0.0000   0.0000
    58 166.5491   0.0000  -0.0000
    59 170.5334   0.0000   0.0000
    60 170.5336   0.0000  -0.0000
  0.125000  0.125000  0.000000
  60
     1 -64.9867  -0.0000   0.0000
     2 -30.0327  -0.0000   0.0000
     3 -29.9478  -0.0000   0.0000
     4 -29.9478  -0.0000  -0.0000
     5 -11.5935   0.0000  -0.0000
     6   8.9478   0.0000  -0.0000
     7   9.9330   0.0000   0.0000
     8   9.9330   0.0000  -0.0000
     9  27.2222   0.0000   0.0000
    10  28.7698   0.0000   0.0000
    11  33.7622   0.0000   0.0000
    12  33.7622   0.0000   0.0000
    13  39.7971   0.0000  -0.0000
    14  41.8301   0.0000  -0.0000
    15  42.7960   0.0000  -0.0000
    16  52.7548   0.0000   0.0000
    17  52.7548   0.0000  -0.0000
    18  53.9705   0.0000   0.0000
    19  68.7172   0.0000   0.0000
    20  69.2435   0.0000  -0.0000
    21  69.2435   0.0000  -0.0000
    22  79.2315   0.0000  -0.0000
    23  81.6052   0.0000  -0.0000
    24  82.6048   0.0000   0.0000
    25  82.6048   0.0000  -0.0000
    26  86.0695   0.0000   0.0000
    27  94.1490   0.0000   0.0000
    28 100.4176   0.0000   0.0000
    29 100.4176   0.0000  -0.0000
    30 106.5449   0.0000   0.0000
    31 107.1891   0.0000  -0.0000
    32 108.4510   0.0000   0.0000
    33 110.6919   0.0000  -0.0000
    34 110.6919   0.0000  -0.0000
    35 112.9746   0.0000  -0.0000
    36 116.1208   0.0000   0.0000
    37 119.6909   0.0000   0.0000
    38 119.6909   0.0000   0.0000
    39 121.5781   0.0000  -0.0000
    40 123.7306   0.0000   0.0000
    41 126.0941   0.0000   0.0000
    42 126.0941   0.0000   0.0000
    43 127.4590   0.0000  -0.0000
    44 127.4590   0.0000  -0.0000
    45 127.9242   0.0000  -0.0000
    46 129.3136   0.0000  -0.0000
    47 133.2515   0.0000   0.0000
    48 133.6455   0.0000   0.0000
    49 138.0723   0.0000   0.0000
    50 140.3871   0.0000   0.0000
    51 140.3871   0.0000  -0.0000
    52 141.8194   0.0000   0.0000
    53 141.8194   0.0000  -0.0000
    54 142.1988   0.0000  -0.0000
    55 142.9390   0.0000   0.0000
    56 148.8121   0.0000   0.0000
    57 148.8121   0.0000   0.0000
    58 152.5324   0.0000  -0.0000
    59 156.5807   0.0000  -0.0000
    60 158.1333   0.0000   0.0000
  0.250000  0.125000  0.000000
  60
     1 -64.9496  -0.0000  -0.0000
     2 -30.2421  -0.0000   0.0000
     3 -29.9775  -0.0000   0.0000
     4 -29.9621  -0.0000   0.0000
     5 -10.6757   0.0000   0.0000
     6   6.9238   0.0000   0.0000
     7   9.2798   0.0000   0.0000
     8   9.3812   0.0000  -0.0000
     9  26.9283   0.0000   0.0000
    10  28.7188   0.0000   0.0000
    11  35.3043   0.0000  -0.0000
    12  35.5605   0.0000  -0.0000
    13  38.9903   0.0000  -0.0000
    14  42.5858   0.0000   0.0000
    15  47.6581   0.0000   0.0000
    16  52.6953   0.0000   0.0000
    17  54.4971   0.0000   0.0000
    18  56.6966   0.0000   0.0000
    19  64.9457   0.0000  -0.0000
    20  65.5106   0.0000   0.0000
    21  69.0479   0.0000   0.0000
    22  76.5781   0.0000  -0.0000
    23  76.8745   0.0000   0.0000
    24  82.6351   0.0000   0.0000
    25  83.8429   0.0000   0.0000
    26  89.9619   0.0000  -0.0000
    27  94.3396   0.0000   0.0000
    28 100.3148   0.0000   0.0000
    29 102.4578   0.0000  -0.0000
    30 103.4811   0.0000   0.0000
    31 105.8444   0.0000  -0.0000
    32 106.8555   0.0000   0.0000
    33 107.6557   0.0000   0.0000
    34 110.1524   0.0000   0.0000
    35 110.7278   0.0000   0.0000
    36 114.5607   0.0000  -0.0000
    37 115.2798   0.0000   0.0000
    38 115.5057   0.0000   0.0000
    39 118.0881   0.0000  -0.0000
    40 118.7887   0.0000   0.0000
    41 123.4400   0.0000  -0.0000
    42 123.7548   0.0000   0.0000
    43 125.2375   0.0000   0.0000
    44 127.5508   0.0000   0.0000
    45 130.8773   0.0000   0.0000
    46 134.7989   0.0000  -0.0000
    47 136.2992   0.0000  -0.0000
    48 136.8572   0.0000   0.0000
    49 138.4463   0.0000   0.0000
    50 141.1731   0.0000  -0.0000
    51 141.2480   0.0000   0.0000
    52 143.4274   0.0000  -0.0000
    53 143.6401   0.0000  -0.0000
    54 151.8347   0.0000   0.0000
    55 154.4330   0.0000  -0.0000
    56 157.1818   0.0000  -0.0000
    57 158.3319   0.0000   0.0000
    58 159.1000   0.0000  -0.0000
    59 159.6310   0.0000  -0.0000
    60 164.2341   0.0000   0.0000
  0.375000  0.125000  0.000000
  60
     1 -64.9034  -0.0000  -0.0000
     2 -30.5015  -0.0000   0.0000
     3 -29.9943  -0.0000  -0.0000
     4 -29.9900  -0.0000  -0.0000
     5  -9.3191   0.0000  -0.0000
     6   4.3539   0.0000   0.0000
     7   8.4208   0.0000   0.0000
     8   8.8116   0.0000  -0.0000
     9  26.1107   0.0000  -0.0000
    10  30.6676   0.0000   0.0000
    11  36.0117   0.0000  -0.0000
    12  36.9181   0.0000  -0.0000
    13  40.2783   0.0000   0.0000
    14  44.2431   0.0000   0.0000
    15  48.8929   0.0000   0.0000
    16  56.3380   0.0000  -0.0000
    17  57.2344   0.0000  -0.0000
    18  58.2137   0.0000  -0.0000
    19  59.9673   0.0000  -0.0000
    20  63.9012   0.0000  -0.0000
    21  67.4743   0.0000  -0.0000
    22  74.6189   0.0000   0.0000
    23  76.3316   0.0000   0.0000
    24  85.0841   0.0000  -0.0000
    25  86.1414   0.0000  -0.0000
    26  89.4484   0.0000  -0.0000
    27  93.1680   0.0000   0.0000
    28  94.5172   0.0000  -0.0000
    29  95.3873   0.0000  -0.0000
    30  98.5586   0.0000  -0.0000
    31 101.2007   0.0000  -0.0000
    32 103.7360   0.0000  -0.0000
    33 105.5079   0.0000   0.0000
    34 106.3435   0.0000  -0.0000
    35 110.2295   0.0000   0.0000
    36 113.2316   0.0000   0.0000
    37 113.3218   0.0000   0.0000
    38 115.9479   0.0000  -0.0000
    39 118.2298   0.0000   0.0000
    40 119.5128   0.0000  -0.0000
    41 124.2582   0.0000  -0.0000
    42 126.4129   0.0000  -0.0000
    43 128.9662   0.0000  -0.0000
    44 129.7192   0.0000  -0.0000
    45 133.3318   0.0000  -0.0000
    46 133.7552   0.0000  -0.0000
    47 137.9545   0.0000  -0.0000
    48 140.2129   0.0000  -0.0000
    49 141.5311   0.0000  -0.0000
    50 144.4208   0.0000   0.0000
    51 147.3452   0.0000   0.0000
    52 149.4186   0.0000   0.0000
    53 152.6093   0.0000  -0.0000
    54 153.5503   0.0000   0.0000
    55 160.8706   0.0000   0.0000
    56 161.5383   0.0000   0.0000
    57 162.4665   0.0000   0.0000
    58 166.1197   0.0000   0.0000
    59 167.8560   0.0000  -0.0000
    60 169.1190   0.0000   0.0000
  0.500000  0.125000  0.000000
  60
     1 -64.8751  -0.0000   0.0000
     2 -30.6521  -0.0000   0.0000
     3 -30.0258  -0.0000  -0.0000
     4 -29.9881  -0.0000   0.0000
     5  -8.2743   0.0000   0.0000
     6   2.6408   0.0000  -0.0000
     7   7.8618   0.0000  -0.0000
     8   8.5231   0.0000   0.0000
     9  25.9671   0.0000  -0.0000
    10  31.9453   0.0000   0.0000
    11  36.1223   0.0000   0.0000
    12  37.2513   0.0000   0.0000
    13  42.9359   0.0000   0.0000
    14  45.3226   0.0000  -0.0000
    15  48.3786   0.0000   0.0000
    16  55.3582   0.0000  -0.0000
    17  56.1836   0.0000  -0.0000
    18  58.1374   0.0000   0.0000
    19  61.6313   0.0000   0.0000
    20  63.2510   0.0000   0.0000
    21  71.9012   0.0000   0.0000
    22  77.6489   0.0000   0.0000
    23  79.1052   0.0000  -0.0000
    24  79.3949   0.0000   0.0000
    25  84.1222   0.0000   0.0000
    26  86.7761   0.0000   0.0000
    27  89.2696   0.0000  -0.0000
    28  90.9576   0.0000   0.0000
    29  95.4427   0.0000  -0.0000
    30  95.6973   0.0000  -0.0000
    31  97.4592   0.0000   0.0000
    32 101.4045   0.0000  -0.0000
    33 104.2760   0.0000   0.0000
    34 108.0037   0.0000   0.0000
    35 109.0462   0.0000  -0.0000
    36 112.4601   0.0000  -0.0000
    37 113.7126   0.0000   0.0000
    38 113.7382   0.0000   0.0000
    39 118.3609   0.0000  -0.0000
    40 119.2215   0.0000  -0.0000
    41 122.2391   0.0000  -0.0000
    42 128.1382   0.0000  -0.0000
    43 133.9153   0.0000   0.0000
    44 134.5321   0.0000  -0.0000
    45 134.5342   0.0000  -0.0000
    46 138.7766   0.0000   0.0000
    47 139.7330   0.0000  -0.0000
    48 144.6884   0.0000   0.0000
    49 147.7801   0.0000  -0.0000
    50 148.2121   0.0000   0.0000
    51 148.6074   0.0000  -0.0000
    52 151.2728   0.0000   0.0000
    53 155.9355   0.0000  -0.0000
    54 158.0868   0.0000   0.0000
    55 158.2819   0.0000  -0.0000
    56 159.3560   0.0000  -0.0000
    57 163.0105   0.0000   0.0000
    58 164.3174   0.0000  -0.0000
    59 165.7899   0.0000  -0.0000
    60 168.2081   0.0000   0.0000
 -0.375000  0.125000  0.000000
  60
     1 -64.8815  -0.0000  -0.0000
     2 -30.6186  -0.0000   0.0000
     3 -30.0462  -0.0000   0.0000
     4 -29.9629  -0.0000  -0.0000
     5  -8.5052   0.0000  -0.0000
     6   3.0347   0.0000  -0.0000
     7   7.8314   0.0000  -0.0000
     8   8.6552   0.0000  -0.0000
     9  26.2206   0.0000   0.0000
    10  31.6972   0.0000   0.0000
    11  36.1894   0.0000   0.0000
    12  37.0242   0.0000   0.0000
    13  42.4849   0.0000  -0.0000
    14  44.1044   0.0000   0.0000
    15  48.6458   0.0000  -0.0000
    16  55.7398   0.0000  -0.0000
    17  57.7477   0.0000  -0.0000
    18  58.2939   0.0000  -0.0000
    19  60.4157   0.0000   0.0000
    20  63.8345   0.0000   0.0000
    21  69.1343   0.0000  -0.0000
    22  75.4226   0.0000   0.0000
    23  78.7941   0.0000  -0.0000
    24  82.5840   0.0000  -0.0000
    25  86.1557   0.0000   0.0000
    26  88.3291   0.0000  -0.0000
    27  90.6595   0.0000   0.0000
    28  90.6793   0.0000   0.0000
    29  94.9385   0.0000  -0.0000
    30  95.5365   0.0000   0.0000
    31  97.3313   0.0000  -0.0000
    32 102.0309   0.0000   0.0000
    33 104.1313   0.0000   0.0000
    34 107.6358   0.0000   0.0000
    35 108.2351   0.0000   0.0000
    36 113.2553   0.0000   0.0000
    37 115.0755   0.0000   0.0000
    38 115.4506   0.0000   0.0000
    39 118.8432   0.0000   0.0000
    40 119.1316   0.0000  -0.0000
    41 119.9730   0.0000   0.0000
    42 129.5136   0.0000  -0.0000
    43 131.5593   0.0000  -0.0000
    44 133.4943   0.0000   0.0000
    45 134.9139   0.0000   0.0000
    46 137.5095   0.0000   0.0000
    47 138.0683   0.0000  -0.0000
    48 143.5284   0.0000  -0.0000
    49 145.1222   0.0000  -0.0000
    50 147.2006   0.0000   0.0000
    51 151.2958   0.0000  -0.0000
    52 152.8022   0.0000   0.0000
    53 155.6606   0.0000   0.0000
    54 156.1605   0.0000  -0.0000
    55 158.0589   0.0000   0.0000
    56 161.5291   0.0000   0.0000
    57 162.1429   0.0000  -0.0000
    58 163.6521   0.0000   0.0000
    59 165.8275   0.0000   0.0000
    60 168.7635   0.0000   0.0000
 -0.250000  0.125000  0.000000
  60
     1 -64.9188  -0.0000   0.0000
     2 -30.4230  -0.0000  -0.0000
     3 -30.0338  -0.0000   0.0000
     4 -29.9332  -0.0000   0.0000
     5  -9.7611   0.0000   0.0000
     6   5.2140   0.0000   0.0000
     7   8.3579   0.0000   0.0000
     8   9.1577   0.0000  -0.0000
     9  26.9242   0.0000   0.0000
    10  30.0174   0.0000  -0.0000
    11  35.7770   0.0000  -0.0000
    12  36.0339   0.0000  -0.0000
    13  40.1308   0.0000  -0.0000
    14  42.7477   0.0000  -0.0000
    15  49.1020   0.0000   0.0000
    16  54.3260   0.0000  -0.0000
    17  57.1161   0.0000  -0.0000
    18  58.6819   0.0000   0.0000
    19  60.1204   0.0000   0.0000
    20  65.9031   0.0000  -0.0000
    21  67.4381   0.0000   0.0000
    22  73.7516   0.0000  -0.0000
    23  75.6323   0.0000  -0.0000
    24  84.5133   0.0000  -0.0000
    25  87.0812   0.0000  -0.0000
    26  92.8544   0.0000  -0.0000
    27  93.1586   0.0000   0.0000
    28  95.7069   0.0000  -0.0000
    29  98.2568   0.0000   0.0000
    30 100.1593   0.0000  -0.0000
    31 100.4582   0.0000   0.0000
    32 104.2892   0.0000   0.0000
    33 105.8035   0.0000   0.0000
    34 105.8591   0.0000   0.0000
    35 109.6799   0.0000  -0.0000
    36 114.3546   0.0000   0.0000
    37 117.0146   0.0000  -0.0000
    38 117.4699   0.0000   0.0000
    39 118.5682   0.0000   0.0000
    40 119.3424   0.0000  -0.0000
    41 120.3721   0.0000  -0.0000
    42 124.4814   0.0000   0.0000
    43 126.3195   0.0000   0.0000
    44 128.7988   0.0000  -0.0000
    45 131.7068   0.0000  -0.0000
    46 135.2435   0.0000   0.0000
    47 138.8361   0.0000   0.0000
    48 140.7918   0.0000  -0.0000
    49 141.5114   0.0000   0.0000
    50 142.0000   0.0000  -0.0000
    51 144.4868   0.0000  -0.0000
    52 150.6847   0.0000   0.0000
    53 150.8817   0.0000   0.0000
    54 155.0288   0.0000  -0.0000
    55 155.0694   0.0000   0.0000
    56 156.2632   0.0000   0.0000
    57 161.3614   0.0000   0.0000
    58 163.3565   0.0000  -0.0000
    59 166.6901   0.0000   0.0000
    60 166.8548   0.0000   0.0000
 -0.125000  0.125000  0.000000
  60
     1 -64.9649  -0.0000  -0.0000
     2 -30.1816  -0.0000  -0.0000
     3 -29.9834  -0.0000   0.0000
     4 -29.9164  -0.0000   0.0000
     5 -11.0366   0.0000  -0.0000
     6   7.6636   0.0000   0.0000
     7   9.3268   0.0000   0.0000
     8   9.7731   0.0000   0.0000
     9  27.7820   0.0000  -0.0000
    10  28.5552   0.0000   0.0000
    11  33.7976   0.0000   0.0000
    12  34.8662   0.0000   0.0000
    13  40.0739   0.0000  -0.0000
    14  41.5550   0.0000  -0.0000
    15  45.9138   0.0000  -0.0000
    16  52.3740   0.0000  -0.0000
    17  53.5574   0.0000   0.0000
    18  56.2132   0.0000  -0.0000
    19  64.8504   0.0000  -0.0000
    20  68.4484   0.0000   0.0000
    21  69.9446   0.0000  -0.0000
    22  75.7201   0.0000  -0.0000
    23  78.0321   0.0000   0.0000
    24  81.8660   0.0000   0.0000
    25  86.9993   0.0000   0.0000
    26  90.1228   0.0000  -0.0000
    27  90.8251   0.0000   0.0000
    28 102.3202   0.0000  -0.0000
    29 104.1881   0.0000  -0.0000
    30 104.8823   0.0000  -0.0000
    31 106.0297   0.0000  -0.0000
    32 107.7563   0.0000  -0.0000
    33 108.4054   0.0000   0.0000
    34 109.2054   0.0000  -0.0000
    35 111.8225   0.0000   0.0000
    36 113.3011   0.0000   0.0000
    37 113.7239   0.0000  -0.0000
    38 119.5637   0.0000   0.0000
    39 119.6236   0.0000   0.0000
    40 120.5201   0.0000   0.0000
    41 121.3906   0.0000  -0.0000
    42 124.2776   0.0000  -0.0000
    43 124.9655   0.0000  -0.0000
    44 129.2752   0.0000   0.0000
    45 129.7046   0.0000   0.0000
    46 132.0492   0.0000   0.0000
    47 132.4149   0.0000  -0.0000
    48 139.0557   0.0000   0.0000
    49 140.1907   0.0000  -0.0000
    50 141.7182   0.0000  -0.0000
    51 142.3478   0.0000  -0.0000
    52 143.5290   0.0000   0.0000
    53 146.0884   0.0000   0.0000
    54 146.7722   0.0000  -0.0000
    55 148.1451   0.0000   0.0000
    56 152.3930   0.0000  -0.0000
    57 152.7879   0.0000  -0.0000
    58 154.5011   0.0000  -0.0000
    59 159.3790   0.0000   0.0000
    60 161.9873   0.0000  -0.0000
  0.250000  0.250000  0.000000
  60
     1 -64.9256  -0.0000   0.0000
     2 -30.2743  -0.0000   0.0000
     3 -30.0265  -0.0000   0.0000
     4 -30.0265  -0.0000   0.0000
     5 -10.1827   0.0000  -0.0000
     6   6.1344   0.0000   0.0000
     7   8.9969   0.0000   0.0000
     8   8.9969   0.0000   0.0000
     9  24.9932   0.0000  -0.0000
    10  29.4379   0.0000  -0.0000
    11  36.8372   0.0000   0.0000
    12  37.5949   0.0000  -0.0000
    13  37.5949   0.0000   0.0000
    14  43.9943   0.0000   0.0000
    15  51.2696   0.0000  -0.0000
    16  54.2508   0.0000   0.0000
    17  54.2508   0.0000   0.0000
    18  56.8138   0.0000  -0.0000
    19  64.9722   0.0000  -0.0000
    20  64.9722   0.0000   0.0000
    21  66.1821   0.0000   0.0000
    22  71.6148   0.0000  -0.0000
    23  80.9318   0.0000   0.0000
    24  80.9318   0.0000  -0.0000
    25  84.3011   0.0000  -0.0000
    26  87.8931   0.0000   0.0000
    27  95.5315   0.0000   0.0000
    28  96.6703   0.0000  -0.0000
    29  96.6703   0.0000   0.0000
    30 101.3373   0.0000   0.0000
    31 105.6123   0.0000   0.0000
    32 106.3414   0.0000   0.0000
    33 110.4708   0.0000   0.0000
    34 110.4708   0.0000   0.0000
    35 111.5831   0.0000   0.0000
    36 114.9979   0.0000   0.0000
    37 114.9979   0.0000   0.0000
    38 117.0081   0.0000  -0.0000
    39 118.5615   0.0000  -0.0000
    40 121.5146   0.0000   0.0000
    41 123.1287   0.0000   0.0000
    42 123.1287   0.0000   0.0000
    43 124.0971   0.0000   0.0000
    44 125.6108   0.0000  -0.0000
    45 129.9084   0.0000  -0.0000
    46 129.9084   0.0000   0.0000
    47 130.4752   0.0000   0.0000
    48 139.9055   0.0000  -0.0000
    49 144.2093   0.0000   0.0000
    50 144.2093   0.0000  -0.0000
    51 145.3765   0.0000  -0.0000
    52 145.4802   0.0000   0.0000
    53 149.5078   0.0000   0.0000
    54 149.5078   0.0000  -0.0000
    55 151.3540   0.0000   0.0000
    56 159.2605   0.0000  -0.0000
    57 166.9686   0.0000   0.0000
    58 166.9686   0.0000   0.0000
    59 167.3131   0.0000   0.0000
    60 168.6605   0.0000  -0.0000
  0.375000  0.250000  0.000000
  60
     1 -64.8886  -0.0000  -0.0000
     2 -30.4221  -0.0000   0.0000
     3 -30.0747  -0.0000  -0.0000
     4 -30.0569  -0.0000  -0.0000
     5  -9.2342   0.0000  -0.0000
     6   4.7043   0.0000   0.0000
     7   8.0582   0.0000  -0.0000
     8   8.5546   0.0000   0.0000
     9  24.5460   0.0000   0.0000
    10  30.5496   0.0000   0.0000
    11  35.2618   0.0000   0.0000
    12  39.2463   0.0000   0.0000
    13  40.0358   0.0000   0.0000
    14  45.8210   0.0000  -0.0000
    15  53.2111   0.0000   0.0000
    16  55.4733   0.0000   0.0000
    17  56.7037   0.0000  -0.0000
    18  57.6703   0.0000  -0.0000
    19  61.1747   0.0000   0.0000
    20  63.5663   0.0000  -0.0000
    21  68.9776   0.0000  -0.0000
    22  70.5631   0.0000   0.0000
    23  76.0542   0.0000   0.0000
    24  81.0579   0.0000  -0.0000
    25  86.9215   0.0000   0.0000
    26  88.0909   0.0000   0.0000
    27  90.5197   0.0000   0.0000
    28  92.8391   0.0000   0.0000
    29  94.9395   0.0000   0.0000
    30  96.9635   0.0000  -0.0000
    31 101.7987   0.0000   0.0000
    32 104.0336   0.0000  -0.0000
    33 107.3083   0.0000  -0.0000
    34 110.6293   0.0000   0.0000
    35 110.7664   0.0000  -0.0000
    36 111.6540   0.0000  -0.0000
    37 115.2296   0.0000   0.0000
    38 116.9872   0.0000   0.0000
    39 118.2498   0.0000  -0.0000
    40 119.7335   0.0000  -0.0000
    41 125.3337   0.0000  -0.0000
    42 127.5891   0.0000  -0.0000
    43 127.9545   0.0000  -0.0000
    44 129.1842   0.0000   0.0000
    45 131.8825   0.0000  -0.0000
    46 132.1124   0.0000  -0.0000
    47 134.0775   0.0000  -0.0000
    48 141.5813   0.0000  -0.0000
    49 144.1602   0.0000   0.0000
    50 145.8283   0.0000   0.0000
    51 145.9307   0.0000   0.0000
    52 150.8568   0.0000  -0.0000
    53 152.4940   0.0000   0.0000
    54 156.8691   0.0000   0.0000
    55 160.8579   0.0000  -0.0000
    56 162.0359   0.0000   0.0000
    57 163.0830   0.0000  -0.0000
    58 166.4091   0.0000  -0.0000
    59 166.7099   0.0000   0.0000
    60 171.8846   0.0000  -0.0000
  0.500000  0.250000  0.000000
  60
     1 -64.8603  -0.0000  -0.0000
     2 -30.5206  -0.0000   0.0000
     3 -30.1572  -0.0000  -0.0000
     4 -30.0513  -0.0000  -0.0000
     5  -8.3063   0.0000  -0.0000
     6   3.6810   0.0000  -0.0000
     7   6.6888   0.0000  -0.0000
     8   8.2899   0.0000  -0.0000
     9  25.7164   0.0000   0.0000
    10  31.2328   0.0000  -0.0000
    11  34.6804   0.0000   0.0000
    12  39.5678   0.0000  -0.0000
    13  41.7252   0.0000   0.0000
    14  47.0919   0.0000   0.0000
    15  52.7033   0.0000   0.0000
    16  53.7001   0.0000  -0.0000
    17  55.7729   0.0000  -0.0000
    18  59.4274   0.0000  -0.0000
    19  62.3254   0.0000  -0.0000
    20  68.4855   0.0000  -0.0000
    21  70.4621   0.0000  -0.0000
    22  73.7427   0.0000   0.0000
    23  74.3610   0.0000  -0.0000
    24  79.2815   0.0000   0.0000
    25  81.4177   0.0000  -0.0000
    26  85.2799   0.0000   0.0000
    27  86.8855   0.0000   0.0000
    28  92.4994   0.0000  -0.0000
    29  93.1518   0.0000   0.0000
    30  97.1726   0.0000   0.0000
    31  98.4978   0.0000   0.0000
    32  99.0352   0.0000  -0.0000
    33 104.4383   0.0000  -0.0000
    34 108.5306   0.0000   0.0000
    35 109.5640   0.0000   0.0000
    36 110.8437   0.0000  -0.0000
    37 112.9750   0.0000   0.0000
    38 115.6184   0.0000   0.0000
    39 120.1943   0.0000   0.0000
    40 121.5370   0.0000   0.0000
    41 127.2573   0.0000  -0.0000
    42 128.8028   0.0000   0.0000
    43 133.9822   0.0000   0.0000
    44 135.5419   0.0000   0.0000
    45 136.4329   0.0000   0.0000
    46 137.2816   0.0000   0.0000
    47 142.8051   0.0000   0.0000
    48 144.1505   0.0000   0.0000
    49 145.4510   0.0000  -0.0000
    50 146.4160   0.0000  -0.0000
    51 148.8949   0.0000  -0.0000
    52 150.5433   0.0000   0.0000
    53 150.9799   0.0000  -0.0000
    54 156.7071   0.0000  -0.0000
    55 160.5237   0.0000  -0.0000
    56 161.4546   0.0000  -0.0000
    57 162.7064   0.0000   0.0000
    58 163.4915   0.0000   0.0000
    59 166.3992   0.0000   0.0000
    60 168.7857   0.0000   0.0000
 -0.375000  0.250000  0.000000
  60
     1 -64.8575  -0.0000  -0.0000
     2 -30.5159  -0.0000   0.0000
     3 -30.2266  -0.0000  -0.0000
     4 -30.0128  -0.0000   0.0000
     5  -8.0735   0.0000  -0.0000
     6   3.6671   0.0000   0.0000
     7   5.9313   0.0000   0.0000
     8   8.3359   0.0000   0.0000
     9  27.3800   0.0000  -0.0000
    10  30.4324   0.0000  -0.0000
    11  35.4228   0.0000  -0.0000
    12  39.4401   0.0000   0.0000
    13  42.5460   0.0000   0.0000
    14  43.1849   0.0000  -0.0000
    15  52.6406   0.0000   0.0000
    16  55.3858   0.0000   0.0000
    17  56.0072   0.0000  -0.0000
    18  60.0460   0.0000   0.0000
    19  63.1670   0.0000  -0.0000
    20  66.0496   0.0000   0.0000
    21  71.9359   0.0000   0.0000
    22  74.1815   0.0000   0.0000
    23  77.6118   0.0000   0.0000
    24  80.0269   0.0000  -0.0000
    25  81.2834   0.0000  -0.0000
    26  84.1888   0.0000   0.0000
    27  84.7771   0.0000   0.0000
    28  90.8540   0.0000   0.0000
    29  93.3114   0.0000   0.0000
    30  95.8094   0.0000   0.0000
    31  97.9493   0.0000   0.0000
    32  99.4599   0.0000  -0.0000
    33 102.5643   0.0000   0.0000
    34 105.3208   0.0000   0.0000
    35 110.2669   0.0000  -0.0000
    36 113.1462   0.0000   0.0000
    37 113.1472   0.0000   0.0000
    38 114.6511   0.0000   0.0000
    39 122.1667   0.0000   0.0000
    40 123.9209   0.0000  -0.0000
    41 124.8935   0.0000  -0.0000
    42 129.0409   0.0000  -0.0000
    43 134.0812   0.0000   0.0000
    44 137.0740   0.0000  -0.0000
    45 138.6203   0.0000  -0.0000
    46 139.8540   0.0000  -0.0000
    47 142.8617   0.0000   0.0000
    48 145.4321   0.0000   0.0000
    49 146.0818   0.0000   0.0000
    50 147.2518   0.0000   0.0000
    51 149.7430   0.0000   0.0000
    52 150.4150   0.0000   0.0000
    53 153.8823   0.0000  -0.0000
    54 156.1519   0.0000  -0.0000
    55 157.5906   0.0000  -0.0000
    56 158.1999   0.0000   0.0000
    57 159.7126   0.0000  -0.0000
    58 162.9252   0.0000  -0.0000
    59 164.7376   0.0000   0.0000
    60 170.0486   0.0000   0.0000
 -0.250000  0.250000  0.000000
  60
     1 -64.8818  -0.0000  -0.0000
     2 -30.4746  -0.0000   0.0000
     3 -30.1783  -0.0000  -0.0000
     4 -29.9639  -0.0000   0.0000
     5  -8.7450   0.0000  -0.0000
     6   4.4028   0.0000  -0.0000
     7   6.5747   0.0000   0.0000
     8   8.6845   0.0000   0.0000
     9  28.6626   0.0000  -0.0000
    10  28.9349   0.0000   0.0000
    11  35.8736   0.0000   0.0000
    12  38.5868   0.0000  -0.0000
    13  39.7413   0.0000   0.0000
    14  43.5143   0.0000  -0.0000
    15  52.2888   0.0000  -0.0000
    16  54.3850   0.0000   0.0000
    17  58.4438   0.0000   0.0000
    18  58.4728   0.0000  -0.0000
    19  61.1703   0.0000   0.0000
    20  67.5650   0.0000  -0.0000
    21  70.4385   0.0000  -0.0000
    22  70.5194   0.0000   0.0000
    23  72.2845   0.0000   0.0000
    24  85.3076   0.0000   0.0000
    25  87.1224   0.0000   0.0000
    26  89.1011   0.0000   0.0000
    27  89.7012   0.0000   0.0000
    28  92.6655   0.0000  -0.0000
    29  94.1550   0.0000  -0.0000
    30  94.6630   0.0000   0.0000
    31  99.9053   0.0000   0.0000
    32 101.5142   0.0000  -0.0000
    33 101.8041   0.0000   0.0000
    34 103.6841   0.0000  -0.0000
    35 112.6682   0.0000   0.0000
    36 112.7967   0.0000  -0.0000
    37 114.2117   0.0000   0.0000
    38 117.2127   0.0000   0.0000
    39 120.4033   0.0000  -0.0000
    40 122.3052   0.0000  -0.0000
    41 123.7386   0.0000   0.0000
    42 126.8670   0.0000  -0.0000
    43 128.6176   0.0000   0.0000
    44 133.4458   0.0000   0.0000
    45 135.9497   0.0000   0.0000
    46 136.6435   0.0000   0.0000
    47 140.7167   0.0000   0.0000
    48 143.1180   0.0000  -0.0000
    49 145.4367   0.0000  -0.0000
    50 145.6119   0.0000  -0.0000
    51 145.6204   0.0000   0.0000
    52 151.7313   0.0000   0.0000
    53 153.4322   0.0000   0.0000
    54 157.8134   0.0000  -0.0000
    55 157.9457   0.0000   0.0000
    56 160.5734   0.0000   0.0000
    57 160.8156   0.0000   0.0000
    58 163.2867   0.0000   0.0000
    59 164.2515   0.0000   0.0000
    60 167.6735   0.0000   0.0000
  0.375000  0.375000  0.000000
  60
     1 -64.8646  -0.0000   0.0000
     2 -30.4643  -0.0000   0.0000
     3 -30.1064  -0.0000  -0.0000
     4 -30.1064  -0.0000  -0.0000
     5  -8.8148   0.0000  -0.0000
     6   3.9677   0.0000   0.0000
     7   8.2564   0.0000   0.0000
     8   8.2564   0.0000   0.0000
     9  22.6357   0.0000  -0.0000
    10  31.2816   0.0000   0.0000
    11  34.3529   0.0000  -0.0000
    12  41.6929   0.0000  -0.0000
    13  41.6929   0.0000   0.0000
    14  47.2418   0.0000  -0.0000
    15  55.4263   0.0000   0.0000
    16  55.8644   0.0000  -0.0000
    17  55.8644   0.0000   0.0000
    18  61.4658   0.0000  -0.0000
    19  62.6508   0.0000  -0.0000
    20  62.6509   0.0000   0.0000
    21  63.6694   0.0000  -0.0000
    22  69.0542   0.0000   0.0000
    23  78.5734   0.0000  -0.0000
    24  78.5738   0.0000   0.0000
    25  86.5427   0.0000  -0.0000
    26  87.0898   0.0000  -0.0000
    27  87.0898   0.0000  -0.0000
    28  90.4472   0.0000   0.0000
    29  91.1516   0.0000   0.0000
    30  93.4278   0.0000   0.0000
    31 104.7747   0.0000  -0.0000
    32 108.0537   0.0000   0.0000
    33 108.2675   0.0000  -0.0000
    34 108.2675   0.0000   0.0000
    35 110.7463   0.0000  -0.0000
    36 111.0830   0.0000  -0.0000
    37 115.2157   0.0000   0.0000
    38 115.8621   0.0000  -0.0000
    39 120.9209   0.0000  -0.0000
    40 120.9209   0.0000   0.0000
    41 123.3172   0.0000  -0.0000
    42 123.3924   0.0000  -0.0000
    43 123.3924   0.0000  -0.0000
    44 127.7936   0.0000  -0.0000
    45 135.7375   0.0000   0.0000
    46 135.7377   0.0000   0.0000
    47 137.8939   0.0000  -0.0000
    48 147.0540   0.0000   0.0000
    49 147.0550   0.0000  -0.0000
    50 149.2160   0.0000  -0.0000
    51 149.8155   0.0000  -0.0000
    52 155.1265   0.0000  -0.0000
    53 158.9663   0.0000  -0.0000
    54 158.9663   0.0000  -0.0000
    55 160.4851   0.0000  -0.0000
    56 160.5258   0.0000   0.0000
    57 160.5259   0.0000   0.0000
    58 161.4993   0.0000  -0.0000
    59 171.3776   0.0000   0.0000
    60 171.4290   0.0000   0.0000
  0.500000  0.375000  0.000000
  60
     1 -64.8455  -0.0000   0.0000
     2 -30.4938  -0.0000   0.0000
     3 -30.1790  -0.0000   0.0000
     4 -30.1141  -0.0000  -0.0000
     5  -8.2940   0.0000  -0.0000
     6   3.5804   0.0000  -0.0000
     7   7.2405   0.0000   0.0000
     8   8.0758   0.0000  -0.0000
     9  23.1531   0.0000   0.0000
    10  32.0046   0.0000   0.0000
    11  33.5278   0.0000   0.0000
    12  42.2452   0.0000  -0.0000
    13  42.6995   0.0000   0.0000
    14  49.5233   0.0000   0.0000
    15  52.7637   0.0000  -0.0000
    16  54.5627   0.0000  -0.0000
    17  55.5892   0.0000  -0.0000
    18  62.0817   0.0000  -0.0000
    19  63.2620   0.0000  -0.0000
    20  65.9402   0.0000  -0.0000
    21  69.4006   0.0000   0.0000
    22  72.0778   0.0000   0.0000
    23  73.1631   0.0000   0.0000
    24  76.3493   0.0000  -0.0000
    25  79.8183   0.0000   0.0000
    26  84.2725   0.0000   0.0000
    27  85.0632   0.0000  -0.0000
    28  93.0999   0.0000   0.0000
    29  93.7642   0.0000  -0.0000
    30  95.0597   0.0000  -0.0000
    31  98.6818   0.0000   0.0000
    32 103.0437   0.0000   0.0000
    33 107.4251   0.0000   0.0000
    34 108.8769   0.0000   0.0000
    35 109.6464   0.0000  -0.0000
    36 110.1557   0.0000  -0.0000
    37 110.4153   0.0000   0.0000
    38 113.8732   0.0000  -0.0000
    39 120.0877   0.0000  -0.0000
    40 125.3402   0.0000   0.0000
    41 126.1820   0.0000   0.0000
    42 127.1907   0.0000   0.0000
    43 129.7421   0.0000  -0.0000
    44 132.5226   0.0000   0.0000
    45 137.7530   0.0000  -0.0000
    46 140.1022   0.0000   0.0000
    47 143.2628   0.0000  -0.0000
    48 146.3934   0.0000  -0.0000
    49 147.8977   0.0000   0.0000
    50 150.2243   0.0000   0.0000
    51 151.2756   0.0000   0.0000
    52 154.1372   0.0000  -0.0000
    53 154.4427   0.0000  -0.0000
    54 156.1662   0.0000  -0.0000
    55 160.5224   0.0000   0.0000
    56 161.8104   0.0000   0.0000
    57 162.5775   0.0000  -0.0000
    58 166.3393   0.0000  -0.0000
    59 167.8517   0.0000  -0.0000
    60 168.5153   0.0000   0.0000
 -0.375000  0.375000  0.000000
  60
     1 -64.8426  -0.0000   0.0000
     2 -30.4174  -0.0000   0.0000
     3 -30.3276  -0.0000   0.0000
     4 -30.0754  -0.0000  -0.0000
     5  -7.9844   0.0000   0.0000
     6   4.1245   0.0000   0.0000
     7   5.4489   0.0000   0.0000
     8   8.1034   0.0000  -0.0000
     9  25.3958   0.0000   0.0000
    10  31.9177   0.0000  -0.0000
    11  33.7444   0.0000  -0.0000
    12  41.3880   0.0000   0.0000
    13  42.1676   0.0000  -0.0000
    14  46.4672   0.0000  -0.0000
    15  53.4571   0.0000  -0.0000
    16  54.9841   0.0000  -0.0000
    17  55.0205   0.0000   0.0000
    18  62.2395   0.0000  -0.0000
    19  65.8574   0.0000   0.0000
    20  66.1950   0.0000  -0.0000
    21  72.1564   0.0000  -0.0000
    22  72.9311   0.0000   0.0000
    23  75.3969   0.0000   0.0000
    24  75.6111   0.0000   0.0000
    25  81.0233   0.0000  -0.0000
    26  82.8689   0.0000   0.0000
    27  83.8427   0.0000   0.0000
    28  86.2636   0.0000  -0.0000
    29  94.9810   0.0000  -0.0000
    30  96.7070   0.0000   0.0000
    31  97.9333   0.0000   0.0000
    32  99.9968   0.0000  -0.0000
    33 104.3914   0.0000  -0.0000
    34 106.4080   0.0000  -0.0000
    35 108.1167   0.0000   0.0000
    36 109.8798   0.0000  -0.0000
    37 112.2252   0.0000   0.0000
    38 112.6203   0.0000  -0.0000
    39 125.8801   0.0000  -0.0000
    40 127.0197   0.0000   0.0000
    41 127.3780   0.0000  -0.0000
    42 133.2501   0.0000   0.0000
    43 135.8011   0.0000   0.0000
    44 136.7446   0.0000   0.0000
    45 138.1837   0.0000   0.0000
    46 141.0258   0.0000  -0.0000
    47 142.3079   0.0000  -0.0000
    48 143.9465   0.0000  -0.0000
    49 144.6204   0.0000  -0.0000
    50 145.5486   0.0000   0.0000
    51 149.4043   0.0000   0.0000
    52 153.3395   0.0000  -0.0000
    53 153.8986   0.0000   0.0000
    54 154.8903   0.0000  -0.0000
    55 154.9956   0.0000   0.0000
    56 160.6666   0.0000  -0.0000
    57 164.4783   0.0000   0.0000
    58 165.0443   0.0000  -0.0000
    59 166.4014   0.0000   0.0000
    60 167.9058   0.0000  -0.0000
  0.500000  0.500000  0.000000
  60
     1 -64.8394  -0.0000  -0.0000
     2 -30.5294  -0.0000   0.0000
     3 -30.1399  -0.0000   0.0000
     4 -30.1399  -0.0000   0.0000
     5  -8.2766   0.0000   0.0000
     6   3.2303   0.0000   0.0000
     7   7.9922   0.0000  -0.0000
     8   7.9922   0.0000   0.0000
     9  21.8419   0.0000   0.0000
    10  31.4474   0.0000   0.0000
    11  34.0398   0.0000  -0.0000
    12  43.5787   0.0000   0.0000
    13  43.5788   0.0000  -0.0000
    14  49.5431   0.0000   0.0000
    15  53.9597   0.0000   0.0000
    16  55.5672   0.0000  -0.0000
    17  55.5672   0.0000  -0.0000
    18  59.8017   0.0000   0.0000
    19  64.5038   0.0000   0.0000
    20  64.5038   0.0000   0.0000
    21  71.4656   0.0000  -0.0000
    22  72.8404   0.0000   0.0000
    23  73.6658   0.0000   0.0000
    24  74.2596   0.0000   0.0000
    25  74.2596   0.0000   0.0000
    26  85.2418   0.0000  -0.0000
    27  85.2418   0.0000  -0.0000
    28  91.8205   0.0000   0.0000
    29  91.8566   0.0000   0.0000
    30  97.5307   0.0000  -0.0000
    31 104.2059   0.0000   0.0000
    32 106.5494   0.0000   0.0000
    33 106.5494   0.0000   0.0000
    34 106.7056   0.0000   0.0000
    35 108.1136   0.0000   0.0000
    36 110.0624   0.0000  -0.0000
    37 110.0917   0.0000  -0.0000
    38 114.4766   0.0000  -0.0000
    39 120.1719   0.0000   0.0000
    40 120.1719   0.0000  -0.0000
    41 122.5485   0.0000   0.0000
    42 127.6889   0.0000   0.0000
    43 127.6889   0.0000  -0.0000
    44 130.7981   0.0000   0.0000
    45 143.9887   0.0000  -0.0000
    46 143.9887   0.0000   0.0000
    47 145.1020   0.0000  -0.0000
    48 147.6966   0.0000   0.0000
    49 147.6966   0.0000   0.0000
    50 152.2558   0.0000  -0.0000
    51 152.2558   0.0000   0.0000
    52 155.2779   0.0000   0.0000
    53 155.9853   0.0000  -0.0000
    54 159.8920   0.0000   0.0000
    55 161.5551   0.0000   0.0000
    56 163.7149   0.0000  -0.0000
    57 163.9297   0.0000  -0.0000
    58 163.9297   0.0000   0.0000
    59 165.2233   0.0000   0.0000
    60 168.0472   0.0000   0.0000
  0.375000  0.250000  0.125000
  60
     1 -64.9126  -0.0000   0.0000
     2 -30.3750  -0.0000  -0.0000
     3 -30.0706  -0.0000  -0.0000
     4 -29.9733  -0.0000   0.0000
     5  -9.7272   0.0000  -0.0000
     6   5.4914   0.0000  -0.0000
     7   8.1411   0.0000   0.0000
     8   8.9373   0.0000   0.0000
     9  26.5173   0.0000   0.0000
    10  29.3607   0.0000  -0.0000
    11  36.0870   0.0000   0.0000
    12  37.2873   0.0000   0.0000
    13  38.9223   0.0000  -0.0000
    14  43.9306   0.0000  -0.0000
    15  51.2891   0.0000   0.0000
    16  53.7839   0.0000  -0.0000
    17  56.8144   0.0000   0.0000
    18  57.7919   0.0000  -0.0000
    19  60.8294   0.0000   0.0000
    20  65.4919   0.0000  -0.0000
    21  68.3083   0.0000  -0.0000
    22  73.6523   0.0000  -0.0000
    23  75.7992   0.0000  -0.0000
    24  80.4240   0.0000   0.0000
    25  86.7215   0.0000   0.0000
    26  91.4598   0.0000  -0.0000
    27  93.9295   0.0000   0.0000
    28  95.0184   0.0000   0.0000
    29  96.3764   0.0000   0.0000
    30 102.4934   0.0000  -0.0000
    31 103.6166   0.0000   0.0000
    32 105.2333   0.0000  -0.0000
    33 106.0191   0.0000  -0.0000
    34 106.5401   0.0000  -0.0000
    35 107.2021   0.0000  -0.0000
    36 111.9588   0.0000  -0.0000
    37 113.9128   0.0000  -0.0000
    38 116.0502   0.0000   0.0000
    39 120.9033   0.0000  -0.0000
    40 123.6705   0.0000  -0.0000
    41 125.7359   0.0000  -0.0000
    42 126.3674   0.0000  -0.0000
    43 126.9220   0.0000   0.0000
    44 127.9591   0.0000  -0.0000
    45 128.4322   0.0000  -0.0000
    46 133.7962   0.0000   0.0000
    47 134.3247   0.0000  -0.0000
    48 139.5856   0.0000  -0.0000
    49 141.7982   0.0000   0.0000
    50 142.8811   0.0000  -0.0000
    51 143.9234   0.0000  -0.0000
    52 150.3229   0.0000  -0.0000
    53 150.7574   0.0000  -0.0000
    54 154.6641   0.0000  -0.0000
    55 156.6280   0.0000   0.0000
    56 159.1281   0.0000  -0.0000
    57 162.4622   0.0000  -0.0000
    58 165.7484   0.0000  -0.0000
    59 166.6289   0.0000   0.0000
    60 168.5897   0.0000   0.0000
  0.500000  0.250000  0.125000
  60
     1 -64.8755  -0.0000  -0.0000
     2 -30.5107  -0.0000   0.0000
     3 -30.1340  -0.0000   0.0000
     4 -30.0048  -0.0000  -0.0000
     5  -8.6152   0.0000   0.0000
     6   3.9670   0.0000  -0.0000
     7   7.0340   0.0000   0.0000
     8   8.4141   0.0000   0.0000
     9  26.9348   0.0000   0.0000
    10  30.1965   0.0000   0.0000
    11  35.5095   0.0000  -0.0000
    12  38.6656   0.0000  -0.0000
    13  40.6973   0.0000  -0.0000
    14  45.0820   0.0000   0.0000
    15  51.7964   0.0000   0.0000
    16  54.7648   0.0000   0.0000
    17  57.2447   0.0000  -0.0000
    18  59.2633   0.0000   0.0000
    19  60.5534   0.0000   0.0000
    20  67.0504   0.0000   0.0000
    21  69.5910   0.0000  -0.0000
    22  71.2522   0.0000  -0.0000
    23  76.5802   0.0000   0.0000
    24  82.1002   0.0000  -0.0000
    25  83.8923   0.0000  -0.0000
    26  87.0042   0.0000   0.0000
    27  89.3796   0.0000   0.0000
    28  93.1939   0.0000   0.0000
    29  95.1142   0.0000   0.0000
    30  96.5589   0.0000  -0.0000
    31  99.0745   0.0000   0.0000
    32 101.7003   0.0000  -0.0000
    33 103.0414   0.0000   0.0000
    34 105.2602   0.0000   0.0000
    35 106.1555   0.0000   0.0000
    36 112.9809   0.0000   0.0000
    37 115.1560   0.0000   0.0000
    38 118.5002   0.0000  -0.0000
    39 120.4754   0.0000   0.0000
    40 124.2577   0.0000   0.0000
    41 125.8544   0.0000  -0.0000
    42 126.7805   0.0000   0.0000
    43 129.4931   0.0000  -0.0000
    44 132.9230   0.0000   0.0000
    45 133.1421   0.0000  -0.0000
    46 135.7944   0.0000   0.0000
    47 138.6759   0.0000  -0.0000
    48 144.7202   0.0000  -0.0000
    49 145.0346   0.0000   0.0000
    50 147.5977   0.0000  -0.0000
    51 150.2407   0.0000  -0.0000
    52 151.7584   0.0000   0.0000
    53 153.1661   0.0000   0.0000
    54 154.0065   0.0000  -0.0000
    55 157.4570   0.0000   0.0000
    56 159.7034   0.0000   0.0000
    57 162.7524   0.0000   0.0000
    58 165.8101   0.0000  -0.0000
    59 167.0143   0.0000   0.0000
    60 169.9725   0.0000   0.0000
 -0.375000  0.250000  0.125000
  60
     1 -64.8601  -0.0000  -0.0000
     2 -30.5683  -0.0000  -0.0000
     3 -30.1491  -0.0000   0.0000
     4 -30.0257  -0.0000  -0.0000
     5  -8.0777   0.0000  -0.0000
     6   3.2261   0.0000  -0.0000
     7   6.6394   0.0000   0.0000
     8   8.1969   0.0000  -0.0000
     9  27.2246   0.0000  -0.0000
    10  30.4772   0.0000   0.0000
    11  35.5706   0.0000   0.0000
    12  38.7011   0.0000  -0.0000
    13  42.4970   0.0000   0.0000
    14  44.8138   0.0000  -0.0000
    15  51.6406   0.0000  -0.0000
    16  54.7660   0.0000   0.0000
    17  56.0458   0.0000   0.0000
    18  59.0556   0.0000  -0.0000
    19  63.7855   0.0000   0.0000
    20  64.6593   0.0000   0.0000
    21  74.3556   0.0000  -0.0000
    22  74.4801   0.0000  -0.0000
    23  77.6966   0.0000  -0.0000
    24  79.6578   0.0000   0.0000
    25  81.9870   0.0000  -0.0000
    26  82.5561   0.0000   0.0000
    27  87.1008   0.0000   0.0000
    28  89.3179   0.0000  -0.0000
    29  93.3118   0.0000  -0.0000
    30  96.2127   0.0000  -0.0000
    31  98.4686   0.0000   0.0000
    32 102.3619   0.0000  -0.0000
    33 102.4186   0.0000  -0.0000
    34 104.5163   0.0000   0.0000
    35 107.0759   0.0000   0.0000
    36 111.1489   0.0000   0.0000
    37 116.7542   0.0000   0.0000
    38 117.2685   0.0000   0.0000
    39 122.1130   0.0000   0.0000
    40 122.2852   0.0000  -0.0000
    41 124.9551   0.0000   0.0000
    42 125.8061   0.0000   0.0000
    43 133.4306   0.0000  -0.0000
    44 134.6109   0.0000   0.0000
    45 138.7745   0.0000  -0.0000
    46 141.2463   0.0000  -0.0000
    47 142.2904   0.0000  -0.0000
    48 144.7698   0.0000  -0.0000
    49 146.7044   0.0000   0.0000
    50 148.0408   0.0000  -0.0000
    51 151.4131   0.0000   0.0000
    52 151.5001   0.0000  -0.0000
    53 154.1732   0.0000  -0.0000
    54 156.1153   0.0000  -0.0000
    55 157.6834   0.0000  -0.0000
    56 159.3382   0.0000  -0.0000
    57 161.9294   0.0000   0.0000
    58 162.3697   0.0000  -0.0000
    59 163.5481   0.0000  -0.0000
    60 163.8268   0.0000  -0.0000
  0.500000  0.375000  0.125000
  60
     1 -64.8606  -0.0000   0.0000
     2 -30.4668  -0.0000  -0.0000
     3 -30.1591  -0.0000  -0.0000
     4 -30.0891  -0.0000   0.0000
     5  -8.5224   0.0000   0.0000
     6   4.0426   0.0000  -0.0000
     7   7.2139   0.0000   0.0000
     8   7.9771   0.0000  -0.0000
     9  24.7207   0.0000  -0.0000
    10  31.3238   0.0000   0.0000
    11  34.0823   0.0000  -0.0000
    12  40.4172   0.0000  -0.0000
    13  41.7904   0.0000  -0.0000
    14  47.3039   0.0000  -0.0000
    15  53.3643   0.0000  -0.0000
    16  55.5083   0.0000   0.0000
    17  55.9119   0.0000  -0.0000
    18  59.9065   0.0000  -0.0000
    19  61.3681   0.0000   0.0000
    20  66.9327   0.0000   0.0000
    21  68.0219   0.0000   0.0000
    22  73.4751   0.0000  -0.0000
    23  74.9665   0.0000   0.0000
    24  77.2549   0.0000  -0.0000
    25  81.8719   0.0000   0.0000
    26  84.5413   0.0000   0.0000
    27  91.4685   0.0000  -0.0000
    28  91.8667   0.0000   0.0000
    29  95.2348   0.0000   0.0000
    30  95.2775   0.0000   0.0000
    31  99.1097   0.0000   0.0000
    32 101.2419   0.0000  -0.0000
    33 103.3260   0.0000  -0.0000
    34 103.3814   0.0000   0.0000
    35 109.2286   0.0000  -0.0000
    36 111.5567   0.0000   0.0000
    37 118.8829   0.0000   0.0000
    38 119.7113   0.0000   0.0000
    39 122.3410   0.0000  -0.0000
    40 123.4221   0.0000  -0.0000
    41 125.1646   0.0000  -0.0000
    42 125.5581   0.0000  -0.0000
    43 128.2872   0.0000   0.0000
    44 132.0758   0.0000   0.0000
    45 134.0116   0.0000  -0.0000
    46 138.1844   0.0000  -0.0000
    47 139.7957   0.0000   0.0000
    48 143.0723   0.0000  -0.0000
    49 146.4559   0.0000  -0.0000
    50 146.9839   0.0000   0.0000
    51 148.3225   0.0000  -0.0000
    52 152.1287   0.0000  -0.0000
    53 155.2063   0.0000  -0.0000
    54 157.2738   0.0000   0.0000
    55 160.4884   0.0000   0.0000
    56 160.5761   0.0000   0.0000
    57 166.0158   0.0000   0.0000
    58 167.0312   0.0000   0.0000
    59 168.1944   0.0000  -0.0000
    60 169.9068   0.0000  -0.0000
 -0.375000  0.375000  0.125000
  60
     1 -64.8452  -0.0000   0.0000
     2 -30.4423  -0.0000   0.0000
     3 -30.2625  -0.0000   0.0000
     4 -30.1053  -0.0000   0.0000
     5  -8.0066   0.0000  -0.0000
     6   4.1193   0.0000  -0.0000
     7   5.7860   0.0000  -0.0000
     8   7.6892   0.0000  -0.0000
     9  26.5348   0.0000  -0.0000
    10  30.8060   0.0000   0.0000
    11  34.1991   0.0000  -0.0000
    12  39.7665   0.0000  -0.0000
    13  43.2118   0.0000  -0.0000
    14  46.2771   0.0000  -0.0000
    15  53.0913   0.0000   0.0000
    16  55.3411   0.0000  -0.0000
    17  55.9600   0.0000  -0.0000
    18  59.9182   0.0000  -0.0000
    19  64.9146   0.0000   0.0000
    20  68.5291   0.0000   0.0000
    21  70.6229   0.0000   0.0000
    22  72.5446   0.0000   0.0000
    23  76.1741   0.0000   0.0000
    24  78.6725   0.0000   0.0000
    25  79.2521   0.0000  -0.0000
    26  82.1252   0.0000  -0.0000
    27  86.7331   0.0000  -0.0000
    28  88.6768   0.0000   0.0000
    29  93.9635   0.0000  -0.0000
    30  95.6571   0.0000  -0.0000
    31  96.4602   0.0000  -0.0000
    32  99.6210   0.0000   0.0000
    33 100.8990   0.0000  -0.0000
    34 103.6091   0.0000  -0.0000
    35 107.1820   0.0000  -0.0000
    36 111.2084   0.0000   0.0000
    37 117.1932   0.0000  -0.0000
    38 120.6091   0.0000   0.0000
    39 123.0152   0.0000   0.0000
    40 126.0304   0.0000   0.0000
    41 129.2178   0.0000  -0.0000
    42 132.7392   0.0000   0.0000
    43 133.2693   0.0000   0.0000
    44 134.4021   0.0000  -0.0000
    45 136.6261   0.0000  -0.0000
    46 138.2055   0.0000  -0.0000
    47 142.5822   0.0000  -0.0000
    48 143.0891   0.0000   0.0000
    49 145.2170   0.0000  -0.0000
    50 146.5594   0.0000   0.0000
    51 150.1869   0.0000  -0.0000
    52 150.8192   0.0000  -0.0000
    53 154.3105   0.0000  -0.0000
    54 156.2886   0.0000  -0.0000
    55 157.6891   0.0000  -0.0000
    56 160.2007   0.0000  -0.0000
    57 163.0044   0.0000   0.0000
    58 166.9219   0.0000   0.0000
    59 167.7340   0.0000  -0.0000
    60 168.3664   0.0000   0.0000
 -0.250000  0.375000  0.125000
  60
     1 -64.8514  -0.0000  -0.0000
     2 -30.4364  -0.0000   0.0000
     3 -30.2875  -0.0000  -0.0000
     4 -30.0596  -0.0000   0.0000
     5  -8.0489   0.0000  -0.0000
     6   4.3371   0.0000  -0.0000
     7   5.4109   0.0000   0.0000
     8   7.9129   0.0000   0.0000
     9  28.6711   0.0000   0.0000
    10  28.9260   0.0000   0.0000
    11  35.0063   0.0000  -0.0000
    12  39.4718   0.0000  -0.0000
    13  42.8460   0.0000   0.0000
    14  44.0069   0.0000   0.0000
    15  54.1787   0.0000  -0.0000
    16  54.8274   0.0000   0.0000
    17  56.2326   0.0000   0.0000
    18  60.6794   0.0000  -0.0000
    19  62.4143   0.0000   0.0000
    20  69.4123   0.0000   0.0000
    21  70.3629   0.0000   0.0000
    22  72.8444   0.0000   0.0000
    23  75.2129   0.0000  -0.0000
    24  78.8919   0.0000  -0.0000
    25  82.1179   0.0000  -0.0000
    26  85.4950   0.0000  -0.0000
    27  87.4123   0.0000  -0.0000
    28  88.5562   0.0000   0.0000
    29  89.3221   0.0000  -0.0000
    30  97.0526   0.0000  -0.0000
    31  98.6591   0.0000   0.0000
    32  99.7011   0.0000   0.0000
    33 100.8326   0.0000  -0.0000
    34 103.3891   0.0000   0.0000
    35 105.3620   0.0000   0.0000
    36 112.0688   0.0000   0.0000
    37 116.9225   0.0000  -0.0000
    38 120.7128   0.0000   0.0000
    39 124.2581   0.0000  -0.0000
    40 126.5317   0.0000   0.0000
    41 129.0900   0.0000   0.0000
    42 130.1341   0.0000   0.0000
    43 131.7196   0.0000   0.0000
    44 135.6277   0.0000  -0.0000
    45 136.2546   0.0000   0.0000
    46 138.6310   0.0000   0.0000
    47 139.1327   0.0000  -0.0000
    48 143.7658   0.0000  -0.0000
    49 145.1480   0.0000  -0.0000
    50 146.6444   0.0000   0.0000
    51 149.5428   0.0000  -0.0000
    52 150.2036   0.0000  -0.0000
    53 156.5723   0.0000   0.0000
    54 158.1931   0.0000   0.0000
    55 159.2751   0.0000  -0.0000
    56 161.3958   0.0000   0.0000
    57 162.3045   0.0000   0.0000
    58 164.2123   0.0000   0.0000
    59 165.6103   0.0000   0.0000
    60 167.3173   0.0000  -0.0000
 -0.375000  0.500000  0.125000
  60
     1 -64.8391  -0.0000  -0.0000
     2 -30.4717  -0.0000  -0.0000
     3 -30.1962  -0.0000  -0.0000
     4 -30.1588  -0.0000  -0.0000
     5  -8.0850   0.0000   0.0000
     6   3.6822   0.0000  -0.0000
     7   6.8830   0.0000   0.0000
     8   7.5202   0.0000  -0.0000
     9  24.0790   0.0000  -0.0000
    10  32.6246   0.0000   0.0000
    11  32.7124   0.0000  -0.0000
    12  41.2098   0.0000   0.0000
    13  43.8885   0.0000   0.0000
    14  49.5566   0.0000   0.0000
    15  51.2884   0.0000  -0.0000
    16  54.8373   0.0000  -0.0000
    17  56.2622   0.0000   0.0000
    18  62.0918   0.0000  -0.0000
    19  64.5974   0.0000  -0.0000
    20  67.3283   0.0000   0.0000
    21  69.9846   0.0000  -0.0000
    22  72.9939   0.0000  -0.0000
    23  74.6240   0.0000  -0.0000
    24  75.7592   0.0000   0.0000
    25  77.6886   0.0000  -0.0000
    26  82.5149   0.0000   0.0000
    27  83.0287   0.0000  -0.0000
    28  93.7679   0.0000  -0.0000
    29  95.6686   0.0000   0.0000
    30  96.8801   0.0000  -0.0000
    31  97.1857   0.0000   0.0000
    32  98.6505   0.0000   0.0000
    33 102.6111   0.0000   0.0000
    34 103.0374   0.0000  -0.0000
    35 107.3205   0.0000   0.0000
    36 111.0482   0.0000  -0.0000
    37 118.6365   0.0000  -0.0000
    38 119.2123   0.0000   0.0000
    39 120.5282   0.0000   0.0000
    40 123.9903   0.0000   0.0000
    41 127.1055   0.0000   0.0000
    42 128.4656   0.0000   0.0000
    43 129.1507   0.0000   0.0000
    44 138.7996   0.0000   0.0000
    45 139.8518   0.0000  -0.0000
    46 142.8460   0.0000  -0.0000
    47 142.9167   0.0000   0.0000
    48 143.9484   0.0000   0.0000
    49 147.3607   0.0000  -0.0000
    50 147.9128   0.0000  -0.0000
    51 148.9804   0.0000   0.0000
    52 153.2569   0.0000   0.0000
    53 154.2737   0.0000  -0.0000
    54 155.9315   0.0000   0.0000
    55 159.8254   0.0000   0.0000
    56 162.0042   0.0000   0.0000
    57 162.5499   0.0000  -0.0000
    58 163.7871   0.0000   0.0000
    59 165.0151   0.0000  -0.0000
    60 167.9923   0.0000   0.0000
 -0.250000  0.500000  0.250000
  60
     1 -64.8389  -0.0000  -0.0000
     2 -30.3332  -0.0000  -0.0000
     3 -30.3332  -0.0000  -0.0000
     4 -30.1775  -0.0000   0.0000
     5  -7.8858   0.0000   0.0000
     6   5.0041   0.0000   0.0000
     7   5.0041   0.0000   0.0000
     8   7.0544   0.0000  -0.0000
     9  28.7664   0.0000   0.0000
    10  28.7664   0.0000   0.0000
    11  34.3333   0.0000   0.0000
    12  38.8291   0.0000   0.0000
    13  45.3526   0.0000   0.0000
    14  45.3526   0.0000   0.0000
    15  52.3474   0.0000   0.0000
    16  56.0002   0.0000  -0.0000
    17  57.6680   0.0000   0.0000
    18  59.5437   0.0000  -0.0000
    19  67.0964   0.0000  -0.0000
    20  67.0964   0.0000  -0.0000
    21  71.8414   0.0000  -0.0000
    22  72.0397   0.0000   0.0000
    23  72.0397   0.0000   0.0000
    24  80.1015   0.0000   0.0000
    25  84.1916   0.0000  -0.0000
    26  84.1916   0.0000  -0.0000
    27  85.5223   0.0000   0.0000
    28  85.8693   0.0000  -0.0000
    29  90.5709   0.0000  -0.0000
    30  90.5709   0.0000   0.0000
    31  97.1228   0.0000   0.0000
    32  97.2213   0.0000  -0.0000
    33 102.7627   0.0000   0.0000
    34 104.0422   0.0000  -0.0000
    35 104.0422   0.0000  -0.0000
    36 112.2594   0.0000   0.0000
    37 121.6779   0.0000   0.0000
    38 121.6779   0.0000  -0.0000
    39 124.0855   0.0000  -0.0000
    40 131.6036   0.0000   0.0000
    41 131.6036   0.0000   0.0000
    42 133.3935   0.0000  -0.0000
    43 134.9349   0.0000   0.0000
    44 135.0254   0.0000  -0.0000
    45 136.7878   0.0000   0.0000
    46 136.7878   0.0000  -0.0000
    47 137.0976   0.0000  -0.0000
    48 137.4609   0.0000  -0.0000
    49 146.8174   0.0000   0.0000
    50 146.8174   0.0000  -0.0000
    51 149.9905   0.0000  -0.0000
    52 151.3098   0.0000  -0.0000
    53 151.6139   0.0000  -0.0000
    54 159.7120   0.0000  -0.0000
    55 159.7120   0.0000   0.0000
    56 160.1143   0.0000   0.0000
    57 163.2254   0.0000   0.0000
    58 163.9508   0.0000   0.0000
    59 163.9508   0.0000  -0.0000
    60 172.0082   0.0000  -0.0000
