          29           1
  0.000000  0.000000  0.000000
  60
     1 -66.0726  -6.4266   0.0000
     2 -30.9202  -3.9323   0.0000
     3 -30.9201  -3.9323   0.0000
     4 -30.9201  -3.9322   0.0000
     5 -12.8375  -3.1624   0.0000
     6   9.2492  -1.6564   0.0000
     7   9.2492  -1.6564   0.0000
     8   9.2492  -1.6564   0.0000
     9  24.2059   1.1182   0.0000
    10  31.1694   1.6124   0.0000
    11  31.1694   1.6124   0.0000
    12  31.1694   1.6124   0.0000
    13  36.6794   1.6800   0.0000
    14  39.7548   1.8149   0.0000
    15  39.7548   1.8149   0.0000
    16  50.0582   2.4318   0.0000
    17  50.0583   2.4318   0.0000
    18  50.0585   2.4320   0.0000
    19  68.3520   2.5234   0.0000
    20  68.3520   2.5234   0.0000
    21  68.3520   2.5234   0.0000
    22  73.6099   2.3773   0.0000
    23  82.6602   2.3758   0.0000
    24  82.6602   2.3758   0.0000
    25  82.6602   2.3758   0.0000
    26  89.9059   2.4020   0.0000
    27  89.9059   2.4020   0.0000
    28  90.9715   2.6106   0.0000
    29  90.9715   2.6106   0.0000
    30  90.9715   2.6106   0.0000
    31 105.7414   2.5728   0.0000
    32 105.7414   2.5728   0.0000
    33 109.2314   2.7283   0.0000
    34 116.5883   2.4357   0.0000
    35 116.5883   2.4357   0.0000
    36 116.5883   2.4357   0.0000
    37 119.0849   2.7939   0.0000
    38 119.0849   2.7939   0.0000
    39 119.0850   2.7939   0.0000
    40 124.6533   2.8406   0.0000
    41 124.6533   2.8406   0.0000
    42 124.6533   2.8406   0.0000
    43 126.6519   2.7709   0.0000
    44 126.6519   2.7709   0.0000
    45 126.6519   2.7709   0.0000
    46 128.7366   2.7603   0.0000
    47 128.7366   2.7603   0.0000
    48 128.7366   2.7603   0.0000
    49 129.3498   2.5156   0.0000
    50 132.7487   2.4213   0.0000
    51 132.7487   2.4213   0.0000
    52 132.7487   2.4213   0.0000
    53 133.7917   2.3473   0.0000
    54 133.7917   2.3473   0.0000
    55 134.4233   2.5620   0.0000
    56 134.4233   2.5620   0.0000
    57 134.4233   2.5620   0.0000
    58 136.2812   2.7416   0.0000
    59 140.7238   2.5669   0.0000
    60 153.0111   3.1670   0.0000
  0.125000  0.000000  0.000000
  60
     1 -66.0573  -6.4283   0.0000
     2 -31.0241  -3.9266   0.0000
     3 -30.9260  -3.9312   0.0000
     4 -30.9260  -3.9312   0.0000
     5 -12.4182  -3.1576   0.0000
     6   8.0293  -1.6531   0.0000
     7   8.9894  -1.6536   0.0000
     8   8.9894  -1.6536   0.0000
     9  24.9347   1.1438   0.0000
    10  29.1415   1.5066   0.0000
    11  31.8992   1.6303   0.0000
    12  31.8992   1.6303   0.0000
    13  39.5159   1.8363   0.0000
    14  39.5159   1.8363   0.0000
    15  40.5717   1.7813   0.0000
    16  49.5417   2.3836   0.0000
    17  51.3838   2.4318   0.0000
    18  51.3838   2.4318   0.0000
    19  65.8444   2.4203   0.0000
    20  67.4151   2.4504   0.0000
    21  67.4151   2.4504   0.0000
    22  75.3147   2.4117   0.0000
    23  78.4623   2.4226   0.0000
    24  78.4623   2.4226   0.0000
    25  85.0121   2.4854   0.0000
    26  87.3151   2.4219   0.0000
    27  87.3151   2.4219   0.0000
    28  91.5427   2.6152   0.0000
    29 100.2868   2.6161   0.0000
    30 100.2868   2.6161   0.0000
    31 104.0656   2.5846   0.0000
    32 104.0656   2.5846   0.0000
    33 107.8082   2.6806   0.0000
    34 111.4911   2.4847   0.0000
    35 112.5767   2.5016   0.0000
    36 112.5767   2.5016   0.0000
    37 114.9131   2.6310   0.0000
    38 117.7948   2.6771   0.0000
    39 117.7948   2.6771   0.0000
    40 118.6445   2.7193   0.0000
    41 118.6445   2.7193   0.0000
    42 119.0590   2.7316   0.0000
    43 125.0966   2.6179   0.0000
    44 125.3272   2.4626   0.0000
    45 125.3272   2.4626   0.0000
    46 127.5356   2.6629   0.0000
    47 129.4104   2.7386   0.0000
    48 131.7972   2.6735   0.0000
    49 131.7972   2.6735   0.0000
    50 135.2300   2.6996   0.0000
    51 135.2300   2.6996   0.0000
    52 136.3975   2.7636   0.0000
    53 136.3975   2.7636   0.0000
    54 137.4690   2.7991   0.0000
    55 139.2347   2.8178   0.0000
    56 141.2138   2.5045   0.0000
    57 145.4087   2.7453   0.0000
    58 145.7192   2.4879   0.0000
    59 145.7192   2.4879   0.0000
    60 152.4020   3.0176   0.0000
  0.250000  0.000000  0.000000
  60
     1 -66.0202  -6.4324   0.0000
     2 -31.2665  -3.9135   0.0000
     3 -30.9401  -3.9286   0.0000
     4 -30.9401  -3.9286   0.0000
     5 -11.3008  -3.1501   0.0000
     6   5.3096  -1.6962   0.0000
     7   8.4007  -1.6530   0.0000
     8   8.4007  -1.6530   0.0000
     9  25.0144   1.2498   0.0000
    10  28.9626   1.3807   0.0000
    11  33.5432   1.6705   0.0000
    12  33.5432   1.6705   0.0000
    13  39.6313   1.8876   0.0000
    14  39.6313   1.8876   0.0000
    15  45.0615   2.0693   0.0000
    16  50.4411   2.1458   0.0000
    17  54.4653   2.4641   0.0000
    18  54.4653   2.4641   0.0000
    19  62.4910   2.2749   0.0000
    20  63.3943   2.2358   0.0000
    21  63.3943   2.2358   0.0000
    22  74.7630   2.4924   0.0000
    23  74.7630   2.4924   0.0000
    24  78.1316   2.4278   0.0000
    25  88.6014   2.4262   0.0000
    26  88.6014   2.4262   0.0000
    27  89.2577   2.6735   0.0000
    28  93.2534   2.6295   0.0000
    29  97.4128   2.5813   0.0000
    30  97.4128   2.5813   0.0000
    31  99.7442   2.4739   0.0000
    32 103.6598   2.4666   0.0000
    33 106.0747   2.4949   0.0000
    34 106.0747   2.4949   0.0000
    35 110.5655   2.7358   0.0000
    36 110.5655   2.7358   0.0000
    37 111.6578   2.6951   0.0000
    38 111.8203   2.7425   0.0000
    39 114.5821   2.5796   0.0000
    40 114.5821   2.5796   0.0000
    41 118.3314   2.5747   0.0000
    42 118.3314   2.5747   0.0000
    43 122.8402   2.5513   0.0000
    44 123.1065   2.5528   0.0000
    45 123.1065   2.5528   0.0000
    46 126.4303   2.7453   0.0000
    47 133.8861   2.7612   0.0000
    48 135.5207   2.8423   0.0000
    49 135.5207   2.8423   0.0000
    50 138.1213   2.9254   0.0000
    51 140.1433   2.7190   0.0000
    52 140.1433   2.7190   0.0000
    53 146.4033   2.7818   0.0000
    54 146.4033   2.7818   0.0000
    55 148.2908   2.8334   0.0000
    56 150.4001   2.8022   0.0000
    57 152.4647   2.7465   0.0000
    58 152.4647   2.7465   0.0000
    59 155.0621   2.4877   0.0000
    60 161.2483   2.5910   0.0000
  0.375000  0.000000  0.000000
  60
     1 -65.9830  -6.4366   0.0000
     2 -31.4979  -3.9012   0.0000
     3 -30.9540  -3.9261   0.0000
     4 -30.9540  -3.9261   0.0000
     5  -9.9410  -3.1642   0.0000
     6   2.6442  -1.7410   0.0000
     7   7.8578  -1.6577   0.0000
     8   7.8578  -1.6577   0.0000
     9  24.1559   1.2154   0.0000
    10  30.7890   1.4646   0.0000
    11  34.6703   1.6960   0.0000
    12  34.6703   1.6960   0.0000
    13  41.3963   1.9939   0.0000
    14  41.3963   1.9939   0.0000
    15  44.6636   2.1659   0.0000
    16  54.2445   2.1098   0.0000
    17  56.6980   2.3526   0.0000
    18  56.6980   2.3526   0.0000
    19  58.4506   2.2236   0.0000
    20  58.4506   2.2236   0.0000
    21  63.6879   2.1454   0.0000
    22  75.4623   2.4908   0.0000
    23  75.4623   2.4908   0.0000
    24  80.2570   2.3444   0.0000
    25  86.3876   2.5021   0.0000
    26  89.0166   2.5270   0.0000
    27  89.0166   2.5270   0.0000
    28  91.3523   2.4348   0.0000
    29  91.3523   2.4348   0.0000
    30  94.1400   2.7420   0.0000
    31  96.0850   2.6594   0.0000
    32  99.1788   2.5258   0.0000
    33 100.2030   2.4637   0.0000
    34 100.2030   2.4637   0.0000
    35 105.4026   2.6519   0.0000
    36 110.3637   2.6578   0.0000
    37 110.3637   2.6578   0.0000
    38 111.4075   2.7997   0.0000
    39 116.1918   2.5496   0.0000
    40 116.1918   2.5496   0.0000
    41 122.3384   2.6270   0.0000
    42 124.1454   2.6812   0.0000
    43 124.1454   2.6812   0.0000
    44 125.5164   2.6304   0.0000
    45 126.5291   2.7325   0.0000
    46 126.5291   2.7325   0.0000
    47 134.4374   2.8175   0.0000
    48 134.4374   2.8175   0.0000
    49 134.6499   2.8970   0.0000
    50 143.1374   2.7976   0.0000
    51 148.7601   2.7988   0.0000
    52 148.7601   2.7988   0.0000
    53 152.6013   2.7687   0.0000
    54 155.1586   2.8597   0.0000
    55 155.1586   2.8597   0.0000
    56 157.3693   2.7210   0.0000
    57 157.3693   2.7210   0.0000
    58 157.9691   2.7432   0.0000
    59 157.9691   2.7432   0.0000
    60 159.1204   2.7166   0.0000
  0.500000  0.000000  0.000000
  60
     1 -65.9676  -6.4383   0.0000
     2 -31.5908  -3.8962   0.0000
     3 -30.9598  -3.9251   0.0000
     4 -30.9598  -3.9251   0.0000
     5  -9.2511  -3.1929   0.0000
     6   1.4733  -1.7388   0.0000
     7   7.6443  -1.6606   0.0000
     8   7.6443  -1.6606   0.0000
     9  23.8514   1.1913   0.0000
    10  31.6584   1.5217   0.0000
    11  34.9151   1.7023   0.0000
    12  34.9151   1.7023   0.0000
    13  43.1289   2.0950   0.0000
    14  43.1289   2.0950   0.0000
    15  44.1895   2.1645   0.0000
    16  54.1257   1.9845   0.0000
    17  54.1257   1.9845   0.0000
    18  54.3689   2.0851   0.0000
    19  59.1894   2.5091   0.0000
    20  59.1894   2.5091   0.0000
    21  71.3130   2.2390   0.0000
    22  73.5821   2.1359   0.0000
    23  77.7985   2.4947   0.0000
    24  77.7985   2.4947   0.0000
    25  83.9096   2.4657   0.0000
    26  83.9096   2.4657   0.0000
    27  86.3852   2.5035   0.0000
    28  90.7477   2.6914   0.0000
    29  94.3738   2.5311   0.0000
    30  94.3738   2.5311   0.0000
    31  96.0648   2.3741   0.0000
    32  96.0648   2.3741   0.0000
    33  99.3304   2.7843   0.0000
    34  99.8718   2.7403   0.0000
    35 101.0152   2.5226   0.0000
    36 109.8694   2.6490   0.0000
    37 109.8694   2.6490   0.0000
    38 111.2786   2.8082   0.0000
    39 115.8685   2.5224   0.0000
    40 115.8685   2.5224   0.0000
    41 122.7328   2.7145   0.0000
    42 124.6286   2.5556   0.0000
    43 125.9888   2.7762   0.0000
    44 125.9888   2.7762   0.0000
    45 129.3549   2.8028   0.0000
    46 129.3549   2.8028   0.0000
    47 134.7846   2.8260   0.0000
    48 142.1175   2.9058   0.0000
    49 142.1175   2.9058   0.0000
    50 143.1270   2.7018   0.0000
    51 143.1270   2.7018   0.0000
    52 148.1752   2.9111   0.0000
    53 152.0256   2.7761   0.0000
    54 154.0364   2.6015   0.0000
    55 156.2718   2.8256   0.0000
    56 156.2718   2.8256   0.0000
    57 161.2958   2.6764   0.0000
    58 161.2958   2.6764   0.0000
    59 165.2043   2.7568   0.0000
    60 165.2045   2.7569   0.0000
  0.125000  0.125000  0.000000
  60
     1 -66.0522  -6.4289   0.0000
     2 -31.0174  -3.9263   0.0000
     3 -30.9474  -3.9300   0.0000
     4 -30.9474  -3.9300   0.0000
     5 -12.2926  -3.1564   0.0000
     6   7.8793  -1.6599   0.0000
     7   8.8185  -1.6523   0.0000
     8   8.8185  -1.6523   0.0000
     9  25.2892   1.1447   0.0000
    10  27.8623   1.4998   0.0000
    11  32.6177   1.6401   0.0000
    12  32.6177   1.6401   0.0000
    13  38.3008   1.8315   0.0000
    14  40.4727   1.8342   0.0000
    15  41.5020   1.7910   0.0000
    16  50.5785   2.4324   0.0000
    17  50.5785   2.4324   0.0000
    18  51.7945   2.3913   0.0000
    19  66.0258   2.3987   0.0000
    20  66.6013   2.4208   0.0000
    21  66.6013   2.4208   0.0000
    22  76.1651   2.4401   0.0000
    23  79.0893   2.4135   0.0000
    24  79.8873   2.4726   0.0000
    25  79.8873   2.4726   0.0000
    26  83.2822   2.3837   0.0000
    27  91.1784   2.4720   0.0000
    28  97.2771   2.6346   0.0000
    29  97.2771   2.6346   0.0000
    30 103.2548   2.6025   0.0000
    31 103.5229   2.5997   0.0000
    32 104.8400   2.5543   0.0000
    33 107.2076   2.5785   0.0000
    34 107.2076   2.5785   0.0000
    35 108.4980   2.7370   0.0000
    36 112.4938   2.3403   0.0000
    37 115.7403   2.6300   0.0000
    38 115.7403   2.6300   0.0000
    39 117.8250   2.4221   0.0000
    40 119.3607   2.7034   0.0000
    41 122.1683   2.6881   0.0000
    42 122.1683   2.6881   0.0000
    43 123.5200   2.6145   0.0000
    44 123.5200   2.6145   0.0000
    45 123.9743   2.6817   0.0000
    46 125.4112   2.6282   0.0000
    47 129.1500   2.7841   0.0000
    48 129.4794   2.9009   0.0000
    49 133.8610   2.3904   0.0000
    50 135.8858   2.8148   0.0000
    51 135.8858   2.8148   0.0000
    52 137.4596   2.8136   0.0000
    53 137.3839   2.6021   0.0000
    54 137.3839   2.6021   0.0000
    55 138.6406   2.4820   0.0000
    56 144.2524   2.8165   0.0000
    57 144.2524   2.8165   0.0000
    58 147.8177   2.7914   0.0000
    59 151.8741   2.3930   0.0000
    60 152.9859   2.7303   0.0000
  0.250000  0.125000  0.000000
  60
     1 -66.0225  -6.4321   0.0000
     2 -31.1927  -3.9166   0.0000
     3 -30.9726  -3.9274   0.0000
     4 -30.9595  -3.9277   0.0000
     5 -11.4459  -3.1504   0.0000
     6   5.9603  -1.6951   0.0000
     7   8.2311  -1.6425   0.0000
     8   8.3121  -1.6554   0.0000
     9  25.7541   1.3174   0.0000
    10  27.0823   1.3012   0.0000
    11  34.0107   1.6822   0.0000
    12  34.2763   1.6860   0.0000
    13  37.4145   1.8346   0.0000
    14  41.1403   1.8858   0.0000
    15  46.0643   1.9654   0.0000
    16  50.7086   2.2830   0.0000
    17  52.3895   2.4264   0.0000
    18  54.4296   2.4515   0.0000
    19  62.4324   2.2616   0.0000
    20  63.1433   2.2623   0.0000
    21  66.5251   2.3373   0.0000
    22  74.0340   2.4641   0.0000
    23  74.2924   2.3834   0.0000
    24  79.6223   2.4937   0.0000
    25  81.1374   2.4779   0.0000
    26  86.9289   2.5494   0.0000
    27  91.2832   2.5500   0.0000
    28  97.0717   2.5244   0.0000
    29  99.2071   2.5570   0.0000
    30 100.2309   2.6459   0.0000
    31 102.3236   2.6028   0.0000
    32 103.3533   2.5874   0.0000
    33 104.0207   2.5374   0.0000
    34 106.6161   2.6715   0.0000
    35 107.2285   2.3983   0.0000
    36 110.6349   2.6347   0.0000
    37 111.5675   2.4813   0.0000
    38 111.8214   2.6516   0.0000
    39 114.4377   2.6237   0.0000
    40 115.0710   2.5328   0.0000
    41 119.1510   2.6730   0.0000
    42 119.8750   2.6505   0.0000
    43 121.2112   2.6880   0.0000
    44 123.4365   2.7473   0.0000
    45 126.8048   2.5771   0.0000
    46 130.6482   2.5804   0.0000
    47 132.1023   2.6177   0.0000
    48 132.6985   2.6593   0.0000
    49 133.8460   2.8450   0.0000
    50 136.6441   2.8374   0.0000
    51 136.6962   2.8803   0.0000
    52 138.8392   2.7756   0.0000
    53 138.9743   2.8456   0.0000
    54 147.1749   2.6473   0.0000
    55 149.4444   2.8014   0.0000
    56 152.4371   2.5958   0.0000
    57 153.4851   2.7687   0.0000
    58 154.2103   2.8649   0.0000
    59 154.5618   2.7203   0.0000
    60 159.0048   2.7884   0.0000
  0.375000  0.125000  0.000000
  60
     1 -65.9854  -6.4363   0.0000
     2 -31.4110  -3.9048   0.0000
     3 -30.9869  -3.9250   0.0000
     4 -30.9831  -3.9243   0.0000
     5 -10.2032  -3.1565   0.0000
     6   3.5443  -1.7342   0.0000
     7   7.4478  -1.6399   0.0000
     8   7.7938  -1.6628   0.0000
     9  24.8936   1.2482   0.0000
    10  29.0603   1.3858   0.0000
    11  34.4561   1.7078   0.0000
    12  35.4856   1.7249   0.0000
    13  38.7314   1.8983   0.0000
    14  42.6717   2.0015   0.0000
    15  46.9232   2.1981   0.0000
    16  54.3818   2.0982   0.0000
    17  55.3378   2.3426   0.0000
    18  55.8655   2.4205   0.0000
    19  57.7103   2.1897   0.0000
    20  61.6708   2.1992   0.0000
    21  65.1835   2.2307   0.0000
    22  72.0792   2.3648   0.0000
    23  73.7288   2.4737   0.0000
    24  82.1373   2.4631   0.0000
    25  83.3853   2.4963   0.0000
    26  86.5178   2.4766   0.0000
    27  90.0484   2.5877   0.0000
    28  91.5209   2.5099   0.0000
    29  92.3065   2.5199   0.0000
    30  95.1349   2.6541   0.0000
    31  97.9524   2.5365   0.0000
    32 100.2988   2.4870   0.0000
    33 102.1229   2.4720   0.0000
    34 103.0215   2.6813   0.0000
    35 106.6398   2.4975   0.0000
    36 109.4408   2.6705   0.0000
    37 109.6125   2.5518   0.0000
    38 112.2563   2.5837   0.0000
    39 114.1552   2.7999   0.0000
    40 115.7431   2.6346   0.0000
    41 120.2313   2.6703   0.0000
    42 122.3218   2.7195   0.0000
    43 124.7270   2.7718   0.0000
    44 125.6014   2.8090   0.0000
    45 129.2428   2.5353   0.0000
    46 129.5129   2.5877   0.0000
    47 133.3682   2.7891   0.0000
    48 135.8218   2.6997   0.0000
    49 136.8010   2.9383   0.0000
    50 139.8893   2.5839   0.0000
    51 142.8287   2.6642   0.0000
    52 144.5892   2.9111   0.0000
    53 147.8362   2.8604   0.0000
    54 148.6787   2.8015   0.0000
    55 155.6311   2.8159   0.0000
    56 156.3020   2.9127   0.0000
    57 157.0914   2.9124   0.0000
    58 160.9294   2.6987   0.0000
    59 162.6222   2.7231   0.0000
    60 163.6529   2.8329   0.0000
  0.500000  0.125000  0.000000
  60
     1 -65.9627  -6.4388   0.0000
     2 -31.5383  -3.8980   0.0000
     3 -31.0133  -3.9214   0.0000
     4 -30.9819  -3.9241   0.0000
     5  -9.2645  -3.1861   0.0000
     6   1.9613  -1.7337   0.0000
     7   6.9250  -1.6483   0.0000
     8   7.5374  -1.6664   0.0000
     9  24.6657   1.2006   0.0000
    10  30.4359   1.4710   0.0000
    11  34.4127   1.7103   0.0000
    12  35.7507   1.7371   0.0000
    13  41.3050   2.0063   0.0000
    14  43.6936   2.0969   0.0000
    15  46.3958   2.1992   0.0000
    16  53.4828   2.0200   0.0000
    17  54.1007   2.0917   0.0000
    18  55.8804   2.2267   0.0000
    19  59.3939   2.4485   0.0000
    20  61.0547   2.3539   0.0000
    21  69.5975   2.1738   0.0000
    22  75.1476   2.3139   0.0000
    23  76.4721   2.4746   0.0000
    24  76.7998   2.2999   0.0000
    25  81.3469   2.4300   0.0000
    26  84.0147   2.4330   0.0000
    27  86.4303   2.5343   0.0000
    28  87.8360   2.5682   0.0000
    29  92.2132   2.6752   0.0000
    30  92.6560   2.4797   0.0000
    31  94.2409   2.6073   0.0000
    32  98.0768   2.4711   0.0000
    33 100.5518   2.6916   0.0000
    34 104.4333   2.4965   0.0000
    35 105.6047   2.7521   0.0000
    36 108.8988   2.5295   0.0000
    37 109.9164   2.6651   0.0000
    38 110.1458   2.5427   0.0000
    39 114.5058   2.6433   0.0000
    40 115.0930   2.7824   0.0000
    41 118.3436   2.6840   0.0000
    42 123.9313   2.7667   0.0000
    43 129.7755   2.9117   0.0000
    44 130.0109   2.6673   0.0000
    45 130.1190   2.6637   0.0000
    46 134.2598   2.7379   0.0000
    47 135.2751   2.7777   0.0000
    48 140.0403   2.6967   0.0000
    49 143.0961   2.8719   0.0000
    50 143.5483   2.7365   0.0000
    51 143.8876   2.7639   0.0000
    52 146.3724   2.7742   0.0000
    53 150.9965   2.7205   0.0000
    54 153.0560   2.7653   0.0000
    55 153.3854   2.6572   0.0000
    56 154.1437   2.7983   0.0000
    57 157.9314   2.9135   0.0000
    58 159.1528   2.8169   0.0000
    59 160.6033   2.7809   0.0000
    60 162.9867   2.6937   0.0000
 -0.375000  0.125000  0.000000
  60
     1 -65.9678  -6.4382   0.0000
     2 -31.5098  -3.8997   0.0000
     3 -31.0305  -3.9209   0.0000
     4 -30.9606  -3.9252   0.0000
     5  -9.4707  -3.1767   0.0000
     6   2.3242  -1.7349   0.0000
     7   6.8898  -1.6467   0.0000
     8   7.6680  -1.6625   0.0000
     9  24.8962   1.2065   0.0000
    10  30.1741   1.4500   0.0000
    11  34.5025   1.7096   0.0000
    12  35.5969   1.7341   0.0000
    13  40.9189   1.9754   0.0000
    14  42.4418   2.0537   0.0000
    15  46.6521   2.2040   0.0000
    16  53.8112   2.0585   0.0000
    17  55.5491   2.2942   0.0000
    18  56.1300   2.1480   0.0000
    19  58.1772   2.3890   0.0000
    20  61.7130   2.3151   0.0000
    21  66.8635   2.1536   0.0000
    22  72.8553   2.3898   0.0000
    23  76.2308   2.4252   0.0000
    24  79.8953   2.2909   0.0000
    25  83.3625   2.4945   0.0000
    26  85.4546   2.4524   0.0000
    27  87.5630   2.5998   0.0000
    28  87.7978   2.5124   0.0000
    29  91.9226   2.4690   0.0000
    30  92.4361   2.5289   0.0000
    31  94.0318   2.7062   0.0000
    32  98.5442   2.5425   0.0000
    33 100.5181   2.6163   0.0000
    34 104.1205   2.5139   0.0000
    35 104.8355   2.7109   0.0000
    36 109.6688   2.5462   0.0000
    37 111.5177   2.6571   0.0000
    38 111.4661   2.5364   0.0000
    39 114.8281   2.7248   0.0000
    40 115.2095   2.7171   0.0000
    41 116.1694   2.6105   0.0000
    42 125.2212   2.8694   0.0000
    43 127.2322   2.8581   0.0000
    44 129.2922   2.6943   0.0000
    45 130.3865   2.7305   0.0000
    46 133.1970   2.6842   0.0000
    47 133.7069   2.6398   0.0000
    48 138.8828   2.7325   0.0000
    49 140.5146   2.7567   0.0000
    50 142.5060   2.7739   0.0000
    51 146.3351   2.9053   0.0000
    52 148.0555   2.8193   0.0000
    53 150.6366   2.7391   0.0000
    54 151.2754   2.7184   0.0000
    55 153.0522   2.7889   0.0000
    56 156.3840   2.8124   0.0000
    57 157.0215   2.6300   0.0000
    58 158.4863   2.7949   0.0000
    59 160.7557   2.7333   0.0000
    60 163.4380   2.8551   0.0000
 -0.250000  0.125000  0.000000
  60
     1 -65.9977  -6.4349   0.0000
     2 -31.3447  -3.9088   0.0000
     3 -31.0199  -3.9232   0.0000
     4 -30.9355  -3.9278   0.0000
     5 -10.6078  -3.1518   0.0000
     6   4.3487  -1.7225   0.0000
     7   7.3750  -1.6327   0.0000
     8   8.1332  -1.6557   0.0000
     9  25.5984   1.2551   0.0000
    10  28.4564   1.3529   0.0000
    11  34.5034   1.6972   0.0000
    12  34.5943   1.7110   0.0000
    13  38.5108   1.8740   0.0000
    14  41.2051   1.9689   0.0000
    15  47.1641   2.1719   0.0000
    16  52.4273   2.2041   0.0000
    17  55.1116   2.3120   0.0000
    18  56.3283   2.5007   0.0000
    19  57.9174   2.1181   0.0000
    20  63.4350   2.2389   0.0000
    21  65.2492   2.2260   0.0000
    22  71.1495   2.4164   0.0000
    23  73.1370   2.3862   0.0000
    24  81.4881   2.5072   0.0000
    25  84.3169   2.5288   0.0000
    26  89.8390   2.6235   0.0000
    27  89.9716   2.5194   0.0000
    28  92.6070   2.5479   0.0000
    29  95.1003   2.5353   0.0000
    30  97.0472   2.5259   0.0000
    31  97.0208   2.4971   0.0000
    32 100.8623   2.4866   0.0000
    33 102.5041   2.6517   0.0000
    34 102.4006   2.5030   0.0000
    35 106.0828   2.5751   0.0000
    36 110.6809   2.7430   0.0000
    37 113.1892   2.7262   0.0000
    38 113.3668   2.4081   0.0000
    39 114.8067   2.6008   0.0000
    40 115.5595   2.6713   0.0000
    41 116.6183   2.5257   0.0000
    42 120.4339   2.6641   0.0000
    43 122.2608   2.8112   0.0000
    44 124.6522   2.7627   0.0000
    45 127.4068   2.7690   0.0000
    46 130.9780   2.5994   0.0000
    47 134.0590   2.8981   0.0000
    48 136.3636   2.6911   0.0000
    49 137.1254   2.7823   0.0000
    50 137.6102   2.6706   0.0000
    51 139.8184   2.6989   0.0000
    52 145.9926   2.6926   0.0000
    53 146.1272   2.7830   0.0000
    54 150.0550   2.9076   0.0000
    55 150.3004   2.7045   0.0000
    56 151.3822   2.8693   0.0000
    57 156.3671   2.6352   0.0000
    58 157.9839   2.7913   0.0000
    59 161.3241   2.8108   0.0000
    60 161.7193   2.8810   0.0000
 -0.125000  0.125000  0.000000
  60
     1 -66.0347  -6.4308   0.0000
     2 -31.1420  -3.9200   0.0000
     3 -30.9774  -3.9275   0.0000
     4 -30.9211  -3.9303   0.0000
     5 -11.7796  -3.1521   0.0000
     6   6.6538  -1.6821   0.0000
     7   8.2674  -1.6336   0.0000
     8   8.6914  -1.6533   0.0000
     9  25.9083   1.1841   0.0000
    10  27.5435   1.4259   0.0000
    11  32.7282   1.6620   0.0000
    12  33.5694   1.6610   0.0000
    13  38.5305   1.8446   0.0000
    14  40.1048   1.8773   0.0000
    15  44.4217   1.8909   0.0000
    16  50.3021   2.3277   0.0000
    17  51.4578   2.4007   0.0000
    18  53.9776   2.4647   0.0000
    19  62.3550   2.2765   0.0000
    20  65.8466   2.3791   0.0000
    21  67.3860   2.3864   0.0000
    22  73.0996   2.3989   0.0000
    23  75.5460   2.3520   0.0000
    24  78.8395   2.5166   0.0000
    25  84.2704   2.5050   0.0000
    26  87.0760   2.5617   0.0000
    27  87.8969   2.4563   0.0000
    28  98.9943   2.6448   0.0000
    29 100.9436   2.6435   0.0000
    30 101.5576   2.5858   0.0000
    31 102.4240   2.5873   0.0000
    32 104.3787   2.5016   0.0000
    33 105.0421   2.5155   0.0000
    34 105.3741   2.5699   0.0000
    35 108.1354   2.5905   0.0000
    36 109.7025   2.5110   0.0000
    37 110.0563   2.6882   0.0000
    38 115.3350   2.6415   0.0000
    39 115.7390   2.7314   0.0000
    40 116.8025   2.3336   0.0000
    41 117.6423   2.6089   0.0000
    42 120.7278   2.7479   0.0000
    43 120.4569   2.4428   0.0000
    44 125.2823   2.6519   0.0000
    45 125.7160   2.6413   0.0000
    46 127.6801   2.8442   0.0000
    47 128.3300   2.8351   0.0000
    48 134.4093   2.9471   0.0000
    49 135.8472   2.5970   0.0000
    50 137.3740   2.5302   0.0000
    51 137.7258   2.8066   0.0000
    52 138.9498   2.5829   0.0000
    53 141.6368   2.6988   0.0000
    54 142.3100   2.7102   0.0000
    55 143.5974   2.6710   0.0000
    56 147.5123   2.9203   0.0000
    57 147.7410   3.0638   0.0000
    58 149.7527   2.8393   0.0000
    59 154.5349   2.5171   0.0000
    60 157.1095   2.5044   0.0000
  0.250000  0.250000  0.000000
  60
     1 -66.0031  -6.4342   0.0000
     2 -31.2195  -3.9124   0.0000
     3 -31.0139  -3.9249   0.0000
     4 -31.0139  -3.9249   0.0000
     5 -10.9866  -3.1495   0.0000
     6   5.2243  -1.7216   0.0000
     7   7.9429  -1.6643   0.0000
     8   7.9429  -1.6643   0.0000
     9  24.1980   1.3743   0.0000
    10  27.5270   1.2686   0.0000
    11  35.1954   1.7723   0.0000
    12  36.1438   1.7539   0.0000
    13  36.1438   1.7539   0.0000
    14  42.5675   1.8881   0.0000
    15  49.7189   1.9194   0.0000
    16  52.2135   2.4213   0.0000
    17  52.2135   2.4213   0.0000
    18  54.4614   2.4094   0.0000
    19  62.5890   2.2261   0.0000
    20  62.5890   2.2261   0.0000
    21  63.7267   2.2246   0.0000
    22  69.4060   2.3198   0.0000
    23  78.1562   2.5854   0.0000
    24  78.1562   2.5854   0.0000
    25  81.2595   2.4980   0.0000
    26  85.0385   2.4068   0.0000
    27  92.3043   2.6418   0.0000
    28  93.6100   2.5506   0.0000
    29  93.6100   2.5506   0.0000
    30  98.2658   2.2584   0.0000
    31 101.8858   2.5414   0.0000
    32 102.8070   2.5556   0.0000
    33 106.9170   2.7464   0.0000
    34 106.9170   2.7464   0.0000
    35 107.4609   2.7914   0.0000
    36 111.3628   2.4811   0.0000
    37 111.3628   2.4811   0.0000
    38 113.3422   2.4740   0.0000
    39 114.8804   2.5597   0.0000
    40 117.7874   2.6579   0.0000
    41 119.3661   2.6574   0.0000
    42 119.3661   2.6574   0.0000
    43 119.6733   2.6506   0.0000
    44 121.8228   2.5808   0.0000
    45 125.7521   2.6334   0.0000
    46 125.7521   2.6334   0.0000
    47 126.1838   2.8132   0.0000
    48 135.5692   2.8167   0.0000
    49 139.2087   3.1117   0.0000
    50 139.2087   3.1117   0.0000
    51 140.7532   2.9150   0.0000
    52 141.0132   2.4396   0.0000
    53 144.9710   2.6016   0.0000
    54 144.9710   2.6016   0.0000
    55 146.7994   2.5374   0.0000
    56 154.0509   2.7480   0.0000
    57 161.5480   2.9196   0.0000
    58 161.5480   2.9196   0.0000
    59 162.1425   2.8520   0.0000
    60 162.8468   2.9147   0.0000
  0.375000  0.250000  0.000000
  60
     1 -65.9734  -6.4375   0.0000
     2 -31.3443  -3.9045   0.0000
     3 -31.0545  -3.9209   0.0000
     4 -31.0398  -3.9225   0.0000
     5 -10.1108  -3.1545   0.0000
     6   3.8733  -1.7534   0.0000
     7   7.0826  -1.6482   0.0000
     8   7.5304  -1.6755   0.0000
     9  23.6889   1.2998   0.0000
    10  28.7047   1.3472   0.0000
    11  33.6050   1.7082   0.0000
    12  37.6435   1.8206   0.0000
    13  38.3869   1.8711   0.0000
    14  44.2726   1.9784   0.0000
    15  51.3038   2.2862   0.0000
    16  53.6268   2.3194   0.0000
    17  54.3458   2.3224   0.0000
    18  55.7918   2.0867   0.0000
    19  58.9462   2.1881   0.0000
    20  61.2862   2.1814   0.0000
    21  66.5792   2.2601   0.0000
    22  68.2984   2.2994   0.0000
    23  73.4704   2.4588   0.0000
    24  78.2926   2.6001   0.0000
    25  84.0640   2.4842   0.0000
    26  85.1242   2.4772   0.0000
    27  87.6220   2.5244   0.0000
    28  89.7169   2.5583   0.0000
    29  91.7071   2.6188   0.0000
    30  93.8958   2.3802   0.0000
    31  98.4712   2.4961   0.0000
    32 100.5951   2.5633   0.0000
    33 103.6172   2.5648   0.0000
    34 107.0701   2.7305   0.0000
    35 107.1337   2.5082   0.0000
    36 107.9139   2.5158   0.0000
    37 111.6800   2.6199   0.0000
    38 113.2594   2.6825   0.0000
    39 114.3128   2.7939   0.0000
    40 115.8807   2.7274   0.0000
    41 121.2366   2.6278   0.0000
    42 123.5089   2.6791   0.0000
    43 123.8059   2.5950   0.0000
    44 125.0625   2.6713   0.0000
    45 127.7595   2.8021   0.0000
    46 127.8591   2.6143   0.0000
    47 130.0085   2.6323   0.0000
    48 137.0357   2.8382   0.0000
    49 139.3925   2.9450   0.0000
    50 141.1724   2.8038   0.0000
    51 141.1540   2.6617   0.0000
    52 146.1600   2.7703   0.0000
    53 147.5491   2.8303   0.0000
    54 151.7991   2.8233   0.0000
    55 155.8280   2.7699   0.0000
    56 156.7210   2.9130   0.0000
    57 157.7389   2.7023   0.0000
    58 161.3597   2.8131   0.0000
    59 161.3801   2.6211   0.0000
    60 166.1546   2.9753   0.0000
  0.500000  0.250000  0.000000
  60
     1 -65.9508  -6.4400   0.0000
     2 -31.4280  -3.9003   0.0000
     3 -31.1236  -3.9151   0.0000
     4 -31.0352  -3.9217   0.0000
     5  -9.2681  -3.1748   0.0000
     6   2.9278  -1.7393   0.0000
     7   5.8084  -1.6499   0.0000
     8   7.2943  -1.6806   0.0000
     9  24.6546   1.2587   0.0000
    10  29.6035   1.3972   0.0000
    11  32.9247   1.6775   0.0000
    12  37.9093   1.8406   0.0000
    13  39.9406   1.9595   0.0000
    14  45.4468   2.0950   0.0000
    15  50.7490   2.2893   0.0000
    16  51.9156   2.0558   0.0000
    17  53.5623   2.2070   0.0000
    18  57.2491   2.1587   0.0000
    19  60.1339   2.3497   0.0000
    20  66.2102   2.3477   0.0000
    21  68.1986   2.1425   0.0000
    22  71.3921   2.2952   0.0000
    23  71.8746   2.3379   0.0000
    24  76.6567   2.3594   0.0000
    25  78.7321   2.5915   0.0000
    26  82.4902   2.4825   0.0000
    27  84.1194   2.3564   0.0000
    28  89.4930   2.4864   0.0000
    29  90.0427   2.5056   0.0000
    30  93.9136   2.5801   0.0000
    31  95.4995   2.7770   0.0000
    32  95.3073   2.5360   0.0000
    33 101.0624   2.4668   0.0000
    34 104.6890   2.8027   0.0000
    35 106.1436   2.4412   0.0000
    36 107.0347   2.6838   0.0000
    37 109.3368   2.6485   0.0000
    38 111.9723   2.6227   0.0000
    39 116.3349   2.7878   0.0000
    40 117.3929   2.7096   0.0000
    41 123.2420   2.6470   0.0000
    42 124.5083   2.7608   0.0000
    43 129.7507   2.5761   0.0000
    44 131.1480   2.8221   0.0000
    45 131.9014   3.0162   0.0000
    46 132.9528   2.5675   0.0000
    47 138.3733   2.6235   0.0000
    48 139.4892   2.7283   0.0000
    49 141.0175   2.6671   0.0000
    50 141.6946   2.7202   0.0000
    51 144.1794   2.7171   0.0000
    52 145.7412   2.8814   0.0000
    53 146.0844   2.6739   0.0000
    54 151.4729   2.8627   0.0000
    55 155.4922   2.7862   0.0000
    56 156.2719   2.8862   0.0000
    57 157.6453   2.8892   0.0000
    58 158.3605   2.8049   0.0000
    59 161.2562   2.6778   0.0000
    60 163.3981   2.8950   0.0000
 -0.375000  0.250000  0.000000
  60
     1 -65.9486  -6.4403   0.0000
     2 -31.4241  -3.9021   0.0000
     3 -31.1818  -3.9109   0.0000
     4 -31.0028  -3.9229   0.0000
     5  -9.0652  -3.1844   0.0000
     6   2.9352  -1.7086   0.0000
     7   5.0862  -1.6696   0.0000
     8   7.3538  -1.6755   0.0000
     9  26.0865   1.2695   0.0000
    10  29.0244   1.3835   0.0000
    11  33.5713   1.6891   0.0000
    12  37.7906   1.8444   0.0000
    13  40.7702   1.9827   0.0000
    14  41.7195   1.9431   0.0000
    15  50.6132   2.3074   0.0000
    16  53.3174   2.2140   0.0000
    17  53.8934   2.2619   0.0000
    18  57.8884   2.1563   0.0000
    19  60.9683   2.2486   0.0000
    20  63.8860   2.2982   0.0000
    21  69.4734   2.2906   0.0000
    22  71.8666   2.1515   0.0000
    23  75.1570   2.4248   0.0000
    24  77.5102   2.3609   0.0000
    25  78.6616   2.2819   0.0000
    26  81.4395   2.4798   0.0000
    27  81.9551   2.5632   0.0000
    28  87.8918   2.4675   0.0000
    29  90.2903   2.5065   0.0000
    30  92.6237   2.5600   0.0000
    31  94.7094   2.5201   0.0000
    32  96.0058   2.7581   0.0000
    33  99.0376   2.5596   0.0000
    34 101.5672   2.8114   0.0000
    35 106.8440   2.4239   0.0000
    36 109.4054   2.7458   0.0000
    37 109.6735   2.5310   0.0000
    38 110.6140   2.7952   0.0000
    39 118.1614   2.5984   0.0000
    40 119.9029   2.8261   0.0000
    41 120.9313   2.6774   0.0000
    42 124.6534   2.8084   0.0000
    43 129.8027   2.7929   0.0000
    44 132.6489   2.8072   0.0000
    45 134.0475   2.7219   0.0000
    46 135.3713   2.6696   0.0000
    47 138.4530   2.5820   0.0000
    48 140.7181   2.8085   0.0000
    49 141.3523   2.6249   0.0000
    50 142.6044   2.6473   0.0000
    51 145.0642   2.8472   0.0000
    52 145.5908   2.8094   0.0000
    53 149.1160   2.6562   0.0000
    54 151.2248   2.7407   0.0000
    55 152.6106   2.7994   0.0000
    56 153.3579   2.6979   0.0000
    57 154.7231   2.7204   0.0000
    58 157.7611   2.8550   0.0000
    59 159.3848   2.9201   0.0000
    60 164.6708   2.8013   0.0000
 -0.250000  0.250000  0.000000
  60
     1 -65.9680  -6.4382   0.0000
     2 -31.3886  -3.9057   0.0000
     3 -31.1413  -3.9143   0.0000
     4 -30.9615  -3.9254   0.0000
     5  -9.6773  -3.1651   0.0000
     6   3.6017  -1.7280   0.0000
     7   5.7012  -1.6375   0.0000
     8   7.6917  -1.6644   0.0000
     9  27.3819   1.2999   0.0000
    10  27.4095   1.3086   0.0000
    11  34.1116   1.7047   0.0000
    12  37.3764   1.7914   0.0000
    13  38.0095   1.8695   0.0000
    14  41.8343   2.0253   0.0000
    15  50.2511   2.3027   0.0000
    16  52.4362   2.1919   0.0000
    17  56.1094   2.4341   0.0000
    18  56.3154   2.1380   0.0000
    19  59.1504   2.2161   0.0000
    20  65.2811   2.1406   0.0000
    21  67.8878   2.3383   0.0000
    22  68.2742   2.2765   0.0000
    23  70.0042   2.3115   0.0000
    24  82.4991   2.6086   0.0000
    25  84.1388   2.4665   0.0000
    26  86.3635   2.3863   0.0000
    27  86.8035   2.4980   0.0000
    28  89.6237   2.5314   0.0000
    29  91.0352   2.5052   0.0000
    30  91.6538   2.5496   0.0000
    31  96.3813   2.6209   0.0000
    32  98.0403   2.6496   0.0000
    33  98.4750   2.4945   0.0000
    34 100.2078   2.5817   0.0000
    35 108.9479   2.8499   0.0000
    36 109.3226   2.3431   0.0000
    37 110.7286   2.4944   0.0000
    38 112.9032   2.8536   0.0000
    39 116.6322   2.7447   0.0000
    40 118.4286   2.5195   0.0000
    41 119.7289   2.6996   0.0000
    42 122.6782   2.7483   0.0000
    43 124.2704   2.9011   0.0000
    44 129.2962   2.6574   0.0000
    45 131.5502   2.6601   0.0000
    46 132.1055   2.8228   0.0000
    47 136.2910   2.8836   0.0000
    48 138.5779   2.7098   0.0000
    49 140.9485   2.6007   0.0000
    50 140.9764   2.6011   0.0000
    51 141.0959   2.6534   0.0000
    52 146.8806   2.8854   0.0000
    53 148.3540   2.8812   0.0000
    54 152.9967   2.7781   0.0000
    55 152.8486   2.6043   0.0000
    56 155.4345   2.7335   0.0000
    57 155.6108   2.8825   0.0000
    58 158.3054   2.6958   0.0000
    59 159.2534   2.7006   0.0000
    60 162.1100   2.9556   0.0000
  0.375000  0.375000  0.000000
  60
     1 -65.9541  -6.4395   0.0000
     2 -31.3803  -3.8986   0.0000
     3 -31.0815  -3.9200   0.0000
     4 -31.0815  -3.9200   0.0000
     5  -9.7127  -3.1582   0.0000
     6   3.1773  -1.7819   0.0000
     7   7.2372  -1.6890   0.0000
     8   7.2372  -1.6890   0.0000
     9  21.9086   1.2890   0.0000
    10  29.4370   1.4583   0.0000
    11  32.6381   1.6378   0.0000
    12  39.8621   1.9469   0.0000
    13  39.8621   1.9469   0.0000
    14  45.7048   1.9625   0.0000
    15  53.0326   2.2576   0.0000
    16  54.0493   2.3087   0.0000
    17  54.0493   2.3087   0.0000
    18  59.6086   2.0291   0.0000
    19  60.4318   2.1170   0.0000
    20  60.4318   2.1170   0.0000
    21  61.7136   2.2254   0.0000
    22  66.5517   2.3555   0.0000
    23  75.8864   2.5935   0.0000
    24  75.8864   2.5935   0.0000
    25  84.1732   2.5924   0.0000
    26  84.1732   2.5924   0.0000
    27  83.9275   2.2213   0.0000
    28  87.4883   2.4093   0.0000
    29  88.0997   2.5135   0.0000
    30  90.0286   2.6381   0.0000
    31 101.3048   2.5421   0.0000
    32 104.1248   2.6553   0.0000
    33 104.8939   2.4005   0.0000
    34 104.8939   2.4005   0.0000
    35 106.7501   2.8476   0.0000
    36 107.6887   2.5864   0.0000
    37 111.5739   2.3780   0.0000
    38 112.1745   2.6345   0.0000
    39 117.2312   2.6331   0.0000
    40 117.2312   2.6331   0.0000
    41 119.2808   2.9881   0.0000
    42 119.2808   2.9881   0.0000
    43 119.5989   2.5629   0.0000
    44 123.3687   2.6208   0.0000
    45 131.3510   2.6828   0.0000
    46 131.3510   2.6828   0.0000
    47 133.6688   2.7283   0.0000
    48 142.0670   2.9808   0.0000
    49 142.0670   2.9808   0.0000
    50 144.5743   2.8540   0.0000
    51 144.8027   2.7628   0.0000
    52 150.3468   2.4743   0.0000
    53 153.9641   2.8382   0.0000
    54 153.9641   2.8382   0.0000
    55 155.2643   2.9152   0.0000
    56 155.4214   2.6796   0.0000
    57 155.4214   2.6796   0.0000
    58 156.6388   2.5686   0.0000
    59 165.5151   3.0244   0.0000
    60 166.0225   2.8919   0.0000
  0.500000  0.375000  0.000000
  60
     1 -65.9388  -6.4412   0.0000
     2 -31.4058  -3.8959   0.0000
     3 -31.1424  -3.9163   0.0000
     4 -31.0881  -3.9192   0.0000
     5  -9.2331  -3.1687   0.0000
     6   2.8158  -1.7826   0.0000
     7   6.3016  -1.6616   0.0000
     8   7.0703  -1.6948   0.0000
     9  22.3418   1.2451   0.0000
    10  30.2166   1.5436   0.0000
    11  31.8095   1.5518   0.0000
    12  40.3563   1.9852   0.0000
    13  40.7362   2.0115   0.0000
    14  47.8329   2.0638   0.0000
    15  51.0968   2.0766   0.0000
    16  52.2834   2.1992   0.0000
    17  53.6909   2.2671   0.0000
    18  60.0234   2.0720   0.0000
    19  61.1839   2.3103   0.0000
    20  63.8775   2.1070   0.0000
    21  67.2680   2.0964   0.0000
    22  69.5281   2.4206   0.0000
    23  70.6789   2.4792   0.0000
    24  73.7558   2.5742   0.0000
    25  77.2424   2.3769   0.0000
    26  81.5340   2.3490   0.0000
    27  82.1403   2.6218   0.0000
    28  89.7415   2.6197   0.0000
    29  90.6507   2.5099   0.0000
    30  91.9383   2.5206   0.0000
    31  95.4741   2.5094   0.0000
    32  99.6408   2.5562   0.0000
    33 104.1055   2.3558   0.0000
    34 104.9222   3.0191   0.0000
    35 106.0094   2.6149   0.0000
    36 106.5936   2.5247   0.0000
    37 106.7644   2.4896   0.0000
    38 110.3691   2.5844   0.0000
    39 116.3440   2.5183   0.0000
    40 121.2695   2.8121   0.0000
    41 121.8906   3.0935   0.0000
    42 123.0625   2.6766   0.0000
    43 125.3850   2.7597   0.0000
    44 128.4977   2.6342   0.0000
    45 133.3446   2.6704   0.0000
    46 135.5045   2.7076   0.0000
    47 138.6395   2.9092   0.0000
    48 141.5445   2.7397   0.0000
    49 143.0458   2.7075   0.0000
    50 145.4552   2.7686   0.0000
    51 146.4880   2.8112   0.0000
    52 149.1025   2.8307   0.0000
    53 149.6517   2.6339   0.0000
    54 151.3257   2.6034   0.0000
    55 155.5651   2.8040   0.0000
    56 156.7177   2.9432   0.0000
    57 157.1767   2.9525   0.0000
    58 161.1707   2.7949   0.0000
    59 162.4363   2.9558   0.0000
    60 163.2880   2.6605   0.0000
 -0.375000  0.375000  0.000000
  60
     1 -65.9365  -6.4415   0.0000
     2 -31.3420  -3.8994   0.0000
     3 -31.2665  -3.9103   0.0000
     4 -31.0556  -3.9204   0.0000
     5  -8.9636  -3.1805   0.0000
     6   3.3486  -1.7437   0.0000
     7   4.6288  -1.6579   0.0000
     8   7.1131  -1.6892   0.0000
     9  24.3788   1.2632   0.0000
    10  30.3205   1.4243   0.0000
    11  31.9395   1.6378   0.0000
    12  39.5356   1.9522   0.0000
    13  40.2398   1.9752   0.0000
    14  45.0213   1.9616   0.0000
    15  51.4980   2.1830   0.0000
    16  52.7737   2.2430   0.0000
    17  52.9872   2.3278   0.0000
    18  60.2255   2.0471   0.0000
    19  63.7603   2.2401   0.0000
    20  63.9207   2.3037   0.0000
    21  69.9376   2.2186   0.0000
    22  70.4628   2.3177   0.0000
    23  73.0822   2.5602   0.0000
    24  72.8929   2.3284   0.0000
    25  78.5424   2.2897   0.0000
    26  80.1407   2.2721   0.0000
    27  80.9690   2.5931   0.0000
    28  83.5586   2.3917   0.0000
    29  91.6292   2.6566   0.0000
    30  93.4207   2.6078   0.0000
    31  94.7578   2.5356   0.0000
    32  96.5580   2.6330   0.0000
    33 100.9959   2.4630   0.0000
    34 102.5400   3.0712   0.0000
    35 104.7878   2.3414   0.0000
    36 106.4666   2.4786   0.0000
    37 108.5879   2.6884   0.0000
    38 108.6638   2.7503   0.0000
    39 121.7786   2.5964   0.0000
    40 122.7135   3.0526   0.0000
    41 123.0388   2.8589   0.0000
    42 129.1315   2.4818   0.0000
    43 131.5027   2.6995   0.0000
    44 132.3560   2.6845   0.0000
    45 133.8209   2.8451   0.0000
    46 136.6097   2.6884   0.0000
    47 137.5944   2.6742   0.0000
    48 139.1767   2.7352   0.0000
    49 140.2177   2.6569   0.0000
    50 140.7855   2.7744   0.0000
    51 144.6937   2.8164   0.0000
    52 148.5243   2.7883   0.0000
    53 149.0183   2.7989   0.0000
    54 150.0971   2.6072   0.0000
    55 150.1500   2.6064   0.0000
    56 155.5822   2.9042   0.0000
    57 159.0706   2.9257   0.0000
    58 159.8068   2.8495   0.0000
    59 161.2580   2.8204   0.0000
    60 162.4394   2.9703   0.0000
  0.500000  0.500000  0.000000
  60
     1 -65.9339  -6.4417   0.0000
     2 -31.4358  -3.8928   0.0000
     3 -31.1099  -3.9181   0.0000
     4 -31.1099  -3.9181   0.0000
     5  -9.2076  -3.1674   0.0000
     6   2.4773  -1.8019   0.0000
     7   6.9826  -1.7006   0.0000
     8   6.9826  -1.7006   0.0000
     9  21.1374   1.2590   0.0000
    10  29.7155   1.5875   0.0000
    11  32.2213   1.5367   0.0000
    12  41.5429   2.0678   0.0000
    13  41.5429   2.0678   0.0000
    14  47.9165   2.0122   0.0000
    15  51.6140   2.1695   0.0000
    16  53.8306   2.1442   0.0000
    17  53.8306   2.1442   0.0000
    18  57.9837   2.1700   0.0000
    19  62.4401   2.0979   0.0000
    20  62.4401   2.0979   0.0000
    21  68.8617   2.4750   0.0000
    22  70.6282   2.0501   0.0000
    23  71.6774   2.5950   0.0000
    24  71.6774   2.5950   0.0000
    25  71.4545   2.1991   0.0000
    26  82.2644   2.6723   0.0000
    27  82.2644   2.6723   0.0000
    28  88.3895   2.5886   0.0000
    29  88.8319   2.4429   0.0000
    30  94.3769   2.4597   0.0000
    31 100.7586   2.5371   0.0000
    32 103.2052   2.9537   0.0000
    33 103.2688   2.3392   0.0000
    34 103.2688   2.3392   0.0000
    35 104.8331   2.5614   0.0000
    36 106.0422   2.6276   0.0000
    37 106.1949   2.6194   0.0000
    38 110.8595   2.3729   0.0000
    39 116.5041   2.6254   0.0000
    40 116.5041   2.6254   0.0000
    41 118.8520   2.5578   0.0000
    42 123.2482   3.2048   0.0000
    43 123.2482   3.2048   0.0000
    44 126.4248   2.6700   0.0000
    45 139.2544   2.7504   0.0000
    46 139.2544   2.7504   0.0000
    47 140.2155   2.6217   0.0000
    48 143.0238   2.7120   0.0000
    49 143.0238   2.7120   0.0000
    50 147.3306   2.7497   0.0000
    51 147.3306   2.7497   0.0000
    52 150.4858   2.7565   0.0000
    53 151.2459   2.9058   0.0000
    54 154.9193   2.7565   0.0000
    55 156.5075   2.9638   0.0000
    56 158.1414   2.8795   0.0000
    57 158.5770   3.1175   0.0000
    58 158.5770   3.1175   0.0000
    59 160.0899   2.3600   0.0000
    60 162.9044   2.7048   0.0000
  0.375000  0.250000  0.125000
  60
     1 -65.9928  -6.4354   0.0000
     2 -31.3044  -3.9096   0.0000
     3 -31.0509  -3.9216   0.0000
     4 -30.9692  -3.9260   0.0000
     5 -10.5715  -3.1512   0.0000
     6   4.6094  -1.7317   0.0000
     7   7.1663  -1.6298   0.0000
     8   7.9139  -1.6588   0.0000
     9  25.5433   1.3295   0.0000
    10  27.5535   1.2756   0.0000
    11  34.4879   1.7153   0.0000
    12  35.9667   1.7514   0.0000
    13  37.3014   1.8334   0.0000
    14  42.3968   1.9629   0.0000
    15  49.4301   2.1754   0.0000
    16  51.8194   2.2961   0.0000
    17  54.9378   2.2257   0.0000
    18  55.4439   2.4079   0.0000
    19  58.5449   2.1986   0.0000
    20  63.1108   2.2119   0.0000
    21  65.9567   2.2561   0.0000
    22  71.1314   2.4140   0.0000
    23  73.3110   2.3906   0.0000
    24  77.7950   2.4160   0.0000
    25  83.6288   2.6037   0.0000
    26  88.4406   2.5768   0.0000
    27  90.8100   2.5825   0.0000
    28  91.9309   2.5353   0.0000
    29  93.2547   2.5589   0.0000
    30  98.9730   2.5505   0.0000
    31 100.4019   2.4304   0.0000
    32 101.9463   2.4068   0.0000
    33 102.4383   2.5547   0.0000
    34 102.9933   2.6258   0.0000
    35 103.9354   2.4483   0.0000
    36 108.3502   2.7087   0.0000
    37 110.3075   2.7364   0.0000
    38 111.8623   2.7402   0.0000
    39 117.1179   2.5378   0.0000
    40 119.5662   2.6900   0.0000
    41 121.5526   2.7336   0.0000
    42 122.3398   2.7762   0.0000
    43 122.9291   2.5849   0.0000
    44 123.9546   2.6855   0.0000
    45 124.3786   2.5438   0.0000
    46 129.5029   2.7107   0.0000
    47 130.2026   2.6311   0.0000
    48 135.1488   2.7670   0.0000
    49 137.4356   2.6937   0.0000
    50 138.0886   2.9458   0.0000
    51 139.1150   2.9301   0.0000
    52 145.5971   2.7982   0.0000
    53 146.1416   2.5513   0.0000
    54 149.7435   2.6762   0.0000
    55 151.7868   2.7334   0.0000
    56 154.0437   2.8368   0.0000
    57 157.0261   2.9124   0.0000
    58 160.5568   2.9542   0.0000
    59 161.2183   2.8537   0.0000
    60 163.3090   2.7318   0.0000
  0.500000  0.250000  0.125000
  60
     1 -65.9630  -6.4387   0.0000
     2 -31.4192  -3.9028   0.0000
     3 -31.1042  -3.9166   0.0000
     4 -30.9958  -3.9236   0.0000
     5  -9.5563  -3.1680   0.0000
     6   3.1937  -1.7338   0.0000
     7   6.1336  -1.6424   0.0000
     8   7.4285  -1.6658   0.0000
     9  25.7399   1.2595   0.0000
    10  28.6502   1.3636   0.0000
    11  33.7663   1.7013   0.0000
    12  37.0872   1.8067   0.0000
    13  39.1238   1.8994   0.0000
    14  43.4062   2.0534   0.0000
    15  49.8230   2.2644   0.0000
    16  52.8902   2.1322   0.0000
    17  54.9630   2.3260   0.0000
    18  57.1509   2.1654   0.0000
    19  58.3692   2.2861   0.0000
    20  64.8814   2.2037   0.0000
    21  67.2891   2.2510   0.0000
    22  68.7910   2.3252   0.0000
    23  74.0552   2.4052   0.0000
    24  79.4489   2.4683   0.0000
    25  81.1925   2.3886   0.0000
    26  84.1542   2.4511   0.0000
    27  86.4520   2.4705   0.0000
    28  90.0514   2.6045   0.0000
    29  92.1138   2.4816   0.0000
    30  93.3565   2.6340   0.0000
    31  95.5967   2.6960   0.0000
    32  98.3632   2.4571   0.0000
    33  99.6641   2.4961   0.0000
    34 101.8361   2.5863   0.0000
    35 102.6782   2.5474   0.0000
    36 109.1459   2.7565   0.0000
    37 111.2797   2.7609   0.0000
    38 114.6699   2.6050   0.0000
    39 116.4806   2.7627   0.0000
    40 120.2934   2.6766   0.0000
    41 121.8789   2.6122   0.0000
    42 122.7347   2.6223   0.0000
    43 125.3115   2.7077   0.0000
    44 128.7263   2.8155   0.0000
    45 128.7280   2.7204   0.0000
    46 131.4596   2.6828   0.0000
    47 134.2263   2.7349   0.0000
    48 140.0666   2.8019   0.0000
    49 140.3685   2.7240   0.0000
    50 142.9254   2.8045   0.0000
    51 145.4981   2.6296   0.0000
    52 147.0195   2.6929   0.0000
    53 148.3602   2.7401   0.0000
    54 148.9828   2.9194   0.0000
    55 152.3928   2.7363   0.0000
    56 154.6120   2.8228   0.0000
    57 157.5976   2.8368   0.0000
    58 160.5914   2.7113   0.0000
    59 161.6127   2.9253   0.0000
    60 164.7067   2.6764   0.0000
 -0.375000  0.250000  0.125000
  60
     1 -65.9506  -6.4401   0.0000
     2 -31.4681  -3.9000   0.0000
     3 -31.1168  -3.9146   0.0000
     4 -31.0136  -3.9225   0.0000
     5  -9.0732  -3.1866   0.0000
     6   2.5176  -1.7181   0.0000
     7   5.7613  -1.6588   0.0000
     8   7.2246  -1.6699   0.0000
     9  25.8919   1.2316   0.0000
    10  29.1230   1.4188   0.0000
    11  33.7338   1.6953   0.0000
    12  37.0516   1.8118   0.0000
    13  40.8621   1.9539   0.0000
    14  43.1318   2.0690   0.0000
    15  49.6977   2.2611   0.0000
    16  52.7774   2.1183   0.0000
    17  53.9685   2.2109   0.0000
    18  56.8393   2.1729   0.0000
    19  61.5888   2.3577   0.0000
    20  62.4243   2.3021   0.0000
    21  72.0950   2.3361   0.0000
    22  71.9866   2.1376   0.0000
    23  75.1725   2.2924   0.0000
    24  77.0286   2.3744   0.0000
    25  79.3327   2.5232   0.0000
    26  79.8994   2.4370   0.0000
    27  84.3332   2.4108   0.0000
    28  86.4540   2.4180   0.0000
    29  90.1694   2.5838   0.0000
    30  92.9861   2.6695   0.0000
    31  95.0959   2.6701   0.0000
    32  98.8585   2.6607   0.0000
    33  99.0340   2.4605   0.0000
    34 101.1112   2.5872   0.0000
    35 103.4604   2.6349   0.0000
    36 107.3721   2.7068   0.0000
    37 112.8393   2.8303   0.0000
    38 113.4448   2.6128   0.0000
    39 118.1341   2.7167   0.0000
    40 118.3741   2.6971   0.0000
    41 121.0219   2.5880   0.0000
    42 121.8513   2.5207   0.0000
    43 128.9298   2.8558   0.0000
    44 130.2216   2.8505   0.0000
    45 134.2283   2.7473   0.0000
    46 136.6696   2.8276   0.0000
    47 137.6725   2.8524   0.0000
    48 140.1781   2.6439   0.0000
    49 142.0134   2.5891   0.0000
    50 143.3653   2.6679   0.0000
    51 146.7058   2.7822   0.0000
    52 146.8095   2.5958   0.0000
    53 149.2845   2.7582   0.0000
    54 151.1633   2.8109   0.0000
    55 152.7251   2.7937   0.0000
    56 154.2117   2.7825   0.0000
    57 156.8679   2.7911   0.0000
    58 157.2389   2.8955   0.0000
    59 158.5163   2.7149   0.0000
    60 158.7416   2.7823   0.0000
  0.500000  0.375000  0.125000
  60
     1 -65.9510  -6.4399   0.0000
     2 -31.3826  -3.9004   0.0000
     3 -31.1256  -3.9162   0.0000
     4 -31.0668  -3.9205   0.0000
     5  -9.4540  -3.1656   0.0000
     6   3.2567  -1.7614   0.0000
     7   6.2885  -1.6473   0.0000
     8   6.9957  -1.6747   0.0000
     9  23.8051   1.2569   0.0000
    10  29.5524   1.3992   0.0000
    11  32.4036   1.6607   0.0000
    12  38.6121   1.9002   0.0000
    13  40.0496   1.9417   0.0000
    14  45.6291   2.0526   0.0000
    15  51.5571   2.1366   0.0000
    16  53.5801   2.2799   0.0000
    17  53.6466   2.3322   0.0000
    18  57.8931   2.0255   0.0000
    19  59.2108   2.2567   0.0000
    20  64.8171   2.1227   0.0000
    21  65.6967   2.3060   0.0000
    22  71.0500   2.3180   0.0000
    23  72.4630   2.4462   0.0000
    24  74.6266   2.5228   0.0000
    25  79.2152   2.4320   0.0000
    26  81.7397   2.4594   0.0000
    27  88.7792   2.5106   0.0000
    28  88.6433   2.2978   0.0000
    29  91.8942   2.7119   0.0000
    30  92.0231   2.6622   0.0000
    31  96.0072   2.4223   0.0000
    32  97.8224   2.5777   0.0000
    33  99.9347   2.5554   0.0000
    34 100.1249   2.4771   0.0000
    35 105.4494   2.6618   0.0000
    36 107.5479   2.8765   0.0000
    37 115.1518   2.5630   0.0000
    38 115.7001   2.7946   0.0000
    39 118.5172   2.6461   0.0000
    40 119.5791   2.4986   0.0000
    41 121.2777   2.6557   0.0000
    42 121.4830   2.7911   0.0000
    43 123.9960   2.7249   0.0000
    44 127.7768   2.6924   0.0000
    45 129.7437   2.6181   0.0000
    46 133.6274   2.9917   0.0000
    47 135.5234   2.6021   0.0000
    48 138.6449   2.6769   0.0000
    49 141.7910   2.7235   0.0000
    50 142.0895   2.9060   0.0000
    51 143.5064   2.7987   0.0000
    52 147.2134   2.7096   0.0000
    53 150.1225   2.8790   0.0000
    54 152.1457   2.8329   0.0000
    55 155.3997   2.9308   0.0000
    56 155.5528   2.5163   0.0000
    57 160.8887   2.8142   0.0000
    58 161.7395   2.9196   0.0000
    59 163.0438   2.6913   0.0000
    60 164.5426   2.7761   0.0000
 -0.375000  0.375000  0.125000
  60
     1 -65.9386  -6.4413   0.0000
     2 -31.3626  -3.9014   0.0000
     3 -31.2121  -3.9099   0.0000
     4 -31.0804  -3.9197   0.0000
     5  -8.9870  -3.1804   0.0000
     6   3.3493  -1.7278   0.0000
     7   4.9462  -1.6658   0.0000
     8   6.7317  -1.6737   0.0000
     9  25.4315   1.2673   0.0000
    10  29.3061   1.3832   0.0000
    11  32.3965   1.6578   0.0000
    12  37.9220   1.8808   0.0000
    13  41.4093   2.0005   0.0000
    14  44.5970   2.0554   0.0000
    15  51.1231   2.1284   0.0000
    16  53.2693   2.2881   0.0000
    17  53.9494   2.3027   0.0000
    18  57.8980   2.0133   0.0000
    19  62.7491   2.2980   0.0000
    20  66.2400   2.3221   0.0000
    21  68.2741   2.2774   0.0000
    22  70.1877   2.2790   0.0000
    23  73.6163   2.4891   0.0000
    24  76.1267   2.3288   0.0000
    25  76.7310   2.3327   0.0000
    26  79.3692   2.4451   0.0000
    27  84.0036   2.3772   0.0000
    28  85.9100   2.2985   0.0000
    29  90.9575   2.4632   0.0000
    30  92.5393   2.5245   0.0000
    31  93.0790   2.7531   0.0000
    32  96.3231   2.5950   0.0000
    33  97.3832   2.6522   0.0000
    34 100.1066   2.6525   0.0000
    35 103.3515   2.9086   0.0000
    36 107.3703   2.6997   0.0000
    37 113.4189   2.6076   0.0000
    38 116.7405   2.5774   0.0000
    39 119.1053   2.5636   0.0000
    40 121.8792   2.8668   0.0000
    41 124.9093   2.8191   0.0000
    42 128.5211   2.6694   0.0000
    43 129.0522   2.6551   0.0000
    44 130.1326   2.6850   0.0000
    45 132.2874   2.6334   0.0000
    46 133.7222   2.8177   0.0000
    47 137.9589   2.7658   0.0000
    48 138.5275   2.6632   0.0000
    49 140.5103   2.8059   0.0000
    50 141.8614   2.6884   0.0000
    51 145.5796   2.6435   0.0000
    52 146.0178   2.7833   0.0000
    53 149.4334   2.7699   0.0000
    54 151.3123   2.7914   0.0000
    55 152.7208   2.7711   0.0000
    56 155.0801   2.8858   0.0000
    57 157.8104   2.8723   0.0000
    58 161.6423   2.8239   0.0000
    59 162.4312   2.7999   0.0000
    60 162.9718   2.9478   0.0000
 -0.250000  0.375000  0.125000
  60
     1 -65.9436  -6.4408   0.0000
     2 -31.3574  -3.9048   0.0000
     3 -31.2331  -3.9074   0.0000
     4 -31.0420  -3.9212   0.0000
     5  -9.0338  -3.1812   0.0000
     6   3.5650  -1.7039   0.0000
     7   4.5887  -1.6786   0.0000
     8   6.9527  -1.6705   0.0000
     9  27.3260   1.3193   0.0000
    10  27.6347   1.3171   0.0000
    11  33.1697   1.6804   0.0000
    12  37.6603   1.8718   0.0000
    13  41.3247   1.9346   0.0000
    14  42.2339   2.0161   0.0000
    15  52.1254   2.1912   0.0000
    16  52.8494   2.3407   0.0000
    17  54.0507   2.3009   0.0000
    18  58.6690   2.0467   0.0000
    19  60.2449   2.2471   0.0000
    20  67.1568   2.3116   0.0000
    21  67.9018   2.3300   0.0000
    22  70.5838   2.1472   0.0000
    23  72.7136   2.4559   0.0000
    24  76.3690   2.3691   0.0000
    25  79.3717   2.5156   0.0000
    26  82.7754   2.2771   0.0000
    27  84.6603   2.4077   0.0000
    28  85.8091   2.4018   0.0000
    29  86.3997   2.4194   0.0000
    30  93.7495   2.6916   0.0000
    31  95.1836   2.7715   0.0000
    32  96.6279   2.3733   0.0000
    33  97.3424   2.5679   0.0000
    34  99.7128   2.8979   0.0000
    35 101.7938   2.6536   0.0000
    36 108.2020   2.7675   0.0000
    37 112.9704   2.7412   0.0000
    38 116.8994   2.5290   0.0000
    39 120.3936   2.4610   0.0000
    40 122.3267   2.8642   0.0000
    41 124.7881   2.8110   0.0000
    42 125.9649   2.8758   0.0000
    43 127.4703   2.6717   0.0000
    44 131.3073   2.6478   0.0000
    45 131.9638   2.6073   0.0000
    46 134.3042   2.6850   0.0000
    47 134.6694   2.6935   0.0000
    48 139.2092   2.6981   0.0000
    49 140.5401   2.6598   0.0000
    50 141.7740   2.8001   0.0000
    51 144.7210   2.8281   0.0000
    52 145.4024   2.8292   0.0000
    53 151.5964   2.8344   0.0000
    54 153.2279   2.7564   0.0000
    55 154.2830   2.7729   0.0000
    56 156.4079   2.6974   0.0000
    57 157.2824   2.7076   0.0000
    58 159.0698   2.8174   0.0000
    59 160.2803   2.8197   0.0000
    60 161.9498   2.9493   0.0000
 -0.375000  0.500000  0.125000
  60
     1 -65.9337  -6.4418   0.0000
     2 -31.3874  -3.8962   0.0000
     3 -31.1569  -3.9141   0.0000
     4 -31.1253  -3.9185   0.0000
     5  -9.0431  -3.1742   0.0000
     6   2.9182  -1.7714   0.0000
     7   5.9723  -1.6566   0.0000
     8   6.5566  -1.6810   0.0000
     9  23.1834   1.2296   0.0000
    10  30.8573   1.6131   0.0000
    11  31.0422   1.4669   0.0000
    12  39.2840   1.9451   0.0000
    13  41.9049   2.0714   0.0000
    14  47.8853   2.0852   0.0000
    15  49.4468   2.0762   0.0000
    16  52.5621   2.2366   0.0000
    17  54.5045   2.1875   0.0000
    18  60.1245   2.0268   0.0000
    19  62.5013   2.3268   0.0000
    20  65.1468   2.1425   0.0000
    21  67.6672   2.3207   0.0000
    22  70.4551   2.5203   0.0000
    23  72.1003   2.3887   0.0000
    24  73.2719   2.3806   0.0000
    25  75.3296   2.2454   0.0000
    26  79.6472   2.5422   0.0000
    27  80.2827   2.4035   0.0000
    28  90.3263   2.6576   0.0000
    29  92.7448   2.3802   0.0000
    30  93.5531   2.6888   0.0000
    31  94.1879   2.3582   0.0000
    32  95.3750   2.5441   0.0000
    33  99.4228   2.4752   0.0000
    34  99.5778   2.5660   0.0000
    35 103.3533   3.1198   0.0000
    36 107.0944   2.6785   0.0000
    37 114.9206   2.5002   0.0000
    38 115.4708   2.4315   0.0000
    39 116.8415   2.5128   0.0000
    40 120.0884   2.7982   0.0000
    41 122.7941   2.8904   0.0000
    42 124.7458   3.1018   0.0000
    43 124.2803   2.5837   0.0000
    44 134.5183   2.7162   0.0000
    45 135.2123   2.7473   0.0000
    46 138.2790   2.8653   0.0000
    47 138.2798   2.6288   0.0000
    48 139.2070   2.6846   0.0000
    49 142.6394   2.7857   0.0000
    50 143.2120   2.6263   0.0000
    51 144.2740   2.7393   0.0000
    52 148.3500   2.8581   0.0000
    53 149.5467   2.5479   0.0000
    54 151.1412   2.7606   0.0000
    55 154.7685   2.7599   0.0000
    56 156.9708   2.9264   0.0000
    57 157.2140   2.9559   0.0000
    58 158.4719   3.0640   0.0000
    59 159.8306   2.7949   0.0000
    60 162.5038   2.8910   0.0000
 -0.250000  0.500000  0.250000
  60
     1 -65.9336  -6.4418   0.0000
     2 -31.2715  -3.9048   0.0000
     3 -31.2715  -3.9048   0.0000
     4 -31.1407  -3.9189   0.0000
     5  -8.8732  -3.1821   0.0000
     6   4.1959  -1.6978   0.0000
     7   4.1959  -1.6978   0.0000
     8   6.1367  -1.6638   0.0000
     9  27.4901   1.3169   0.0000
    10  27.4901   1.3169   0.0000
    11  32.5198   1.6632   0.0000
    12  36.9639   1.8425   0.0000
    13  43.5284   2.0785   0.0000
    14  43.5284   2.0785   0.0000
    15  50.3230   2.0999   0.0000
    16  53.8243   2.3129   0.0000
    17  55.8421   2.3675   0.0000
    18  57.6881   1.8299   0.0000
    19  64.8490   2.3271   0.0000
    20  64.8490   2.3271   0.0000
    21  69.3460   2.4588   0.0000
    22  69.6222   2.3346   0.0000
    23  69.6222   2.3346   0.0000
    24  77.3207   2.4372   0.0000
    25  81.5759   2.2451   0.0000
    26  81.5759   2.2451   0.0000
    27  82.8980   2.3425   0.0000
    28  83.2629   2.2871   0.0000
    29  87.7061   2.4760   0.0000
    30  87.7061   2.4760   0.0000
    31  93.6557   2.8462   0.0000
    32  93.8758   2.4900   0.0000
    33  99.2473   2.5709   0.0000
    34 100.2986   2.9528   0.0000
    35 100.2986   2.9528   0.0000
    36 108.3977   2.7270   0.0000
    37 117.7824   2.5452   0.0000
    38 117.7824   2.5452   0.0000
    39 119.8968   2.8676   0.0000
    40 127.4395   2.6234   0.0000
    41 127.4395   2.6234   0.0000
    42 129.1876   2.6597   0.0000
    43 130.8067   2.6388   0.0000
    44 130.8538   2.4704   0.0000
    45 132.3091   2.8533   0.0000
    46 132.3091   2.8533   0.0000
    47 132.4861   2.8185   0.0000
    48 132.9998   2.7341   0.0000
    49 142.1588   2.7263   0.0000
    50 142.1588   2.7263   0.0000
    51 145.2536   2.7204   0.0000
    52 146.5433   2.8021   0.0000
    53 146.7115   2.7766   0.0000
    54 154.8216   2.6820   0.0000
    55 154.8216   2.6820   0.0000
    56 154.9725   2.7603   0.0000
    57 157.8326   3.0523   0.0000
    58 158.6910   2.9780   0.0000
    59 158.6910   2.9780   0.0000
    60 166.4761   2.8850   0.0000
